gaze_x,gaze_y,status,timestamp
430.7,256.61249999999995,1,0.0
433.02,254.6625,1,0.0019999999999527063
432.58000000000004,255.45,1,0.0039999999999054126
433.02,254.6625,1,0.006000000000312866
432.98,255.225,1,0.008000000000265572
433.06,256.425,1,0.010000000000218279
433.14,255.4875,1,0.012000000000170985
432.86,256.5,1,0.014000000000123691
433.74,257.925,1,0.016000000000076398
433.14,258.29999999999995,1,0.018000000000029104
433.06,258.6,1,0.01999999999998181
433.14,258.75,1,0.021999999999934516
432.9,259.875,1,0.02400000000034197
433.06,259.2,1,0.026000000000294676
433.38,259.95000000000005,1,0.028000000000247383
433.26,260.175,1,0.03000000000020009
433.46,260.8125,1,0.032000000000152795
433.22,260.54999999999995,1,0.0340000000001055
433.62,260.25,1,0.03600000000005821
433.70000000000005,260.9625,1,0.038000000000010914
433.26,260.85,1,0.03999999999996362
433.65999999999997,260.625,1,0.041999999999916326
433.26,260.625,1,0.04400000000032378
433.9,260.3625,1,0.046000000000276486
434.1,259.65,1,0.04800000000022919
433.62,258.9375,1,0.0500000000001819
433.9,259.65,1,0.052000000000134605
433.46,258.48749999999995,1,0.05400000000008731
433.65999999999997,257.775,1,0.05600000000004002
433.98,257.2125,1,0.057999999999992724
434.1,257.2875,1,0.05999999999994543
434.14,256.6875,1,0.06199999999989814
433.98,256.725,1,0.06400000000030559
434.3,255.4875,1,0.0660000000002583
434.1,255.375,1,0.068000000000211
434.65999999999997,255.8625,1,0.07000000000016371
433.86,255.52499999999998,1,0.07200000000011642
434.22,255.45000000000002,1,0.07400000000006912
434.22,255.26250000000002,1,0.07600000000002183
434.9,255.07500000000002,1,0.07799999999997453
434.26,254.925,1,0.07999999999992724
435.02,256.125,1,0.0820000000003347
434.26,255.33749999999998,1,0.0840000000002874
434.38,255.82500000000002,1,0.0860000000002401
434.02,256.5375,1,0.08800000000019281
434.41999999999996,255.9,1,0.09000000000014552
434.34000000000003,256.4625,1,0.09200000000009823
434.22,256.9875,1,0.09400000000005093
434.38,257.5125,1,0.09600000000000364
434.38,257.5875,1,0.09799999999995634
434.34000000000003,257.4,1,0.09999999999990905
434.22,258.3,1,0.1020000000003165
433.94,258.3375,1,0.10400000000026921
434.14,258.7125,1,0.10600000000022192
434.38,259.0875,1,0.10800000000017462
434.1,258.9,1,0.11000000000012733
434.3,259.23749999999995,1,0.11200000000008004
433.94,258.975,1,0.11400000000003274
434.22,258.5625,1,0.11599999999998545
433.78,259.35,1,0.11799999999993815
433.78,259.3125,1,0.12000000000034561
434.06,259.1625,1,0.12200000000029831
434.1,259.275,1,0.12400000000025102
434.14,259.01250000000005,1,0.12600000000020373
433.98,259.875,1,0.12800000000015643
434.41999999999996,259.2,1,0.13000000000010914
434.22,259.05,1,0.13200000000006185
434.3,259.0875,1,0.13400000000001455
434.18,258.63750000000005,1,0.13599999999996726
433.86,258.5625,1,0.13799999999991996
434.14,258.0375,1,0.14000000000032742
434.22,258.11249999999995,1,0.14200000000028012
433.94,258.0,1,0.14400000000023283
434.14,257.7,1,0.14600000000018554
434.14,257.475,1,0.14800000000013824
434.1,258.3375,1,0.15000000000009095
433.78,258.0,1,0.15200000000004366
434.02,257.32500000000005,1,0.15399999999999636
434.18,257.475,1,0.15599999999994907
434.42,256.425,1,0.15799999999990177
433.98,256.7625,1,0.16000000000030923
434.29999999999995,257.025,1,0.16200000000026193
433.94,257.1,1,0.16400000000021464
434.14,257.3625,1,0.16600000000016735
434.18,258.11249999999995,1,0.16800000000012005
434.70000000000005,258.15,1,0.17000000000007276
436.46000000000004,258.9375,1,0.17200000000002547
439.22,260.5125,1,0.17399999999997817
444.02,262.65,1,0.17599999999993088
449.38,264.0,1,0.17800000000033833
455.14,266.1,1,0.18000000000029104
461.78,270.0375,1,0.18200000000024374
468.34000000000003,273.11249999999995,1,0.18400000000019645
474.1,276.45,1,0.18600000000014916
479.02,281.3625,1,0.18800000000010186
483.3,284.5125,1,0.19000000000005457
487.62,287.325,1,0.19200000000000728
491.46000000000004,292.275,1,0.19399999999995998
494.5,296.9625,1,0.1959999999999127
496.65999999999997,301.575,1,0.19800000000032014
498.58,303.975,1,0.20000000000027285
498.82,305.32500000000005,1,0.20200000000022555
497.98,306.2625,1,0.20400000000017826
498.38,306.525,1,0.20600000000013097
498.41999999999996,306.975,1,0.20800000000008367
497.53999999999996,307.0875,1,0.21000000000003638
497.34000000000003,307.125,1,0.21199999999998909
497.29999999999995,306.75,1,0.2139999999999418
496.82,306.3375,1,0.21600000000034925
496.58,306.11249999999995,1,0.21800000000030195
496.78,306.45000000000005,1,0.22000000000025466
496.98,306.15,1,0.22200000000020736
496.5,305.8125,1,0.22400000000016007
496.86,306.0,1,0.22600000000011278
496.42,306.1125,1,0.22800000000006548
496.65999999999997,306.15,1,0.2300000000000182
496.65999999999997,306.2625,1,0.2319999999999709
496.9,306.07500000000005,1,0.2339999999999236
497.14,306.3375,1,0.23600000000033106
497.34000000000003,305.2875,1,0.23800000000028376
496.65999999999997,306.15,1,0.24000000000023647
496.94000000000005,305.2125,1,0.24200000000018917
496.74,305.625,1,0.24400000000014188
496.46,306.1875,1,0.2460000000000946
496.53999999999996,306.225,1,0.2480000000000473
496.7,305.475,1,0.25
496.82000000000005,305.5125,1,0.2519999999999527
496.22,306.1875,1,0.2539999999999054
496.53999999999996,305.1375,1,0.25600000000031287
496.5,305.2875,1,0.2580000000002656
496.18,305.25,1,0.2600000000002183
496.65999999999997,305.1375,1,0.262000000000171
496.58,304.98749999999995,1,0.2640000000001237
496.65999999999997,304.6125,1,0.2660000000000764
496.34,305.175,1,0.2680000000000291
496.34000000000003,304.79999999999995,1,0.2699999999999818
496.18,304.5,1,0.2719999999999345
496.86,304.04999999999995,1,0.27400000000034197
496.26,304.2375,1,0.2760000000002947
496.14,303.7875,1,0.2780000000002474
496.18,303.7875,1,0.2800000000002001
496.5,303.5625,1,0.2820000000001528
496.34000000000003,303.9,1,0.2840000000001055
496.22,303.75,1,0.2860000000000582
496.34000000000003,303.0375,1,0.2880000000000109
496.1,303.1875,1,0.2899999999999636
496.38,302.775,1,0.2919999999999163
496.78,302.775,1,0.2940000000003238
496.5,303.45000000000005,1,0.2960000000002765
496.74,302.8125,1,0.2980000000002292
496.46000000000004,303.9,1,0.3000000000001819
496.29999999999995,303.7125,1,0.3020000000001346
496.65999999999997,304.0125,1,0.3040000000000873
496.18,303.9375,1,0.30600000000004
496.06,304.0125,1,0.3079999999999927
495.82,304.38750000000005,1,0.30999999999994543
495.94,304.5375,1,0.31199999999989814
495.94,304.42499999999995,1,0.3140000000003056
495.9,304.61249999999995,1,0.3160000000002583
495.78,305.51250000000005,1,0.318000000000211
495.98,305.3625,1,0.3200000000001637
495.70000000000005,305.775,1,0.3220000000001164
495.42,306.82500000000005,1,0.3240000000000691
495.94,306.63750000000005,1,0.32600000000002183
496.18,305.775,1,0.32799999999997453
495.9,306.1125,1,0.32999999999992724
496.06,306.975,1,0.3320000000003347
496.3,306.375,1,0.3340000000002874
495.94,306.86249999999995,1,0.3360000000002401
495.86,305.8875,1,0.3380000000001928
495.82000000000005,306.375,1,0.3400000000001455
495.78,306.4875,1,0.3420000000000982
496.22,306.525,1,0.34400000000005093
495.86,306.0375,1,0.34600000000000364
495.41999999999996,305.625,1,0.34799999999995634
495.38,304.9125,1,0.34999999999990905
495.46,305.2125,1,0.3520000000003165
495.1,305.1375,1,0.3540000000002692
495.22,304.76250000000005,1,0.3560000000002219
494.65999999999997,303.75,1,0.3580000000001746
494.86,304.3125,1,0.36000000000012733
494.74,304.20000000000005,1,0.36200000000008004
494.18,304.3875,1,0.36400000000003274
494.46000000000004,303.7125,1,0.36599999999998545
494.53999999999996,302.9625,1,0.36799999999993815
494.1,303.45,1,0.3700000000003456
494.14,302.6625,1,0.3720000000002983
494.5,302.92499999999995,1,0.374000000000251
494.38,303.375,1,0.3760000000002037
494.70000000000005,302.8125,1,0.37800000000015643
494.78,303.5625,1,0.38000000000010914
495.02,302.8875,1,0.38200000000006185
494.58000000000004,303.45,1,0.38400000000001455
495.22,303.9,1,0.38599999999996726
495.22,304.3875,1,0.38799999999991996
494.86,303.86249999999995,1,0.3900000000003274
495.22,304.875,1,0.3920000000002801
495.02,305.325,1,0.39400000000023283
495.02,305.175,1,0.39600000000018554
495.65999999999997,305.1375,1,0.39800000000013824
495.3,305.775,1,0.40000000000009095
495.38,306.0375,1,0.40200000000004366
495.46000000000004,306.11249999999995,1,0.40399999999999636
495.06,305.625,1,0.40599999999994907
493.94,302.8875,1,0.4079999999999018
491.38,298.0875,1,0.41000000000030923
487.86,294.9375,1,0.41200000000026193
482.9,289.9125,1,0.41400000000021464
478.62,282.45,1,0.41600000000016735
472.9,273.6,1,0.41800000000012005
468.62,262.42499999999995,1,0.42000000000007276
465.18,255.975,1,0.42200000000002547
462.53999999999996,249.1875,1,0.42399999999997817
458.34000000000003,242.625,1,0.4259999999999309
454.7,236.77499999999998,1,0.42800000000033833
449.98,227.55,1,0.43000000000029104
445.22,220.5375,1,0.43200000000024374
439.86,212.4375,1,0.43400000000019645
435.82000000000005,204.7125,1,0.43600000000014916
432.94,194.0625,1,0.43800000000010186
430.5,185.7,1,0.44000000000005457
427.94,178.3125,1,0.4420000000000073
427.06,172.8,1,0.44399999999996
427.22,165.3,1,0.4459999999999127
427.86,159.3,1,0.44800000000032014
426.5,154.2375,1,0.45000000000027285
426.02,152.0625,1,0.45200000000022555
425.74,149.85,1,0.45400000000017826
425.74,148.4625,1,0.45600000000013097
425.53999999999996,148.9875,1,0.4580000000000837
425.86,149.325,1,0.4600000000000364
425.7,149.7,1,0.4619999999999891
426.94,150.825,1,0.4639999999999418
426.65999999999997,151.125,1,0.46600000000034925
426.86,151.05,1,0.46800000000030195
426.62,151.35000000000002,1,0.47000000000025466
426.46000000000004,150.9375,1,0.47200000000020736
426.46000000000004,150.41250000000002,1,0.47400000000016007
426.66,149.8125,1,0.4760000000001128
426.58000000000004,149.775,1,0.4780000000000655
426.53999999999996,149.175,1,0.4800000000000182
426.5,149.8875,1,0.4819999999999709
426.29999999999995,149.5875,1,0.4839999999999236
426.42,149.0625,1,0.48600000000033106
426.3,148.875,1,0.48800000000028376
427.18,149.25,1,0.49000000000023647
426.62,148.9875,1,0.4920000000001892
426.94,148.875,1,0.4940000000001419
427.26,149.8125,1,0.4960000000000946
426.38,148.875,1,0.4980000000000473
426.65999999999997,148.4625,1,0.5
426.74,148.2375,1,0.5019999999999527
426.82,149.0625,1,0.5039999999999054
426.74,148.0125,1,0.5060000000003129
426.86,148.4625,1,0.5080000000002656
426.78,147.4875,1,0.5100000000002183
426.5,147.6,1,0.512000000000171
426.5,146.175,1,0.5140000000001237
425.86,146.21249999999998,1,0.5160000000000764
425.86,146.325,1,0.5180000000000291
426.1,145.875,1,0.5199999999999818
426.46000000000004,145.425,1,0.5219999999999345
425.78,145.2375,1,0.524000000000342
425.98,145.425,1,0.5260000000002947
426.1,145.425,1,0.5280000000002474
425.1,144.15,1,0.5300000000002001
425.53999999999996,144.4875,1,0.5320000000001528
425.78,144.0375,1,0.5340000000001055
425.78,143.8875,1,0.5360000000000582
425.53999999999996,143.7,1,0.5380000000000109
425.26,144.33749999999998,1,0.5399999999999636
425.42,143.625,1,0.5419999999999163
424.98,142.72500000000002,1,0.5440000000003238
425.29999999999995,142.7625,1,0.5460000000002765
425.65999999999997,142.3875,1,0.5480000000002292
425.06,143.10000000000002,1,0.5500000000001819
425.41999999999996,142.575,1,0.5520000000001346
425.46000000000004,143.25,1,0.5540000000000873
425.34000000000003,142.0875,1,0.55600000000004
425.74,142.5375,1,0.5579999999999927
425.53999999999996,142.3125,1,0.5599999999999454
425.18,142.53750000000002,1,0.5619999999998981
425.58,143.2125,1,0.5640000000003056
425.46,142.6875,1,0.5660000000002583
425.62,142.8,1,0.568000000000211
425.82000000000005,142.725,1,0.5700000000001637
426.02,142.35000000000002,1,0.5720000000001164
425.86,142.425,1,0.5740000000000691
425.66,142.6875,1,0.5760000000000218
425.78,142.9875,1,0.5779999999999745
425.26,142.425,1,0.5799999999999272
426.02,143.10000000000002,1,0.5820000000003347
425.53999999999996,142.8,1,0.5840000000002874
425.3,142.2375,1,0.5860000000002401
425.74,142.3125,1,0.5880000000001928
425.78,141.60000000000002,1,0.5900000000001455
425.74,141.3375,1,0.5920000000000982
425.86,141.45,1,0.5940000000000509
425.66,141.075,1,0.5960000000000036
425.94,140.625,1,0.5979999999999563
425.9,140.7375,1,0.599999999999909
425.86,139.2,1,0.6020000000003165
426.38,139.2375,1,0.6040000000002692
426.06,139.95,1,0.6060000000002219
426.54,139.275,1,0.6080000000001746
426.46000000000004,139.95,1,0.6100000000001273
426.62,138.4875,1,0.61200000000008
426.5,138.5625,1,0.6140000000000327
426.14,138.1875,1,0.6159999999999854
425.17999999999995,136.65,1,0.6179999999999382
423.14,133.9875,1,0.6200000000003456
421.98,132.3375,1,0.6220000000002983
420.26,129.675,1,0.624000000000251
419.86,127.76249999999999,1,0.6260000000002037
418.9,127.575,1,0.6280000000001564
418.46,126.4875,1,0.6300000000001091
418.98,126.07499999999999,1,0.6320000000000618
418.74,126.7125,1,0.6340000000000146
419.14,127.2375,1,0.6359999999999673
418.98,127.27499999999999,1,0.63799999999992
419.1,128.66250000000002,1,0.6400000000003274
418.9,129.075,1,0.6420000000002801
419.42,129.3,1,0.6440000000002328
419.26,129.78750000000002,1,0.6460000000001855
419.18,130.6125,1,0.6480000000001382
419.82,130.3125,1,0.650000000000091
419.78,130.3875,1,0.6520000000000437
419.94,130.8,1,0.6539999999999964
419.86,130.425,1,0.6559999999999491
420.22,129.45,1,0.6579999999999018
420.26,129.825,1,0.6600000000003092
420.34000000000003,129.3,1,0.6620000000002619
420.22,129.75,1,0.6640000000002146
419.82,129.7125,1,0.6660000000001673
420.53999999999996,128.8875,1,0.66800000000012
420.02,129.03750000000002,1,0.6700000000000728
420.02,128.5875,1,0.6720000000000255
420.22,128.175,1,0.6739999999999782
419.98,127.01249999999999,1,0.6759999999999309
420.34,127.875,1,0.6780000000003383
420.58000000000004,128.025,1,0.680000000000291
420.38,126.825,1,0.6820000000002437
420.62,126.9375,1,0.6840000000001965
420.06,127.08749999999999,1,0.6860000000001492
420.1,126.525,1,0.6880000000001019
419.9,125.8125,1,0.6900000000000546
419.41999999999996,126.225,1,0.6920000000000073
420.26,125.8125,1,0.69399999999996
419.98,125.6625,1,0.6959999999999127
420.1,126.4125,1,0.6980000000003201
419.86,125.1,1,0.7000000000002728
420.29999999999995,123.225,1,0.7020000000002256
419.86,123.975,1,0.7040000000001783
419.9,123.225,1,0.706000000000131
419.82,123.7875,1,0.7080000000000837
419.17999999999995,124.7625,1,0.7100000000000364
420.14,123.0,1,0.7119999999999891
419.34000000000003,123.4125,1,0.7139999999999418
419.54,123.71249999999999,1,0.7160000000003492
420.65999999999997,124.35,1,0.718000000000302
419.9,123.975,1,0.7200000000002547
419.74,122.625,1,0.7220000000002074
420.5,123.0,1,0.7240000000001601
420.26,122.775,1,0.7260000000001128
420.54,122.6625,1,0.7280000000000655
420.62,123.0375,1,0.7300000000000182
420.42,122.4,1,0.7319999999999709
421.26,122.4,1,0.7339999999999236
420.82,122.475,1,0.7360000000003311
420.62,121.275,1,0.7380000000002838
420.9,122.025,1,0.7400000000002365
420.65999999999997,122.36250000000001,1,0.7420000000001892
420.98,122.32499999999999,1,0.7440000000001419
420.98,122.3625,1,0.7460000000000946
420.7,121.875,1,0.7480000000000473
421.02,121.95,1,0.75
421.54,122.925,1,0.7519999999999527
421.42,122.85000000000001,1,0.7539999999999054
421.9,122.4375,1,0.7560000000003129
421.62,121.98750000000001,1,0.7580000000002656
421.58,122.025,1,0.7600000000002183
421.9,121.23750000000001,1,0.762000000000171
421.9,121.2,1,0.7640000000001237
421.86,121.8,1,0.7660000000000764
422.02,120.7875,1,0.7680000000000291
422.53999999999996,121.425,1,0.7699999999999818
422.53999999999996,120.975,1,0.7719999999999345
423.26,120.86250000000001,1,0.774000000000342
422.94,121.425,1,0.7760000000002947
423.22,121.57499999999999,1,0.7780000000002474
423.38,121.76249999999999,1,0.7800000000002001
422.9,121.42500000000001,1,0.7820000000001528
421.34000000000003,123.30000000000001,1,0.7840000000001055
418.94,124.08749999999999,1,0.7860000000000582
412.22,127.5375,1,0.7880000000000109
404.34,129.1125,1,0.7899999999999636
392.74,128.66250000000002,1,0.7919999999999163
380.06,128.1,1,0.7940000000003238
365.94,128.77499999999998,1,0.7960000000002765
349.62,127.875,1,0.7980000000002292
333.78,127.95,1,0.8000000000001819
316.22,130.0875,1,0.8020000000001346
299.22,132.075,1,0.8040000000000873
281.94,134.2125,1,0.80600000000004
265.46,134.58749999999998,1,0.8079999999999927
249.34,133.725,1,0.8099999999999454
231.74,134.5125,1,0.8119999999998981
214.57999999999998,135.41250000000002,1,0.8140000000003056
197.98000000000002,136.2,1,0.8160000000002583
182.5,136.72500000000002,1,0.818000000000211
168.06,135.525,1,0.8200000000001637
153.22,133.3125,1,0.8220000000001164
141.5,133.72500000000002,1,0.8240000000000691
127.94,132.8625,1,0.8260000000000218
117.06,132.71249999999998,1,0.8279999999999745
107.02,131.325,1,0.8299999999999272
99.58,129.825,1,0.8320000000003347
94.53999999999999,129.2625,1,0.8340000000002874
92.66,127.80000000000001,1,0.8360000000002401
93.58000000000001,125.5875,1,0.8380000000001928
94.5,124.275,1,0.8400000000001455
95.62,122.5875,1,0.8420000000000982
96.94,122.4,1,0.8440000000000509
96.5,122.25,1,0.8460000000000036
96.62,121.6125,1,0.8479999999999563
95.97999999999999,122.475,1,0.849999999999909
95.82,121.7625,1,0.8520000000003165
96.66,122.32499999999999,1,0.8540000000002692
96.1,121.95,1,0.8560000000002219
96.53999999999999,122.4,1,0.8580000000001746
96.69999999999999,121.9125,1,0.8600000000001273
96.46000000000001,121.3125,1,0.86200000000008
95.38,121.8,1,0.8640000000000327
95.3,121.3875,1,0.8659999999999854
95.7,121.35,1,0.8679999999999382
95.74000000000001,121.0875,1,0.8700000000003456
95.46,120.7125,1,0.8720000000002983
95.86,120.07499999999999,1,0.874000000000251
94.69999999999999,119.9625,1,0.8760000000002037
94.9,119.13749999999999,1,0.8780000000001564
95.18,120.1875,1,0.8800000000001091
94.58000000000001,119.625,1,0.8820000000000618
94.9,118.9875,1,0.8840000000000146
94.86,117.975,1,0.8859999999999673
94.66,118.275,1,0.88799999999992
94.42,117.86250000000001,1,0.8900000000003274
94.86,117.0375,1,0.8920000000002801
94.58000000000001,117.4125,1,0.8940000000002328
94.58,117.15,1,0.8960000000001855
94.94,115.61250000000001,1,0.8980000000001382
94.5,116.55,1,0.900000000000091
94.86,115.1625,1,0.9020000000000437
94.62,115.5375,1,0.9039999999999964
94.74,115.9875,1,0.9059999999999491
94.62,115.0125,1,0.9079999999999018
95.02,113.73750000000001,1,0.9100000000003092
95.22,114.6,1,0.9120000000002619
95.38,114.26249999999999,1,0.9140000000002146
94.78,114.3375,1,0.9160000000001673
95.22,113.6625,1,0.91800000000012
95.1,114.07499999999999,1,0.9200000000000728
95.62,113.625,1,0.9220000000000255
95.5,113.85,1,0.9239999999999782
94.53999999999999,113.4375,1,0.9259999999999309
95.25999999999999,113.92500000000001,1,0.9280000000003383
95.18,113.025,1,0.930000000000291
94.58,112.65,1,0.9320000000002437
95.1,112.7625,1,0.9340000000001965
94.62,112.05000000000001,1,0.9360000000001492
95.14,112.575,1,0.9380000000001019
94.62,111.225,1,0.9400000000000546
94.78,111.8625,1,0.9420000000000073
94.86,112.42500000000001,1,0.94399999999996
94.78,112.05000000000001,1,0.9459999999999127
94.18,111.82499999999999,1,0.9480000000003201
94.30000000000001,110.6625,1,0.9500000000002728
94.5,111.1875,1,0.9520000000002256
94.02,110.325,1,0.9540000000001783
94.34,110.175,1,0.956000000000131
93.82,110.325,1,0.9580000000000837
94.1,110.4,1,0.9600000000000364
94.18,109.5,1,0.9619999999999891
93.86,109.3125,1,0.9639999999999418
94.1,109.5,1,0.9660000000003492
93.74000000000001,109.3125,1,0.968000000000302
93.86,109.01249999999999,1,0.9700000000002547
93.53999999999999,108.825,1,0.9720000000002074
93.82,109.1625,1,0.9740000000001601
93.5,108.75,1,0.9760000000001128
93.62,108.7125,1,0.9780000000000655
93.5,108.5625,1,0.9800000000000182
93.94,108.375,1,0.9819999999999709
93.9,108.3375,1,0.9839999999999236
93.66,108.975,1,0.9860000000003311
93.14,108.375,1,0.9880000000002838
93.53999999999999,109.0875,1,0.9900000000002365
93.42,108.7125,1,0.9920000000001892
93.42,109.125,1,0.9940000000001419
93.38,108.975,1,0.9960000000000946
93.18,108.75,1,0.9980000000000473
93.30000000000001,108.15,1,1.0
93.3,108.3375,1,1.0019999999999527
92.97999999999999,107.9625,1,1.0039999999999054
92.9,108.1875,1,1.0060000000003129
93.14,108.7875,1,1.0080000000002656
92.66,107.8125,1,1.0100000000002183
93.22,108.67500000000001,1,1.012000000000171
92.94,108.11250000000001,1,1.0140000000001237
93.06,107.775,1,1.0160000000000764
92.94,107.025,1,1.018000000000029
92.62,107.4375,1,1.0199999999999818
92.25999999999999,106.9875,1,1.0219999999999345
92.3,106.425,1,1.024000000000342
92.1,107.325,1,1.0260000000002947
92.1,106.6875,1,1.0280000000002474
92.14,105.825,1,1.0300000000002
92.34,106.1625,1,1.0320000000001528
92.22,106.57499999999999,1,1.0340000000001055
92.3,106.5,1,1.0360000000000582
91.82,105.9375,1,1.038000000000011
91.7,106.6875,1,1.0399999999999636
91.74,105.7125,1,1.0419999999999163
92.06,106.4625,1,1.0440000000003238
92.34,105.4125,1,1.0460000000002765
91.78,105.9,1,1.0480000000002292
92.06,106.1625,1,1.050000000000182
91.78,105.63749999999999,1,1.0520000000001346
92.46000000000001,105.44999999999999,1,1.0540000000000873
91.7,105.825,1,1.05600000000004
92.42,106.125,1,1.0579999999999927
92.42,106.3125,1,1.0599999999999454
91.58000000000001,106.65,1,1.0619999999998981
91.98,106.42500000000001,1,1.0640000000003056
91.42,107.025,1,1.0660000000002583
91.46000000000001,106.0875,1,1.068000000000211
90.25999999999999,105.5625,1,1.0700000000001637
87.66,104.2125,1,1.0720000000001164
82.58,102.225,1,1.0740000000000691
77.82000000000001,100.8,1,1.0760000000000218
71.53999999999999,98.325,1,1.0779999999999745
66.42,96.225,1,1.0799999999999272
62.82,94.35,1,1.0820000000003347
61.14,92.8875,1,1.0840000000002874
58.620000000000005,93.9,1,1.08600000000024
57.379999999999995,93.975,1,1.0880000000001928
55.980000000000004,94.6875,1,1.0900000000001455
55.7,94.575,1,1.0920000000000982
54.660000000000004,93.9,1,1.094000000000051
54.46,93.9,1,1.0960000000000036
53.540000000000006,93.1875,1,1.0979999999999563
54.22,92.4,1,1.099999999999909
53.81999999999999,92.6625,1,1.1020000000003165
54.26,93.3375,1,1.1040000000002692
54.1,93.4875,1,1.106000000000222
54.94,93.8625,1,1.1080000000001746
54.3,93.225,1,1.1100000000001273
54.38,93.675,1,1.11200000000008
53.98,93.3,1,1.1140000000000327
54.42,92.925,1,1.1159999999999854
54.3,92.55,1,1.1179999999999382
54.5,93.1875,1,1.1200000000003456
54.099999999999994,93.7125,1,1.1220000000002983
54.06,92.92500000000001,1,1.124000000000251
54.3,92.775,1,1.1260000000002037
54.14,94.05,1,1.1280000000001564
54.5,94.725,1,1.1300000000001091
54.38,94.875,1,1.1320000000000618
54.46,94.3125,1,1.1340000000000146
53.86,94.4625,1,1.1359999999999673
53.54,93.3375,1,1.13799999999992
53.78,93.375,1,1.1400000000003274
54.18000000000001,92.6625,1,1.1420000000002801
53.42,93.825,1,1.1440000000002328
53.58,92.4,1,1.1460000000001855
54.1,91.95,1,1.1480000000001382
53.38,92.55000000000001,1,1.150000000000091
53.66,91.2,1,1.1520000000000437
53.42,91.275,1,1.1539999999999964
53.1,90.1875,1,1.155999999999949
52.98,90.675,1,1.1579999999999018
53.81999999999999,89.925,1,1.1600000000003092
53.42,89.8875,1,1.162000000000262
53.54,90.8625,1,1.1640000000002146
53.5,89.2125,1,1.1660000000001673
53.18,89.0625,1,1.16800000000012
53.22,88.725,1,1.1700000000000728
53.7,89.69999999999999,1,1.1720000000000255
53.46,89.2875,1,1.1739999999999782
53.46,89.5875,1,1.1759999999999309
53.78,88.575,1,1.1780000000003383
53.540000000000006,89.2125,1,1.180000000000291
53.459999999999994,89.92500000000001,1,1.1820000000002437
53.46,88.8375,1,1.1840000000001965
53.739999999999995,89.25,1,1.1860000000001492
53.459999999999994,89.475,1,1.1880000000001019
53.86,89.9625,1,1.1900000000000546
53.5,90.075,1,1.1920000000000073
54.339999999999996,89.8125,1,1.19399999999996
54.06,89.8875,1,1.1959999999999127
54.02,89.6625,1,1.1980000000003201
54.66,90.15,1,1.2000000000002728
54.58,89.25,1,1.2020000000002256
53.82,89.73750000000001,1,1.2040000000001783
54.46,90.44999999999999,1,1.206000000000131
54.459999999999994,89.4375,1,1.2080000000000837
54.620000000000005,89.85,1,1.2100000000000364
54.980000000000004,89.88749999999999,1,1.211999999999989
54.74,89.13749999999999,1,1.2139999999999418
54.81999999999999,89.4375,1,1.2160000000003492
54.9,88.7625,1,1.218000000000302
54.98,88.425,1,1.2200000000002547
54.980000000000004,88.3875,1,1.2220000000002074
54.379999999999995,89.325,1,1.22400000000016
54.620000000000005,88.9125,1,1.2260000000001128
55.019999999999996,88.94999999999999,1,1.2280000000000655
54.62,89.5125,1,1.2300000000000182
54.699999999999996,89.625,1,1.231999999999971
54.94,88.6875,1,1.2339999999999236
55.06,88.57499999999999,1,1.236000000000331
54.86,89.6625,1,1.2380000000002838
54.980000000000004,88.3125,1,1.2400000000002365
54.58,88.7625,1,1.2420000000001892
54.620000000000005,89.55000000000001,1,1.2440000000001419
54.82000000000001,88.9875,1,1.2460000000000946
54.82,89.7,1,1.2480000000000473
54.82,89.0625,1,1.25
54.94,89.8125,1,1.2519999999999527
54.5,89.7375,1,1.2539999999999054
54.5,89.625,1,1.2560000000003129
54.1,88.875,1,1.2580000000002656
54.74,88.7625,1,1.2600000000002183
54.66,88.35,1,1.262000000000171
53.980000000000004,88.9125,1,1.2640000000001237
54.06,88.575,1,1.2660000000000764
54.06,88.5,1,1.268000000000029
53.620000000000005,88.5375,1,1.2699999999999818
54.18,88.2,1,1.2719999999999345
53.86,88.1625,1,1.274000000000342
52.94,87.825,1,1.2760000000002947
53.18,88.1625,1,1.2780000000002474
53.339999999999996,87.525,1,1.2800000000002
53.18,87.7875,1,1.2820000000001528
53.06,87.1125,1,1.2840000000001055
53.02,87.4875,1,1.2860000000000582
53.14,87.6,1,1.288000000000011
52.78,87.26249999999999,1,1.2899999999999636
52.86,88.19999999999999,1,1.2919999999999163
53.019999999999996,87.5625,1,1.2940000000003238
52.660000000000004,87.375,1,1.2960000000002765
52.620000000000005,87.825,1,1.2980000000002292
52.5,88.2,1,1.300000000000182
52.42,88.3125,1,1.3020000000001346
52.5,88.4625,1,1.3040000000000873
52.66,88.1625,1,1.30600000000004
52.26,88.125,1,1.3079999999999927
51.94,88.275,1,1.3099999999999454
52.06,88.65,1,1.3119999999998981
51.86,87.8625,1,1.3140000000003056
52.339999999999996,88.125,1,1.3160000000002583
51.86,88.19999999999999,1,1.318000000000211
51.18,88.575,1,1.3200000000001637
51.46,87.8625,1,1.3220000000001164
51.06,88.8,1,1.3240000000000691
52.099999999999994,87.9,1,1.3260000000000218
51.78,87.7875,1,1.3279999999999745
52.019999999999996,88.01249999999999,1,1.3299999999999272
52.260000000000005,88.8375,1,1.3320000000003347
51.5,87.9375,1,1.3340000000002874
51.81999999999999,87.6,1,1.33600000000024
52.699999999999996,86.9625,1,1.3380000000001928
52.17999999999999,87.525,1,1.3400000000001455
52.34,86.8125,1,1.3420000000000982
53.059999999999995,87.82499999999999,1,1.344000000000051
52.86,87.6,1,1.3460000000000036
52.62,87.5625,1,1.3479999999999563
52.66,88.05,1,1.349999999999909
52.980000000000004,87.3375,1,1.3520000000003165
53.18,87.075,1,1.3540000000002692
53.42,87.3,1,1.356000000000222
53.78,87.0,1,1.3580000000001746
53.66,88.42500000000001,1,1.3600000000001273
53.74,87.6375,1,1.36200000000008
54.3,87.6,1,1.3640000000000327
53.980000000000004,87.6,1,1.3659999999999854
54.540000000000006,88.05,1,1.3679999999999382
54.379999999999995,87.5625,1,1.3700000000003456
55.62,87.5625,1,1.3720000000002983
57.18,88.8375,1,1.374000000000251
59.78,89.2125,1,1.3760000000002037
66.5,88.875,1,1.3780000000001564
76.1,88.61250000000001,1,1.3800000000001091
86.58,90.225,1,1.3820000000000618
98.9,91.6125,1,1.3840000000000146
115.17999999999999,92.5125,1,1.3859999999999673
133.34,92.7,1,1.38799999999992
149.7,94.95,1,1.3900000000003274
167.62,96.48750000000001,1,1.3920000000002801
183.7,96.86250000000001,1,1.3940000000002328
199.62,98.51249999999999,1,1.3960000000001855
214.02,99.7125,1,1.3980000000001382
229.42,101.1375,1,1.400000000000091
243.94,102.525,1,1.4020000000000437
258.5,104.325,1,1.4039999999999964
273.74,108.375,1,1.405999999999949
288.94000000000005,109.9125,1,1.4079999999999018
304.58,109.27499999999999,1,1.4100000000003092
319.14,110.0625,1,1.412000000000262
332.94,109.8375,1,1.4140000000002146
346.78,110.8125,1,1.4160000000001673
358.65999999999997,110.5875,1,1.41800000000012
369.26,111.6375,1,1.4200000000000728
378.58000000000004,112.95,1,1.4220000000000255
385.65999999999997,113.69999999999999,1,1.4239999999999782
391.62,114.44999999999999,1,1.4259999999999309
396.62,114.6,1,1.4280000000003383
398.74,114.225,1,1.430000000000291
399.86,114.5625,1,1.4320000000002437
398.82,113.66250000000001,1,1.4340000000001965
398.62,113.625,1,1.4360000000001492
397.5,113.32499999999999,1,1.4380000000001019
396.98,112.1625,1,1.4400000000000546
395.86,111.9,1,1.4420000000000073
395.82000000000005,112.575,1,1.44399999999996
395.86,111.825,1,1.4459999999999127
395.70000000000005,111.5625,1,1.4480000000003201
395.53999999999996,111.30000000000001,1,1.4500000000002728
395.7,111.225,1,1.4520000000002256
394.98,110.925,1,1.4540000000001783
395.46000000000004,110.325,1,1.456000000000131
395.14,110.1,1,1.4580000000000837
395.1,110.25,1,1.4600000000000364
395.3,110.0625,1,1.461999999999989
395.3,109.3875,1,1.4639999999999418
395.14,109.5,1,1.4660000000003492
396.06,108.6,1,1.468000000000302
395.18,108.4875,1,1.4700000000002547
395.26,108.2625,1,1.4720000000002074
394.86,107.9625,1,1.47400000000016
395.22,107.85,1,1.4760000000001128
395.54,106.95,1,1.4780000000000655
395.38,107.2125,1,1.4800000000000182
395.65999999999997,106.4625,1,1.481999999999971
395.82000000000005,105.975,1,1.4839999999999236
395.41999999999996,105.44999999999999,1,1.486000000000331
396.06,105.375,1,1.4880000000002838
396.34,104.175,1,1.4900000000002365
396.14,104.3625,1,1.4920000000001892
395.98,103.4625,1,1.4940000000001419
396.46,103.94999999999999,1,1.4960000000000946
396.53999999999996,102.9,1,1.4980000000000473
396.38,103.125,1,1.5
396.14,102.07499999999999,1,1.5019999999999527
397.02,102.75,1,1.5039999999999054
396.5,102.825,1,1.5060000000003129
396.34,101.92500000000001,1,1.5080000000002656
396.3,101.5875,1,1.5100000000002183
396.53999999999996,102.0,1,1.512000000000171
397.06,101.775,1,1.5140000000001237
396.9,101.325,1,1.5160000000000764
397.38,100.35,1,1.518000000000029
397.65999999999997,100.8375,1,1.5199999999999818
397.62,100.3125,1,1.5219999999999345
397.53999999999996,100.6875,1,1.524000000000342
397.82,99.225,1,1.5260000000002947
397.9,99.6375,1,1.5280000000002474
398.02,99.75,1,1.5300000000002
397.70000000000005,99.825,1,1.5320000000001528
398.18,100.275,1,1.5340000000001055
397.78,98.8875,1,1.5360000000000582
398.06,99.225,1,1.538000000000011
397.82,99.1875,1,1.5399999999999636
397.65999999999997,99.075,1,1.5419999999999163
398.1,99.75,1,1.5440000000003238
398.34000000000003,99.0375,1,1.5460000000002765
397.53999999999996,98.625,1,1.5480000000002292
398.5,99.15,1,1.550000000000182
398.54,99.1875,1,1.5520000000001346
398.70000000000005,97.875,1,1.5540000000000873
398.62,98.5875,1,1.55600000000004
398.62,98.0625,1,1.5579999999999927
398.34000000000003,98.13749999999999,1,1.5599999999999454
399.29999999999995,97.98750000000001,1,1.5619999999998981
398.94,97.80000000000001,1,1.5640000000003056
398.82,96.82499999999999,1,1.5660000000002583
399.17999999999995,97.8,1,1.568000000000211
398.94,96.975,1,1.5700000000001637
398.98,96.5625,1,1.5720000000001164
399.18,97.2,1,1.5740000000000691
398.7,97.0875,1,1.5760000000000218
398.86,96.7875,1,1.5779999999999745
399.06,96.30000000000001,1,1.5799999999999272
398.94,96.375,1,1.5820000000003347
399.14,96.6,1,1.5840000000002874
399.58,97.425,1,1.58600000000024
403.22,98.175,1,1.5880000000001928
408.5,100.4625,1,1.5900000000001455
415.1,103.05000000000001,1,1.5920000000000982
428.02,106.76249999999999,1,1.594000000000051
440.41999999999996,110.475,1,1.5960000000000036
456.9,116.28750000000001,1,1.5979999999999563
473.42,120.7125,1,1.599999999999909
490.34000000000003,124.05000000000001,1,1.6020000000003165
508.05999999999995,127.35,1,1.6040000000002692
526.26,130.8,1,1.606000000000222
544.14,135.4125,1,1.6080000000001746
561.74,137.625,1,1.6100000000001273
579.78,137.8875,1,1.61200000000008
596.74,138.075,1,1.6140000000000327
615.1800000000001,141.375,1,1.6159999999999854
632.54,146.25,1,1.6179999999999382
647.38,148.0125,1,1.6200000000003456
662.38,149.1,1,1.6220000000002983
676.3800000000001,149.25,1,1.624000000000251
689.54,150.71249999999998,1,1.6260000000002037
702.38,150.825,1,1.6280000000001564
714.02,150.3375,1,1.6300000000001091
726.02,151.3875,1,1.6320000000000618
734.9000000000001,151.2,1,1.6340000000000146
745.22,153.1125,1,1.6359999999999673
751.62,152.8875,1,1.63799999999992
758.9,152.325,1,1.6400000000003274
762.74,152.4375,1,1.6420000000002801
764.06,151.0875,1,1.6440000000002328
763.5799999999999,148.575,1,1.6460000000001855
761.86,147.525,1,1.6480000000001382
760.14,146.25,1,1.650000000000091
758.5,145.7625,1,1.6520000000000437
757.3,145.8375,1,1.6539999999999964
756.62,145.9125,1,1.655999999999949
756.7,145.4625,1,1.6579999999999018
756.6600000000001,146.21249999999998,1,1.6600000000003092
756.7,145.575,1,1.662000000000262
756.3,145.5,1,1.6640000000002146
756.22,145.2375,1,1.6660000000001673
756.1800000000001,145.0125,1,1.66800000000012
757.3,144.7875,1,1.6700000000000728
756.94,143.925,1,1.6720000000000255
757.54,144.5625,1,1.6739999999999782
757.62,144.075,1,1.6759999999999309
758.26,142.725,1,1.6780000000003383
758.22,142.27499999999998,1,1.680000000000291
758.54,142.0875,1,1.6820000000002437
758.1800000000001,141.5625,1,1.6840000000001965
758.1400000000001,140.925,1,1.6860000000001492
758.42,141.225,1,1.6880000000001019
758.34,140.175,1,1.6900000000000546
758.46,140.55,1,1.6920000000000073
758.02,139.2,1,1.69399999999996
757.98,139.2375,1,1.6959999999999127
758.62,137.9625,1,1.6980000000003201
758.66,138.675,1,1.7000000000002728
758.6600000000001,138.22500000000002,1,1.7020000000002256
758.5,137.5875,1,1.7040000000001783
759.02,136.95,1,1.706000000000131
758.22,137.7375,1,1.7080000000000837
758.26,136.2,1,1.7100000000000364
758.1800000000001,136.2,1,1.711999999999989
758.22,135.9375,1,1.7139999999999418
757.62,135.4125,1,1.7160000000003492
758.02,135.2625,1,1.718000000000302
758.06,134.5875,1,1.7200000000002547
757.54,134.39999999999998,1,1.7220000000002074
757.74,134.58749999999998,1,1.72400000000016
757.86,134.3625,1,1.7260000000001128
757.5799999999999,133.6125,1,1.7280000000000655
757.1800000000001,133.9875,1,1.7300000000000182
757.54,133.4625,1,1.731999999999971
757.34,133.5,1,1.7339999999999236
756.6600000000001,133.6875,1,1.736000000000331
757.14,134.10000000000002,1,1.7380000000002838
756.8599999999999,133.125,1,1.7400000000002365
756.5799999999999,133.275,1,1.7420000000001892
756.8199999999999,134.175,1,1.7440000000001419
756.94,133.95,1,1.7460000000000946
756.94,133.2,1,1.7480000000000473
756.7,133.575,1,1.75
756.62,132.9,1,1.7519999999999527
756.98,132.7875,1,1.7539999999999054
757.0999999999999,131.6625,1,1.7560000000003129
756.74,131.0625,1,1.7580000000002656
756.98,132.4875,1,1.7600000000002183
756.5799999999999,130.9875,1,1.762000000000171
756.46,130.3125,1,1.7640000000001237
756.42,130.5,1,1.7660000000000764
756.5,130.125,1,1.768000000000029
756.38,130.2,1,1.7699999999999818
756.06,129.8625,1,1.7719999999999345
756.3,129.525,1,1.774000000000342
755.98,129.075,1,1.7760000000002947
755.7,128.9625,1,1.7780000000002474
755.98,127.6875,1,1.7800000000002
755.74,128.0625,1,1.7820000000001528
756.02,127.575,1,1.7840000000001055
755.94,127.95,1,1.7860000000000582
756.22,127.76249999999999,1,1.788000000000011
755.8199999999999,127.5375,1,1.7899999999999636
756.0999999999999,127.05,1,1.7919999999999163
756.22,127.05,1,1.7940000000003238
755.3800000000001,126.9375,1,1.7960000000002765
755.9,126.3375,1,1.7980000000002292
755.5,126.675,1,1.800000000000182
756.18,126.48750000000001,1,1.8020000000001346
755.74,126.3375,1,1.8040000000000873
755.46,126.6375,1,1.80600000000004
755.66,126.30000000000001,1,1.8079999999999927
755.8199999999999,125.8875,1,1.8099999999999454
755.3,126.1875,1,1.8119999999998981
756.06,125.625,1,1.8140000000003056
755.98,126.14999999999999,1,1.8160000000002583
755.54,125.9625,1,1.818000000000211
756.1400000000001,126.1875,1,1.8200000000001637
756.1,125.85,1,1.8220000000001164
756.06,125.7,1,1.8240000000000691
756.46,125.85,1,1.8260000000000218
756.22,125.4375,1,1.8279999999999745
756.3399999999999,125.36250000000001,1,1.8299999999999272
756.5799999999999,125.4375,1,1.8320000000003347
756.1800000000001,126.3375,1,1.8340000000002874
756.62,125.6625,1,1.83600000000024
756.9000000000001,125.17500000000001,1,1.8380000000001928
757.5,124.9875,1,1.8400000000001455
757.02,124.4625,1,1.8420000000000982
757.18,124.3125,1,1.844000000000051
757.14,123.9375,1,1.8460000000000036
757.42,124.2375,1,1.8479999999999563
756.78,123.7125,1,1.849999999999909
757.0999999999999,123.22500000000001,1,1.8520000000003165
757.94,123.45,1,1.8540000000002692
757.7,123.1875,1,1.856000000000222
757.1400000000001,122.4,1,1.8580000000001746
757.54,122.475,1,1.8600000000001273
757.9000000000001,122.2125,1,1.86200000000008
757.54,122.025,1,1.8640000000000327
757.62,122.17500000000001,1,1.8659999999999854
757.46,121.875,1,1.8679999999999382
757.82,121.80000000000001,1,1.8700000000003456
757.62,122.0625,1,1.8720000000002983
757.22,122.4,1,1.874000000000251
757.46,121.6875,1,1.8760000000002037
757.4200000000001,121.91250000000001,1,1.8780000000001564
756.9,122.1,1,1.8800000000001091
757.58,121.98750000000001,1,1.8820000000000618
757.22,122.1375,1,1.8840000000000146
756.7,122.0625,1,1.8859999999999673
756.86,121.95,1,1.88799999999992
757.9,121.3875,1,1.8900000000003274
757.26,121.38749999999999,1,1.8920000000002801
756.9000000000001,121.275,1,1.8940000000002328
757.22,120.975,1,1.8960000000001855
756.94,121.275,1,1.8980000000001382
757.06,121.6125,1,1.900000000000091
756.94,121.125,1,1.9020000000000437
756.98,121.38749999999999,1,1.9039999999999964
757.3,121.0125,1,1.905999999999949
757.02,121.0875,1,1.9079999999999018
757.02,120.8625,1,1.9100000000003092
757.18,120.71249999999999,1,1.912000000000262
756.74,121.125,1,1.9140000000002146
757.3399999999999,120.15,1,1.9160000000001673
756.98,120.975,1,1.91800000000012
756.5,120.7125,1,1.9200000000000728
756.78,120.1875,1,1.9220000000000255
756.78,120.75,1,1.9239999999999782
756.4200000000001,120.78750000000001,1,1.9259999999999309
756.62,120.7875,1,1.9280000000003383
756.3399999999999,120.5625,1,1.930000000000291
756.74,120.52499999999999,1,1.9320000000002437
756.66,120.4125,1,1.9340000000001965
755.9,120.82499999999999,1,1.9360000000001492
755.9,121.3875,1,1.9380000000001019
755.6600000000001,121.425,1,1.9400000000000546
755.74,121.3125,1,1.9420000000000073
755.4200000000001,120.71249999999999,1,1.94399999999996
755.54,121.65,1,1.9459999999999127
756.02,120.9,1,1.9480000000003201
755.46,120.6375,1,1.9500000000002728
755.62,120.075,1,1.9520000000002256
755.78,120.48750000000001,1,1.9540000000001783
754.94,120.375,1,1.956000000000131
755.6600000000001,120.75,1,1.9580000000000837
755.6600000000001,119.47500000000001,1,1.9600000000000364
755.34,119.7,1,1.961999999999989
754.8199999999999,119.58749999999999,1,1.9639999999999418
754.9000000000001,119.025,1,1.9660000000003492
755.4200000000001,119.025,1,1.968000000000302
754.8199999999999,118.5375,1,1.9700000000002547
755.3,118.425,1,1.9720000000002074
755.1400000000001,118.125,1,1.97400000000016
754.9,118.6125,1,1.9760000000001128
755.78,117.4875,1,1.9780000000000655
755.26,117.2625,1,1.9800000000000182
755.8199999999999,117.8625,1,1.981999999999971
755.1800000000001,117.225,1,1.9839999999999236
755.34,116.69999999999999,1,1.986000000000331
755.1,117.525,1,1.9880000000002838
755.34,116.5875,1,1.9900000000002365
755.6600000000001,117.8625,1,1.9920000000001892
755.5,117.75,1,1.9940000000001419
755.26,117.1875,1,1.9960000000000946
754.8199999999999,117.075,1,1.9980000000000473
755.5799999999999,117.6,1,2.0
755.38,117.75,1,2.0019999999999527
755.22,117.6375,1,2.0039999999999054
755.34,117.8625,1,2.006000000000313
755.9000000000001,118.05000000000001,1,2.0080000000002656
758.46,118.5375,1,2.0100000000002183
762.86,119.9625,1,2.012000000000171
771.14,120.0,1,2.0140000000001237
778.22,121.57499999999999,1,2.0160000000000764
785.5799999999999,122.475,1,2.018000000000029
794.26,121.57499999999999,1,2.019999999999982
801.22,121.42500000000001,1,2.0219999999999345
807.26,123.9375,1,2.024000000000342
812.74,123.71249999999999,1,2.0260000000002947
819.74,124.4625,1,2.0280000000002474
825.7,125.8125,1,2.0300000000002
831.9,127.5,1,2.032000000000153
838.38,126.8625,1,2.0340000000001055
843.8199999999999,126.6,1,2.036000000000058
850.5799999999999,127.2375,1,2.038000000000011
854.4200000000001,127.275,1,2.0399999999999636
859.78,128.1,1,2.0419999999999163
862.1800000000001,127.8375,1,2.044000000000324
863.1800000000001,127.95,1,2.0460000000002765
863.46,127.1625,1,2.048000000000229
862.7,125.73750000000001,1,2.050000000000182
861.66,125.325,1,2.0520000000001346
861.62,125.51249999999999,1,2.0540000000000873
861.26,125.1375,1,2.05600000000004
860.8199999999999,124.875,1,2.0579999999999927
860.42,125.36250000000001,1,2.0599999999999454
860.14,124.7625,1,2.061999999999898
860.86,124.0875,1,2.0640000000003056
859.74,124.5375,1,2.0660000000002583
859.78,124.6125,1,2.068000000000211
860.4200000000001,123.82499999999999,1,2.0700000000001637
860.62,124.5375,1,2.0720000000001164
860.5799999999999,123.825,1,2.074000000000069
861.02,123.8625,1,2.076000000000022
860.38,123.7125,1,2.0779999999999745
860.8199999999999,123.33749999999999,1,2.0799999999999272
860.4200000000001,123.375,1,2.0820000000003347
860.66,124.125,1,2.0840000000002874
861.1,123.75,1,2.08600000000024
860.54,122.96249999999999,1,2.088000000000193
860.26,123.30000000000001,1,2.0900000000001455
860.26,123.48750000000001,1,2.0920000000000982
860.34,122.8875,1,2.094000000000051
860.5799999999999,122.55,1,2.0960000000000036
860.5,121.91250000000001,1,2.0979999999999563
860.0999999999999,121.875,1,2.099999999999909
860.26,122.925,1,2.1020000000003165
860.46,122.6625,1,2.104000000000269
860.22,122.2125,1,2.106000000000222
860.4200000000001,122.9625,1,2.1080000000001746
860.3,122.7375,1,2.1100000000001273
860.7,122.5125,1,2.11200000000008
860.06,122.39999999999999,1,2.1140000000000327
860.02,122.25,1,2.1159999999999854
860.3399999999999,122.36250000000001,1,2.117999999999938
860.06,122.7375,1,2.1200000000003456
860.14,122.85000000000001,1,2.1220000000002983
860.26,122.25,1,2.124000000000251
860.1,121.98750000000001,1,2.1260000000002037
860.5,122.21249999999999,1,2.1280000000001564
860.4200000000001,121.725,1,2.130000000000109
860.54,121.9125,1,2.132000000000062
860.26,121.3125,1,2.1340000000000146
860.66,121.5,1,2.1359999999999673
860.02,121.35,1,2.13799999999992
860.46,120.7875,1,2.1400000000003274
859.9,120.26249999999999,1,2.14200000000028
860.5,120.15,1,2.144000000000233
860.1,120.11250000000001,1,2.1460000000001855
859.3399999999999,119.7,1,2.1480000000001382
859.46,119.6625,1,2.150000000000091
859.5799999999999,119.025,1,2.1520000000000437
859.34,118.9875,1,2.1539999999999964
859.38,119.13749999999999,1,2.155999999999949
859.22,117.75,1,2.1579999999999018
859.02,118.23750000000001,1,2.1600000000003092
858.9,117.15,1,2.162000000000262
858.78,116.625,1,2.1640000000002146
858.6600000000001,116.475,1,2.1660000000001673
858.7,116.5875,1,2.16800000000012
858.22,116.28750000000001,1,2.1700000000000728
858.22,116.69999999999999,1,2.1720000000000255
858.7,115.95,1,2.173999999999978
858.46,115.94999999999999,1,2.175999999999931
858.46,115.98750000000001,1,2.1780000000003383
858.62,115.9125,1,2.180000000000291
858.5799999999999,115.35,1,2.1820000000002437
858.62,117.07499999999999,1,2.1840000000001965
858.38,116.55,1,2.186000000000149
858.7,115.95,1,2.188000000000102
858.06,116.4375,1,2.1900000000000546
858.3399999999999,116.7,1,2.1920000000000073
858.7,116.1,1,2.19399999999996
858.3,116.4375,1,2.1959999999999127
858.7,117.525,1,2.19800000000032
858.7,117.44999999999999,1,2.200000000000273
858.86,117.525,1,2.2020000000002256
858.62,117.075,1,2.2040000000001783
858.58,117.6,1,2.206000000000131
858.98,117.7125,1,2.2080000000000837
858.9000000000001,117.3,1,2.2100000000000364
858.7,117.75,1,2.211999999999989
859.14,118.05000000000001,1,2.213999999999942
858.38,117.0375,1,2.2160000000003492
859.02,117.075,1,2.218000000000302
859.06,117.675,1,2.2200000000002547
859.5,117.07499999999999,1,2.2220000000002074
859.58,117.63749999999999,1,2.22400000000016
858.98,117.3,1,2.2260000000001128
859.54,116.32499999999999,1,2.2280000000000655
859.9,115.7625,1,2.230000000000018
859.02,115.9875,1,2.231999999999971
858.86,116.3625,1,2.2339999999999236
859.7,116.025,1,2.236000000000331
859.46,116.325,1,2.2380000000002838
859.94,116.2875,1,2.2400000000002365
860.1800000000001,116.25,1,2.242000000000189
859.74,115.9125,1,2.244000000000142
860.1,115.725,1,2.2460000000000946
859.46,115.4625,1,2.2480000000000473
860.0999999999999,115.16250000000001,1,2.25
859.78,115.275,1,2.2519999999999527
860.06,114.975,1,2.2539999999999054
860.26,115.3125,1,2.256000000000313
860.0999999999999,115.875,1,2.2580000000002656
860.06,114.63749999999999,1,2.2600000000002183
860.46,114.6375,1,2.262000000000171
859.6600000000001,114.89999999999999,1,2.2640000000001237
859.82,114.825,1,2.2660000000000764
860.14,113.92500000000001,1,2.268000000000029
859.5799999999999,114.3375,1,2.269999999999982
860.46,114.75,1,2.2719999999999345
860.14,113.96249999999999,1,2.274000000000342
860.3399999999999,114.9,1,2.2760000000002947
859.8599999999999,114.7875,1,2.2780000000002474
859.94,114.78750000000001,1,2.2800000000002
859.9000000000001,113.55,1,2.282000000000153
860.02,114.67500000000001,1,2.2840000000001055
860.0999999999999,114.75,1,2.286000000000058
860.22,114.675,1,2.288000000000011
860.5,113.775,1,2.2899999999999636
860.4200000000001,114.67500000000001,1,2.2919999999999163
860.22,114.675,1,2.294000000000324
860.38,115.6875,1,2.2960000000002765
860.38,115.08749999999999,1,2.298000000000229
860.06,114.4125,1,2.300000000000182
859.86,114.4125,1,2.3020000000001346
859.98,113.625,1,2.3040000000000873
860.02,114.1875,1,2.30600000000004
860.4200000000001,113.7,1,2.3079999999999927
859.94,114.1875,1,2.3099999999999454
859.94,114.375,1,2.311999999999898
860.38,114.67500000000001,1,2.3140000000003056
859.86,114.375,1,2.3160000000002583
860.26,113.92500000000001,1,2.318000000000211
860.8199999999999,113.85,1,2.3200000000001637
860.22,113.625,1,2.3220000000001164
859.94,114.1875,1,2.324000000000069
860.0999999999999,113.2125,1,2.326000000000022
860.06,114.3,1,2.3279999999999745
860.26,113.7,1,2.3299999999999272
860.34,112.8375,1,2.3320000000003347
860.3,113.775,1,2.3340000000002874
860.02,114.225,1,2.33600000000024
860.1,113.2125,1,2.338000000000193
859.8599999999999,113.5875,1,2.3400000000001455
860.3399999999999,113.88749999999999,1,2.3420000000000982
860.46,113.2125,1,2.344000000000051
859.86,112.875,1,2.3460000000000036
860.5,112.91250000000001,1,2.3479999999999563
859.98,113.175,1,2.349999999999909
860.06,113.2875,1,2.3520000000003165
860.46,111.8625,1,2.354000000000269
860.38,113.625,1,2.356000000000222
860.3,112.9125,1,2.3580000000001746
860.02,113.21249999999999,1,2.3600000000001273
859.7,112.9875,1,2.36200000000008
859.62,112.8375,1,2.3640000000000327
860.26,113.625,1,2.3659999999999854
860.54,112.80000000000001,1,2.367999999999938
860.5799999999999,112.76249999999999,1,2.3700000000003456
860.46,113.51249999999999,1,2.3720000000002983
859.98,112.725,1,2.374000000000251
859.94,113.0625,1,2.3760000000002037
860.02,112.425,1,2.3780000000001564
860.26,111.7125,1,2.380000000000109
859.94,112.5,1,2.382000000000062
860.02,111.48750000000001,1,2.3840000000000146
859.94,112.23750000000001,1,2.3859999999999673
859.86,111.5625,1,2.38799999999992
860.38,111.7125,1,2.3900000000003274
860.74,111.6375,1,2.39200000000028
860.46,112.0875,1,2.394000000000233
860.6600000000001,111.71249999999999,1,2.3960000000001855
860.46,111.675,1,2.3980000000001382
860.46,111.7125,1,2.400000000000091
860.54,111.7125,1,2.4020000000000437
859.74,112.46249999999999,1,2.4039999999999964
860.3,113.025,1,2.405999999999949
859.8599999999999,113.025,1,2.4079999999999018
859.8199999999999,113.0625,1,2.4100000000003092
860.26,113.2125,1,2.412000000000262
860.02,113.25,1,2.4140000000002146
860.06,114.0,1,2.4160000000001673
860.46,113.5125,1,2.41800000000012
860.3,113.925,1,2.4200000000000728
860.42,113.475,1,2.4220000000000255
860.46,113.85,1,2.423999999999978
860.5,114.675,1,2.425999999999931
860.62,114.52499999999999,1,2.4280000000003383
860.4200000000001,113.9625,1,2.430000000000291
860.98,113.625,1,2.4320000000002437
860.54,113.1375,1,2.4340000000001965
860.62,113.5875,1,2.436000000000149
860.46,114.45,1,2.438000000000102
860.7,113.475,1,2.4400000000000546
860.54,113.1,1,2.4420000000000073
860.94,113.55,1,2.44399999999996
860.54,113.32499999999999,1,2.4459999999999127
861.02,112.3125,1,2.44800000000032
860.94,113.7,1,2.450000000000273
861.02,112.98750000000001,1,2.4520000000002256
861.02,113.25,1,2.4540000000001783
861.02,113.36250000000001,1,2.456000000000131
860.8599999999999,114.375,1,2.4580000000000837
860.98,113.025,1,2.4600000000000364
861.22,113.175,1,2.461999999999989
860.54,112.5,1,2.463999999999942
860.74,112.875,1,2.4660000000003492
861.46,112.725,1,2.468000000000302
860.78,112.6875,1,2.4700000000002547
860.78,113.1,1,2.4720000000002074
860.6600000000001,113.32499999999999,1,2.47400000000016
860.62,112.875,1,2.4760000000001128
861.06,113.8125,1,2.4780000000000655
860.86,112.76249999999999,1,2.480000000000018
861.06,111.9375,1,2.481999999999971
860.94,112.72500000000001,1,2.4839999999999236
860.94,112.275,1,2.486000000000331
860.9,111.7125,1,2.4880000000002838
861.06,111.825,1,2.4900000000002365
860.98,111.1875,1,2.492000000000189
860.8199999999999,111.30000000000001,1,2.494000000000142
861.26,111.675,1,2.4960000000000946
860.9,111.5625,1,2.4980000000000473
861.1400000000001,112.875,1,2.5
860.7,112.65,1,2.5019999999999527
860.98,112.0875,1,2.5039999999999054
860.8199999999999,112.35,1,2.506000000000313
860.4200000000001,112.6125,1,2.5080000000002656
861.02,112.4625,1,2.5100000000002183
860.8199999999999,112.5375,1,2.512000000000171
860.94,112.5,1,2.5140000000001237
861.58,112.57499999999999,1,2.5160000000000764
860.74,112.5,1,2.518000000000029
861.02,113.4,1,2.519999999999982
860.74,113.4375,1,2.5219999999999345
861.0999999999999,112.5,1,2.524000000000342
861.02,113.025,1,2.5260000000002947
861.22,113.36250000000001,1,2.5280000000002474
861.18,113.1,1,2.5300000000002
861.14,113.4375,1,2.532000000000153
860.8199999999999,113.28750000000001,1,2.5340000000001055
860.06,113.6625,1,2.536000000000058
859.34,113.7375,1,2.538000000000011
856.3,114.67500000000001,1,2.5399999999999636
850.74,116.8125,1,2.5419999999999163
845.1800000000001,119.4375,1,2.544000000000324
836.6600000000001,122.175,1,2.5460000000002765
827.54,126.0,1,2.548000000000229
819.14,129.15,1,2.550000000000182
808.62,134.3625,1,2.5520000000001346
801.3,138.2625,1,2.5540000000000873
794.98,143.58749999999998,1,2.55600000000004
789.1,149.66250000000002,1,2.5579999999999927
785.42,153.89999999999998,1,2.5599999999999454
783.3,158.3625,1,2.561999999999898
782.06,162.3,1,2.5640000000003056
780.62,165.1875,1,2.5660000000002583
780.3,165.8625,1,2.568000000000211
779.54,166.1625,1,2.5700000000001637
779.3399999999999,165.1125,1,2.5720000000001164
780.38,164.775,1,2.574000000000069
781.1800000000001,163.125,1,2.576000000000022
781.5,164.5875,1,2.5779999999999745
782.1800000000001,163.575,1,2.5799999999999272
781.46,163.35,1,2.5820000000003347
781.5,163.35000000000002,1,2.5840000000002874
780.9,161.7375,1,2.58600000000024
781.3399999999999,161.8125,1,2.588000000000193
781.34,162.15,1,2.5900000000001455
780.9,161.8125,1,2.5920000000000982
780.66,161.5125,1,2.594000000000051
780.74,162.33749999999998,1,2.5960000000000036
780.98,161.625,1,2.5979999999999563
780.66,161.55,1,2.599999999999909
780.5,161.625,1,2.6020000000003165
780.8199999999999,161.77499999999998,1,2.604000000000269
780.3399999999999,161.28750000000002,1,2.606000000000222
780.3399999999999,161.7375,1,2.6080000000001746
780.14,161.21249999999998,1,2.6100000000001273
780.02,161.3625,1,2.61200000000008
779.98,160.4625,1,2.6140000000000327
779.74,160.875,1,2.6159999999999854
779.94,161.2875,1,2.617999999999938
779.38,161.1,1,2.6200000000003456
779.54,160.575,1,2.6220000000002983
780.02,161.2125,1,2.624000000000251
779.46,160.65,1,2.6260000000002037
779.74,160.5375,1,2.6280000000001564
779.46,161.3625,1,2.630000000000109
779.26,160.83749999999998,1,2.632000000000062
779.1800000000001,161.175,1,2.6340000000000146
779.8199999999999,161.02499999999998,1,2.6359999999999673
778.7,160.875,1,2.63799999999992
779.3,160.05,1,2.6400000000003274
779.46,160.64999999999998,1,2.64200000000028
778.5,160.4625,1,2.644000000000233
778.8199999999999,159.7125,1,2.6460000000001855
779.22,160.5375,1,2.6480000000001382
779.14,159.6375,1,2.650000000000091
779.26,159.03750000000002,1,2.6520000000000437
778.86,158.66250000000002,1,2.6539999999999964
778.46,158.8875,1,2.655999999999949
778.9,158.6625,1,2.6579999999999018
778.38,159.14999999999998,1,2.6600000000003092
778.62,159.075,1,2.662000000000262
778.98,159.1875,1,2.6640000000002146
779.14,158.625,1,2.6660000000001673
778.7,159.3375,1,2.66800000000012
778.6600000000001,159.225,1,2.6700000000000728
779.26,159.60000000000002,1,2.6720000000000255
778.94,158.25,1,2.673999999999978
778.74,159.375,1,2.675999999999931
778.94,158.0625,1,2.6780000000003383
778.42,158.925,1,2.680000000000291
778.26,159.6,1,2.6820000000002437
778.3,158.47500000000002,1,2.6840000000001965
777.22,159.41250000000002,1,2.686000000000149
775.74,160.35,1,2.688000000000102
771.4200000000001,163.5375,1,2.6900000000000546
762.5799999999999,169.275,1,2.6920000000000073
751.62,177.5625,1,2.69399999999996
736.3399999999999,188.325,1,2.6959999999999127
721.6600000000001,200.85,1,2.69800000000032
704.3,212.1375,1,2.700000000000273
685.94,225.3,1,2.7020000000002256
669.1800000000001,237.5625,1,2.7040000000001783
651.22,251.4,1,2.706000000000131
634.14,262.35,1,2.7080000000000837
617.3,274.5375,1,2.7100000000000364
601.5,290.7,1,2.711999999999989
584.54,302.36249999999995,1,2.713999999999942
568.8599999999999,317.1,1,2.7160000000003492
552.78,327.975,1,2.718000000000302
538.3,343.725,1,2.7200000000002547
526.46,354.5625,1,2.7220000000002074
515.86,360.3,1,2.72400000000016
505.82,366.67499999999995,1,2.7260000000001128
499.74,372.4125,1,2.7280000000000655
497.74,377.13750000000005,1,2.730000000000018
495.5,377.8125,1,2.731999999999971
495.46,376.725,1,2.7339999999999236
495.98,375.0,1,2.736000000000331
496.7,371.85,1,2.7380000000002838
496.62,370.04999999999995,1,2.7400000000002365
497.29999999999995,368.625,1,2.742000000000189
496.70000000000005,367.42499999999995,1,2.744000000000142
496.14,366.6375,1,2.7460000000000946
496.14,366.45000000000005,1,2.7480000000000473
494.82,366.7875,1,2.75
495.38,366.63750000000005,1,2.7519999999999527
495.02,366.45,1,2.7539999999999054
494.58,365.70000000000005,1,2.756000000000313
494.82,365.925,1,2.7580000000002656
495.02,365.2875,1,2.7600000000002183
494.5,365.36249999999995,1,2.762000000000171
494.18,364.875,1,2.7640000000001237
494.1,364.79999999999995,1,2.7660000000000764
493.98,364.6125,1,2.768000000000029
494.26,364.6875,1,2.769999999999982
493.81999999999994,364.3125,1,2.7719999999999345
493.9,363.3,1,2.774000000000342
493.65999999999997,363.4875,1,2.7760000000002947
493.7,362.6625,1,2.7780000000002474
493.74,362.4,1,2.7800000000002
493.46,362.1,1,2.782000000000153
493.26,361.57500000000005,1,2.7840000000001055
493.17999999999995,360.75,1,2.786000000000058
493.41999999999996,360.825,1,2.788000000000011
493.02,360.7125,1,2.7899999999999636
493.18,360.45,1,2.7919999999999163
493.02,360.3,1,2.794000000000324
492.70000000000005,359.88750000000005,1,2.7960000000002765
492.78,359.0625,1,2.798000000000229
492.7,359.2875,1,2.800000000000182
492.94000000000005,358.65,1,2.8020000000001346
493.22,358.425,1,2.8040000000000873
492.65999999999997,357.75,1,2.80600000000004
492.82000000000005,357.6,1,2.8079999999999927
493.02,358.1625,1,2.8099999999999454
492.5,357.5625,1,2.811999999999898
492.26,356.6625,1,2.8140000000003056
492.22,356.7375,1,2.8160000000002583
491.74,356.1,1,2.818000000000211
492.3,357.0,1,2.8200000000001637
491.58000000000004,355.95,1,2.8220000000001164
491.65999999999997,355.4625,1,2.824000000000069
491.14,356.17499999999995,1,2.826000000000022
491.41999999999996,355.5,1,2.8279999999999745
491.18,355.35,1,2.8299999999999272
490.9,355.76250000000005,1,2.8320000000003347
490.82000000000005,355.20000000000005,1,2.8340000000002874
491.14,355.3125,1,2.83600000000024
490.82000000000005,355.5,1,2.838000000000193
490.22,355.6875,1,2.8400000000001455
490.82000000000005,355.20000000000005,1,2.8420000000000982
490.29999999999995,355.3875,1,2.844000000000051
490.38,354.975,1,2.8460000000000036
489.94,354.975,1,2.8479999999999563
490.14,355.2375,1,2.849999999999909
490.38,354.9,1,2.8520000000003165
490.41999999999996,354.4125,1,2.854000000000269
490.38,354.9375,1,2.856000000000222
489.94,354.375,1,2.8580000000001746
490.1,353.9625,1,2.8600000000001273
489.98,353.6625,1,2.86200000000008
490.34000000000003,353.9625,1,2.8640000000000327
490.18,353.55,1,2.8659999999999854
490.26,353.8875,1,2.867999999999938
490.17999999999995,352.6875,1,2.8700000000003456
490.38,352.4625,1,2.8720000000002983
490.06,353.1375,1,2.874000000000251
490.02,352.4625,1,2.8760000000002037
490.38,351.4125,1,2.8780000000001564
490.41999999999996,352.23749999999995,1,2.880000000000109
490.34000000000003,352.1625,1,2.882000000000062
490.53999999999996,351.375,1,2.8840000000000146
490.38,351.9,1,2.8859999999999673
490.34,351.6375,1,2.88799999999992
489.94,351.6375,1,2.8900000000003274
490.42,352.875,1,2.89200000000028
490.38,352.2,1,2.894000000000233
490.02,353.0625,1,2.8960000000001855
490.02,351.9,1,2.8980000000001382
489.58,352.8,1,2.900000000000091
489.9,352.875,1,2.9020000000000437
489.65999999999997,353.2125,1,2.9039999999999964
489.86,353.925,1,2.905999999999949
489.86,353.55,1,2.9079999999999018
490.14,353.88750000000005,1,2.9100000000003092
489.74,353.775,1,2.912000000000262
489.98,353.8125,1,2.9140000000002146
490.14,353.6625,1,2.9160000000001673
489.46000000000004,353.4375,1,2.91800000000012
489.9,352.95000000000005,1,2.9200000000000728
489.62,353.32500000000005,1,2.9220000000000255
490.14,353.175,1,2.923999999999978
489.86,352.1625,1,2.925999999999931
489.98,353.1,1,2.9280000000003383
489.94,352.20000000000005,1,2.930000000000291
489.98,351.5625,1,2.9320000000002437
490.34000000000003,351.29999999999995,1,2.9340000000001965
490.5,350.8125,1,2.936000000000149
490.02,350.625,1,2.938000000000102
490.38,351.07500000000005,1,2.9400000000000546
490.65999999999997,349.875,1,2.9420000000000073
490.38,349.425,1,2.94399999999996
490.53999999999996,349.8,1,2.9459999999999127
491.06,349.4625,1,2.94800000000032
490.46000000000004,349.35,1,2.950000000000273
490.38,349.5375,1,2.9520000000002256
490.78,349.35,1,2.9540000000001783
490.74,349.20000000000005,1,2.956000000000131
491.02,349.5375,1,2.9580000000000837
491.02,349.61249999999995,1,2.9600000000000364
490.58000000000004,349.3125,1,2.961999999999989
490.7,349.2375,1,2.963999999999942
490.5,349.8375,1,2.9660000000003492
490.14,349.65,1,2.968000000000302
490.34,350.1,1,2.9700000000002547
490.14,349.9875,1,2.9720000000002074
489.9,350.1,1,2.97400000000016
490.14,350.9625,1,2.9760000000001128
489.94,351.4875,1,2.9780000000000655
489.65999999999997,351.6375,1,2.980000000000018
489.82,351.375,1,2.981999999999971
489.06,352.0125,1,2.9839999999999236
489.46000000000004,351.6,1,2.986000000000331
489.65999999999997,352.0875,1,2.9880000000002838
489.46000000000004,351.7125,1,2.9900000000002365
489.06,352.3125,1,2.992000000000189
489.14,351.86249999999995,1,2.994000000000142
489.46000000000004,351.975,1,2.9960000000000946
489.22,351.45,1,2.9980000000000473
489.41999999999996,352.05,1,3.0
489.70000000000005,350.775,1,3.0019999999999527
489.70000000000005,351.45000000000005,1,3.0039999999999054
489.5,350.8125,1,3.006000000000313
489.65999999999997,350.475,1,3.0080000000002656
489.1,351.1125,1,3.0100000000002183
489.22,350.0625,1,3.012000000000171
488.94,349.7625,1,3.0140000000001237
489.7,349.875,1,3.0160000000000764
489.9,349.725,1,3.018000000000029
491.82,349.23749999999995,1,3.019999999999982
493.18,347.51250000000005,1,3.0219999999999345
495.58000000000004,346.95000000000005,1,3.024000000000342
497.74,345.975,1,3.0260000000002947
499.58000000000004,345.1125,1,3.0280000000002474
502.09999999999997,344.775,1,3.0300000000002
503.53999999999996,344.1375,1,3.032000000000153
504.26,343.98749999999995,1,3.0340000000001055
505.34000000000003,343.7625,1,3.036000000000058
505.1,343.42499999999995,1,3.038000000000011
505.74,343.125,1,3.0399999999999636
505.14,343.8375,1,3.0419999999999163
505.62,343.3875,1,3.044000000000324
505.14,343.65,1,3.0460000000002765
504.58000000000004,343.95,1,3.048000000000229
504.86,343.79999999999995,1,3.050000000000182
504.09999999999997,345.15,1,3.0520000000001346
504.46,345.0,1,3.0540000000000873
504.58,344.5125,1,3.05600000000004
504.53999999999996,344.4,1,3.0579999999999927
504.58000000000004,345.0,1,3.0599999999999454
504.65999999999997,345.15,1,3.061999999999898
504.5,345.7125,1,3.0640000000003056
505.18,345.5625,1,3.0660000000002583
504.58000000000004,345.7875,1,3.068000000000211
504.97999999999996,345.825,1,3.0700000000001637
505.5,346.05,1,3.0720000000001164
505.58,345.2625,1,3.074000000000069
505.38,345.9,1,3.076000000000022
505.74,345.82500000000005,1,3.0779999999999745
505.74,345.6375,1,3.0799999999999272
505.94000000000005,345.9375,1,3.0820000000003347
506.26,346.35,1,3.0840000000002874
506.26,345.63750000000005,1,3.08600000000024
505.7,345.525,1,3.088000000000193
505.93999999999994,345.8625,1,3.0900000000001455
506.38,345.7125,1,3.0920000000000982
506.78,345.825,1,3.094000000000051
506.46000000000004,346.0125,1,3.0960000000000036
506.74,345.5625,1,3.0979999999999563
506.3,345.675,1,3.099999999999909
507.1,345.975,1,3.1020000000003165
506.58000000000004,345.4125,1,3.104000000000269
506.86,345.375,1,3.106000000000222
506.38,345.29999999999995,1,3.1080000000001746
506.70000000000005,345.525,1,3.1100000000001273
506.94,345.9375,1,3.11200000000008
507.14,344.9625,1,3.1140000000000327
506.9,344.925,1,3.1159999999999854
507.02,346.5,1,3.117999999999938
506.5,345.4125,1,3.1200000000003456
506.7,344.925,1,3.1220000000002983
506.62,345.7875,1,3.124000000000251
507.1,345.225,1,3.1260000000002037
506.86,345.375,1,3.1280000000001564
506.78,344.5875,1,3.130000000000109
506.62,345.6,1,3.132000000000062
506.74,344.3625,1,3.1340000000000146
506.46,344.3625,1,3.1359999999999673
506.9,344.3625,1,3.13799999999992
507.41999999999996,343.6875,1,3.1400000000003274
506.38,344.36249999999995,1,3.14200000000028
507.02,344.4375,1,3.144000000000233
506.78000000000003,344.175,1,3.1460000000001855
506.42,344.2125,1,3.1480000000001382
507.05999999999995,344.0625,1,3.150000000000091
506.58,343.9875,1,3.1520000000000437
506.46000000000004,343.95000000000005,1,3.1539999999999964
506.62,344.2875,1,3.155999999999949
506.94000000000005,344.2125,1,3.1579999999999018
506.26,344.2875,1,3.1600000000003092
506.74,344.0625,1,3.162000000000262
506.5,344.025,1,3.1640000000002146
506.05999999999995,344.2875,1,3.1660000000001673
506.09999999999997,344.55,1,3.16800000000012
506.42,343.3875,1,3.1700000000000728
505.98,344.1375,1,3.1720000000000255
506.18,344.92499999999995,1,3.173999999999978
506.65999999999997,344.25,1,3.175999999999931
505.82,345.0,1,3.1780000000003383
506.62,344.775,1,3.180000000000291
506.5,343.275,1,3.1820000000002437
505.7,343.9125,1,3.1840000000001965
506.34,344.925,1,3.186000000000149
506.17999999999995,344.51250000000005,1,3.188000000000102
505.9,344.25,1,3.1900000000000546
505.74,344.4375,1,3.1920000000000073
505.78,344.475,1,3.19399999999996
506.46,344.325,1,3.1959999999999127
506.41999999999996,343.5,1,3.19800000000032
506.34,343.98749999999995,1,3.200000000000273
505.78,344.17499999999995,1,3.2020000000002256
506.38,344.0625,1,3.2040000000001783
506.5,344.0625,1,3.206000000000131
506.42,343.8375,1,3.2080000000000837
506.58000000000004,343.5,1,3.2100000000000364
506.26,343.125,1,3.211999999999989
506.14,343.5375,1,3.213999999999942
506.70000000000005,343.79999999999995,1,3.2160000000003492
506.58000000000004,344.025,1,3.218000000000302
506.26,344.2125,1,3.2200000000002547
506.65999999999997,343.9125,1,3.2220000000002074
506.74,342.8625,1,3.22400000000016
506.26,342.9375,1,3.2260000000001128
506.18,343.61249999999995,1,3.2280000000000655
506.62,343.6875,1,3.230000000000018
506.18,342.9375,1,3.231999999999971
506.66,343.275,1,3.2339999999999236
506.86,343.3125,1,3.236000000000331
506.38,343.125,1,3.2380000000002838
506.98,343.5,1,3.2400000000002365
507.26,342.7125,1,3.242000000000189
506.58,342.63750000000005,1,3.244000000000142
506.34000000000003,342.29999999999995,1,3.2460000000000946
504.22,342.4125,1,3.2480000000000473
500.06,342.45,1,3.25
495.41999999999996,341.88750000000005,1,3.2519999999999527
487.22,340.42499999999995,1,3.2539999999999054
477.1,338.7,1,3.256000000000313
467.5,339.375,1,3.2580000000002656
455.14,337.6125,1,3.2600000000002183
445.62,337.04999999999995,1,3.262000000000171
433.46,337.20000000000005,1,3.2640000000001237
422.62,336.5625,1,3.2660000000000764
412.1,335.55,1,3.268000000000029
402.14,335.7375,1,3.269999999999982
392.9,335.54999999999995,1,3.2719999999999345
384.5,336.3,1,3.274000000000342
377.98,336.6375,1,3.2760000000002947
372.29999999999995,337.8,1,3.2780000000002474
369.1,336.8625,1,3.2800000000002
368.18,337.6125,1,3.282000000000153
368.3,336.375,1,3.2840000000001055
368.54,335.775,1,3.286000000000058
369.38,336.6,1,3.288000000000011
370.5,336.1875,1,3.2899999999999636
371.58000000000004,336.4125,1,3.2919999999999163
371.62,336.9375,1,3.294000000000324
371.46000000000004,336.0375,1,3.2960000000002765
372.34000000000003,336.15,1,3.298000000000229
373.02,336.1875,1,3.300000000000182
373.29999999999995,335.175,1,3.3020000000001346
373.1,334.9125,1,3.3040000000000873
372.58,334.8375,1,3.30600000000004
372.38,334.725,1,3.3079999999999927
372.41999999999996,334.3125,1,3.3099999999999454
373.18,334.4625,1,3.311999999999898
372.86,333.6375,1,3.3140000000003056
372.78,333.675,1,3.3160000000002583
372.62,333.375,1,3.318000000000211
372.38,332.85,1,3.3200000000001637
372.29999999999995,332.7375,1,3.3220000000001164
372.18,333.07500000000005,1,3.324000000000069
372.46000000000004,332.5875,1,3.326000000000022
372.5,332.025,1,3.3279999999999745
372.17999999999995,332.51250000000005,1,3.3299999999999272
372.53999999999996,332.17499999999995,1,3.3320000000003347
372.53999999999996,331.4625,1,3.3340000000002874
372.02,331.575,1,3.33600000000024
371.9,331.6125,1,3.338000000000193
371.58,330.45,1,3.3400000000001455
371.82,331.20000000000005,1,3.3420000000000982
371.5,331.0125,1,3.344000000000051
371.3,330.5625,1,3.3460000000000036
371.62,330.9375,1,3.3479999999999563
371.38,330.15,1,3.349999999999909
371.18,330.1125,1,3.3520000000003165
371.53999999999996,330.11249999999995,1,3.354000000000269
371.3,329.625,1,3.356000000000222
370.78,329.2125,1,3.3580000000001746
370.7,329.4375,1,3.3600000000001273
370.78,329.5875,1,3.36200000000008
370.86,329.1,1,3.3640000000000327
371.22,328.95,1,3.3659999999999854
371.1,328.9875,1,3.367999999999938
370.82000000000005,329.1,1,3.3700000000003456
371.22,328.7625,1,3.3720000000002983
371.26,328.76250000000005,1,3.374000000000251
371.06,329.175,1,3.3760000000002037
371.46000000000004,328.95000000000005,1,3.3780000000001564
371.38,328.2,1,3.380000000000109
371.74,328.5375,1,3.382000000000062
371.34000000000003,328.3875,1,3.3840000000000146
371.82000000000005,328.5,1,3.3859999999999673
371.38,328.95,1,3.38799999999992
371.26,328.6875,1,3.3900000000003274
371.66,329.13750000000005,1,3.39200000000028
371.34000000000003,329.025,1,3.394000000000233
371.3,328.42499999999995,1,3.3960000000001855
371.82,328.575,1,3.3980000000001382
371.46,329.625,1,3.400000000000091
371.74,328.3875,1,3.4020000000000437
371.5,329.025,1,3.4039999999999964
371.46000000000004,329.175,1,3.405999999999949
371.82,328.0875,1,3.4079999999999018
371.74,329.1375,1,3.4100000000003092
371.82,329.32500000000005,1,3.412000000000262
371.86,329.4,1,3.4140000000002146
371.98,328.38750000000005,1,3.4160000000001673
372.02,328.0875,1,3.41800000000012
371.74,328.5375,1,3.4200000000000728
372.02,328.01250000000005,1,3.4220000000000255
371.98,328.61249999999995,1,3.423999999999978
371.74,328.4625,1,3.425999999999931
371.98,327.675,1,3.4280000000003383
372.02,328.575,1,3.430000000000291
372.18,328.05,1,3.4320000000002437
372.22,327.525,1,3.4340000000001965
371.94,327.9375,1,3.436000000000149
372.14,327.6375,1,3.438000000000102
372.22,327.9,1,3.4400000000000546
372.26,327.6375,1,3.4420000000000073
371.74,328.42499999999995,1,3.44399999999996
372.42,327.15,1,3.4459999999999127
372.38,327.4125,1,3.44800000000032
371.94,326.73749999999995,1,3.450000000000273
372.46,327.82500000000005,1,3.4520000000002256
371.86,327.82500000000005,1,3.4540000000001783
371.86,327.375,1,3.456000000000131
372.78,327.225,1,3.4580000000000837
372.26,328.3125,1,3.4600000000000364
372.18,327.86249999999995,1,3.461999999999989
372.22,327.675,1,3.463999999999942
372.06,328.35,1,3.4660000000003492
371.98,327.75,1,3.468000000000302
372.34000000000003,328.04999999999995,1,3.4700000000002547
372.18,327.86249999999995,1,3.4720000000002074
371.94,328.4625,1,3.47400000000016
372.26,327.375,1,3.4760000000001128
372.1,328.3875,1,3.4780000000000655
372.18,327.9375,1,3.480000000000018
372.1,327.075,1,3.481999999999971
371.78,328.0875,1,3.4839999999999236
372.46,328.05,1,3.486000000000331
372.1,328.575,1,3.4880000000002838
372.26,328.1625,1,3.4900000000002365
372.3,328.425,1,3.492000000000189
372.46000000000004,328.23749999999995,1,3.494000000000142
372.17999999999995,328.9875,1,3.4960000000000946
371.98,328.65,1,3.4980000000000473
370.78,329.4,1,3.5
368.5,330.1875,1,3.5019999999999527
363.9,330.29999999999995,1,3.5039999999999054
357.38,328.23749999999995,1,3.506000000000313
347.94,325.05,1,3.5080000000002656
338.18,321.5625,1,3.5100000000002183
326.3,315.4125,1,3.512000000000171
314.41999999999996,309.63750000000005,1,3.5140000000001237
300.3,304.5375,1,3.5160000000000764
287.62,300.7875,1,3.518000000000029
273.26,297.975,1,3.519999999999982
259.82,293.9625,1,3.5219999999999345
246.82,289.3125,1,3.524000000000342
232.89999999999998,285.4125,1,3.5260000000002947
220.94,280.8375,1,3.5280000000002474
207.89999999999998,273.9,1,3.5300000000002
197.7,270.75,1,3.532000000000153
185.62,266.55,1,3.5340000000001055
175.5,261.6,1,3.536000000000058
166.3,256.875,1,3.538000000000011
157.42000000000002,250.05,1,3.5399999999999636
150.7,245.4,1,3.5419999999999163
144.1,240.2625,1,3.544000000000324
140.3,236.625,1,3.5460000000002765
138.98,232.7625,1,3.548000000000229
136.98000000000002,230.25,1,3.550000000000182
137.3,227.775,1,3.5520000000001346
137.54,226.3875,1,3.5540000000000873
137.66,227.1375,1,3.55600000000004
137.94,227.2875,1,3.5579999999999927
137.74,226.7625,1,3.5599999999999454
137.89999999999998,227.3625,1,3.561999999999898
138.34,227.8125,1,3.5640000000003056
138.1,228.15,1,3.5660000000002583
137.3,227.39999999999998,1,3.568000000000211
138.26,227.1375,1,3.5700000000001637
137.86,226.05,1,3.5720000000001164
137.62,226.125,1,3.574000000000069
137.7,226.3875,1,3.576000000000022
137.94,226.0875,1,3.5779999999999745
137.66,225.03750000000002,1,3.5799999999999272
137.57999999999998,224.7375,1,3.5820000000003347
137.5,223.65,1,3.5840000000002874
137.34,223.5375,1,3.58600000000024
136.66,223.3125,1,3.588000000000193
136.54000000000002,222.3375,1,3.5900000000001455
136.26,222.4875,1,3.5920000000000982
136.62,221.7,1,3.594000000000051
136.54000000000002,221.025,1,3.5960000000000036
136.54,221.4375,1,3.5979999999999563
136.89999999999998,219.9375,1,3.599999999999909
136.62,219.75,1,3.6020000000003165
136.54,218.21249999999998,1,3.604000000000269
136.38,218.1375,1,3.606000000000222
136.38,218.1375,1,3.6080000000001746
136.34,217.8,1,3.6100000000001273
135.82,217.275,1,3.61200000000008
135.5,216.4125,1,3.6140000000000327
135.58,216.4125,1,3.6159999999999854
135.62,216.75,1,3.617999999999938
135.38,216.075,1,3.6200000000003456
135.38,216.2625,1,3.6220000000002983
135.3,216.03750000000002,1,3.624000000000251
134.86,215.3625,1,3.6260000000002037
135.38,215.39999999999998,1,3.6280000000001564
135.34,215.8125,1,3.630000000000109
134.42,215.21249999999998,1,3.632000000000062
134.74,215.475,1,3.6340000000000146
134.57999999999998,214.9875,1,3.6359999999999673
134.78,213.8625,1,3.63799999999992
134.26,212.8875,1,3.6400000000003274
133.94,213.4875,1,3.64200000000028
134.38,212.925,1,3.644000000000233
134.14,212.3625,1,3.6460000000001855
134.3,213.3375,1,3.6480000000001382
134.06,211.575,1,3.650000000000091
133.7,211.1625,1,3.6520000000000437
133.54,211.0875,1,3.6539999999999964
133.74,210.9,1,3.655999999999949
133.66,210.7875,1,3.6579999999999018
133.26,211.0875,1,3.6600000000003092
133.98,210.6,1,3.662000000000262
134.06,210.75,1,3.6640000000002146
133.5,210.6375,1,3.6660000000001673
133.38,209.6625,1,3.66800000000012
133.57999999999998,210.2625,1,3.6700000000000728
133.3,210.3,1,3.6720000000000255
133.14000000000001,209.85000000000002,1,3.673999999999978
133.29999999999998,209.6625,1,3.675999999999931
133.26,209.4,1,3.6780000000003383
133.38,209.4,1,3.680000000000291
133.42,209.025,1,3.6820000000002437
133.22,209.5125,1,3.6840000000001965
133.14,209.28750000000002,1,3.686000000000149
132.9,208.91250000000002,1,3.688000000000102
133.42000000000002,207.97500000000002,1,3.6900000000000546
133.54000000000002,208.4625,1,3.6920000000000073
133.34,208.16250000000002,1,3.69399999999996
133.3,208.4625,1,3.6959999999999127
132.98000000000002,208.3125,1,3.69800000000032
133.54,208.3875,1,3.700000000000273
133.34,207.75,1,3.7020000000002256
133.18,207.6375,1,3.7040000000001783
133.10000000000002,207.825,1,3.706000000000131
133.38,207.975,1,3.7080000000000837
132.82,206.85000000000002,1,3.7100000000000364
133.42000000000002,207.1125,1,3.711999999999989
133.5,207.1875,1,3.713999999999942
133.34,206.55,1,3.7160000000003492
133.82,206.55,1,3.718000000000302
133.10000000000002,206.925,1,3.7200000000002547
133.78,206.0625,1,3.7220000000002074
133.02,206.625,1,3.72400000000016
133.86,206.2875,1,3.7260000000001128
133.5,205.8,1,3.7280000000000655
133.26,205.6875,1,3.730000000000018
134.01999999999998,206.2875,1,3.731999999999971
133.62,205.575,1,3.7339999999999236
133.3,205.5,1,3.736000000000331
133.78,206.55,1,3.7380000000002838
133.9,204.75,1,3.7400000000002365
133.7,204.9,1,3.742000000000189
133.06,205.2,1,3.744000000000142
133.86,204.75,1,3.7460000000000946
134.01999999999998,205.3125,1,3.7480000000000473
133.82,204.225,1,3.75
133.89999999999998,204.375,1,3.7519999999999527
133.94,204.2625,1,3.7539999999999054
133.3,204.2625,1,3.756000000000313
133.62,203.925,1,3.7580000000002656
133.3,203.8875,1,3.7600000000002183
133.29999999999998,202.5,1,3.762000000000171
131.62,201.975,1,3.7640000000001237
128.34,198.4875,1,3.7660000000000764
124.97999999999999,195.71249999999998,1,3.768000000000029
120.3,191.2875,1,3.769999999999982
115.82,185.8125,1,3.7719999999999345
112.82,180.975,1,3.774000000000342
111.02000000000001,176.85000000000002,1,3.7760000000002947
109.5,172.2,1,3.7780000000002474
107.5,169.5375,1,3.7800000000002
105.14,167.2875,1,3.782000000000153
101.34,165.075,1,3.7840000000001055
98.42,163.575,1,3.786000000000058
95.02000000000001,161.7375,1,3.788000000000011
91.13999999999999,159.075,1,3.7899999999999636
88.62,156.9375,1,3.7919999999999163
87.38,155.55,1,3.794000000000324
87.5,154.2,1,3.7960000000002765
86.86,153.075,1,3.798000000000229
87.22,153.825,1,3.800000000000182
87.26,154.6125,1,3.8020000000001346
87.53999999999999,155.55,1,3.8040000000000873
87.10000000000001,154.125,1,3.80600000000004
87.34,156.0,1,3.8079999999999927
87.94,156.45,1,3.8099999999999454
87.62,155.025,1,3.811999999999898
87.94,155.325,1,3.8140000000003056
87.94,154.6125,1,3.8160000000002583
87.5,154.125,1,3.818000000000211
87.46000000000001,154.125,1,3.8200000000001637
88.1,153.825,1,3.8220000000001164
87.58,152.8875,1,3.824000000000069
87.1,153.225,1,3.826000000000022
87.18,153.2625,1,3.8279999999999745
87.38,153.0,1,3.8299999999999272
87.97999999999999,151.91250000000002,1,3.8320000000003347
86.78,153.3375,1,3.8340000000002874
87.02,150.975,1,3.83600000000024
87.22,152.2875,1,3.838000000000193
87.58,151.575,1,3.8400000000001455
87.5,152.1,1,3.8420000000000982
87.58,151.1625,1,3.844000000000051
87.66,151.05,1,3.8460000000000036
87.34,150.975,1,3.8479999999999563
87.34,149.8125,1,3.849999999999909
87.53999999999999,149.8875,1,3.8520000000003165
87.41999999999999,150.075,1,3.854000000000269
87.41999999999999,149.85,1,3.856000000000222
87.02,148.53750000000002,1,3.8580000000001746
87.26,148.46249999999998,1,3.8600000000001273
87.02000000000001,148.46249999999998,1,3.86200000000008
87.38,147.8625,1,3.8640000000000327
86.94,147.75,1,3.8659999999999854
87.25999999999999,148.16250000000002,1,3.867999999999938
87.34,148.2375,1,3.8700000000003456
87.34,147.97500000000002,1,3.8720000000002983
86.9,148.2,1,3.874000000000251
87.26,148.725,1,3.8760000000002037
86.9,148.91250000000002,1,3.8780000000001564
87.22,148.95,1,3.880000000000109
86.94,148.5,1,3.882000000000062
86.86,149.58749999999998,1,3.8840000000000146
87.1,148.7625,1,3.8859999999999673
86.66,148.575,1,3.88799999999992
87.02,148.7625,1,3.8900000000003274
86.69999999999999,148.8,1,3.89200000000028
86.66,148.1625,1,3.894000000000233
86.7,149.25,1,3.8960000000001855
86.34,148.6125,1,3.8980000000001382
86.1,149.475,1,3.900000000000091
85.94,147.78750000000002,1,3.9020000000000437
86.30000000000001,149.025,1,3.9039999999999964
86.06,148.05,1,3.905999999999949
86.14,146.7,1,3.9079999999999018
86.06,147.075,1,3.9100000000003092
85.7,145.91250000000002,1,3.912000000000262
85.54,145.2375,1,3.9140000000002146
85.7,145.1625,1,3.9160000000001673
84.86,144.78750000000002,1,3.91800000000012
85.58,144.89999999999998,1,3.9200000000000728
85.18,142.8,1,3.9220000000000255
84.9,143.7375,1,3.923999999999978
85.1,142.4625,1,3.925999999999931
85.41999999999999,142.0125,1,3.9280000000003383
84.38,142.6125,1,3.930000000000291
84.66,142.0125,1,3.9320000000002437
85.1,141.1125,1,3.9340000000001965
85.02000000000001,141.4875,1,3.936000000000149
84.74000000000001,142.5,1,3.938000000000102
84.78,140.85,1,3.9400000000000546
84.62,141.1875,1,3.9420000000000073
84.34,141.375,1,3.94399999999996
84.58,140.5875,1,3.9459999999999127
84.86,140.1375,1,3.94800000000032
84.97999999999999,140.7375,1,3.950000000000273
84.5,141.4125,1,3.9520000000002256
84.62,140.8875,1,3.9540000000001783
84.98,140.7,1,3.956000000000131
84.69999999999999,141.1875,1,3.9580000000000837
85.02000000000001,141.375,1,3.9600000000000364
84.97999999999999,140.925,1,3.961999999999989
84.97999999999999,141.3,1,3.963999999999942
85.02000000000001,141.22500000000002,1,3.9660000000003492
84.97999999999999,140.7,1,3.968000000000302
85.02,141.675,1,3.9700000000002547
84.82,141.14999999999998,1,3.9720000000002074
85.1,141.4875,1,3.97400000000016
85.66,141.0375,1,3.9760000000001128
84.98,141.075,1,3.9780000000000655
84.9,141.1125,1,3.980000000000018
84.86,141.41250000000002,1,3.981999999999971
85.14,140.85,1,3.9839999999999236
85.38,141.14999999999998,1,3.986000000000331
85.02000000000001,141.6,1,3.9880000000002838
85.42,141.375,1,3.9900000000002365
85.18,140.85000000000002,1,3.992000000000189
85.9,141.60000000000002,1,3.994000000000142
85.3,141.4125,1,3.9960000000000946
86.3,142.125,1,3.9980000000000473
85.98,141.6,1,4.0
86.02000000000001,141.8625,1,4.001999999999953
86.1,141.9,1,4.003999999999905
86.14,141.825,1,4.006000000000313
86.46,142.3875,1,4.008000000000266
86.25999999999999,141.4875,1,4.010000000000218
86.5,141.4875,1,4.012000000000171
86.69999999999999,142.3125,1,4.014000000000124
86.86,141.71249999999998,1,4.016000000000076
86.86,141.3375,1,4.018000000000029
86.62,141.75,1,4.019999999999982
86.86,142.2,1,4.0219999999999345
86.25999999999999,141.9,1,4.024000000000342
86.69999999999999,141.3,1,4.026000000000295
86.62,142.35000000000002,1,4.028000000000247
86.9,142.8,1,4.0300000000002
86.66,141.5625,1,4.032000000000153
86.9,142.35000000000002,1,4.0340000000001055
86.58,141.3,1,4.036000000000058
87.22,142.3875,1,4.038000000000011
87.97999999999999,142.9125,1,4.039999999999964
89.53999999999999,144.975,1,4.041999999999916
91.5,146.4375,1,4.044000000000324
97.7,149.4375,1,4.0460000000002765
103.25999999999999,153.525,1,4.048000000000229
110.02000000000001,156.1125,1,4.050000000000182
117.22,161.475,1,4.052000000000135
126.94,165.75,1,4.054000000000087
134.1,170.2125,1,4.05600000000004
141.38,175.425,1,4.057999999999993
148.3,180.075,1,4.059999999999945
154.94,184.95,1,4.061999999999898
162.26,191.175,1,4.064000000000306
170.7,201.0,1,4.066000000000258
176.34,208.275,1,4.068000000000211
183.54,216.9,1,4.070000000000164
188.7,222.0375,1,4.072000000000116
192.42000000000002,226.3875,1,4.074000000000069
194.82,230.39999999999998,1,4.076000000000022
196.94,233.4,1,4.0779999999999745
196.26,234.9375,1,4.079999999999927
196.22,234.45,1,4.082000000000335
194.78,233.7,1,4.084000000000287
194.3,232.72500000000002,1,4.08600000000024
194.57999999999998,232.8,1,4.088000000000193
194.54,232.35,1,4.0900000000001455
194.06,232.6875,1,4.092000000000098
193.45999999999998,232.0125,1,4.094000000000051
193.46,231.45,1,4.096000000000004
193.7,230.10000000000002,1,4.097999999999956
193.5,230.2125,1,4.099999999999909
193.9,230.0625,1,4.1020000000003165
193.54000000000002,230.175,1,4.104000000000269
193.62,230.5875,1,4.106000000000222
193.74,230.775,1,4.108000000000175
193.74,230.25,1,4.110000000000127
193.78,228.97500000000002,1,4.11200000000008
194.10000000000002,229.425,1,4.114000000000033
193.94,228.3375,1,4.1159999999999854
194.26,229.875,1,4.117999999999938
194.78,228.1125,1,4.120000000000346
194.26,227.8125,1,4.122000000000298
194.38,229.0125,1,4.124000000000251
194.26,227.7375,1,4.126000000000204
194.26,227.3625,1,4.128000000000156
194.5,226.3125,1,4.130000000000109
194.78,226.7625,1,4.132000000000062
194.5,226.27499999999998,1,4.1340000000000146
194.22000000000003,226.8,1,4.135999999999967
194.3,226.425,1,4.13799999999992
195.06,225.4875,1,4.140000000000327
194.57999999999998,225.825,1,4.14200000000028
194.26,226.3875,1,4.144000000000233
194.7,226.5,1,4.1460000000001855
194.86,225.5625,1,4.148000000000138
195.3,224.8875,1,4.150000000000091
195.10000000000002,225.3,1,4.152000000000044
194.94,224.925,1,4.153999999999996
195.62,224.66250000000002,1,4.155999999999949
195.1,224.28750000000002,1,4.157999999999902
195.54000000000002,224.2875,1,4.160000000000309
195.94,224.0625,1,4.162000000000262
195.54000000000002,224.02499999999998,1,4.164000000000215
195.57999999999998,223.27499999999998,1,4.166000000000167
196.01999999999998,224.3625,1,4.16800000000012
195.78,223.0875,1,4.170000000000073
195.7,222.75,1,4.1720000000000255
195.9,222.6,1,4.173999999999978
195.7,223.0125,1,4.175999999999931
195.62,222.975,1,4.178000000000338
195.89999999999998,223.08749999999998,1,4.180000000000291
195.82,222.6,1,4.182000000000244
196.01999999999998,222.89999999999998,1,4.1840000000001965
195.74,223.53750000000002,1,4.186000000000149
195.54000000000002,222.9375,1,4.188000000000102
196.06,223.6875,1,4.190000000000055
195.94,222.9375,1,4.192000000000007
196.06,223.3125,1,4.19399999999996
196.14,223.575,1,4.195999999999913
196.33999999999997,224.25,1,4.19800000000032
196.62,223.875,1,4.200000000000273
196.18,223.72500000000002,1,4.2020000000002256
196.1,224.2125,1,4.204000000000178
196.54000000000002,223.95,1,4.206000000000131
196.26,224.025,1,4.208000000000084
196.42000000000002,223.875,1,4.210000000000036
196.78,223.425,1,4.211999999999989
196.82,223.2375,1,4.213999999999942
196.42000000000002,224.0625,1,4.216000000000349
196.38,224.2125,1,4.218000000000302
196.86,223.425,1,4.220000000000255
196.98000000000002,223.425,1,4.222000000000207
197.18,223.2375,1,4.22400000000016
197.18,222.225,1,4.226000000000113
196.82,222.4875,1,4.2280000000000655
196.74,221.7375,1,4.230000000000018
196.66000000000003,222.33749999999998,1,4.231999999999971
197.3,222.9,1,4.233999999999924
197.1,224.4,1,4.236000000000331
198.42000000000002,226.875,1,4.238000000000284
198.9,231.75,1,4.2400000000002365
200.86,235.8375,1,4.242000000000189
202.45999999999998,241.6875,1,4.244000000000142
202.57999999999998,246.52499999999998,1,4.246000000000095
201.86,250.0875,1,4.248000000000047
202.54000000000002,252.2625,1,4.25
202.18,254.4375,1,4.251999999999953
202.14,255.075,1,4.253999999999905
202.9,256.35,1,4.256000000000313
202.62,256.0875,1,4.258000000000266
203.18,256.0125,1,4.260000000000218
202.86,256.3875,1,4.262000000000171
203.18,256.0125,1,4.264000000000124
203.34,255.825,1,4.266000000000076
202.42000000000002,256.6875,1,4.268000000000029
203.26,255.375,1,4.269999999999982
203.01999999999998,256.125,1,4.2719999999999345
203.06,256.4625,1,4.274000000000342
203.26,256.8,1,4.276000000000295
202.86,256.275,1,4.278000000000247
203.26,256.2,1,4.2800000000002
203.18,256.61249999999995,1,4.282000000000153
203.38,257.025,1,4.2840000000001055
203.78,256.5,1,4.286000000000058
203.54000000000002,255.8625,1,4.288000000000011
203.18,256.5375,1,4.289999999999964
203.3,256.5,1,4.291999999999916
203.22,255.75,1,4.294000000000324
203.89999999999998,256.0875,1,4.2960000000002765
203.26,255.75,1,4.298000000000229
203.66,255.975,1,4.300000000000182
203.34,255.89999999999998,1,4.302000000000135
203.45999999999998,255.9375,1,4.304000000000087
203.7,256.2,1,4.30600000000004
203.82,255.825,1,4.307999999999993
203.86,256.35,1,4.309999999999945
203.74,256.6125,1,4.311999999999898
204.18,256.125,1,4.314000000000306
203.86,256.275,1,4.316000000000258
204.06,255.75,1,4.318000000000211
204.42,255.675,1,4.320000000000164
204.34,255.5625,1,4.322000000000116
204.22,255.26250000000002,1,4.324000000000069
204.26,255.525,1,4.326000000000022
203.86,255.75,1,4.3279999999999745
203.7,255.3,1,4.329999999999927
204.14,255.7125,1,4.332000000000335
203.94,255.675,1,4.334000000000287
203.7,254.6625,1,4.33600000000024
204.3,254.8875,1,4.338000000000193
204.22,254.70000000000002,1,4.3400000000001455
204.45999999999998,254.8125,1,4.342000000000098
204.14,255.4875,1,4.344000000000051
204.46,255.0,1,4.346000000000004
203.86,255.1125,1,4.347999999999956
204.01999999999998,254.85,1,4.349999999999909
204.46,254.8125,1,4.3520000000003165
204.18,254.47500000000002,1,4.354000000000269
204.46,254.25,1,4.356000000000222
204.45999999999998,254.025,1,4.358000000000175
204.45999999999998,253.9875,1,4.360000000000127
204.33999999999997,253.8,1,4.36200000000008
204.38,254.1375,1,4.364000000000033
204.34,253.76250000000002,1,4.3659999999999854
204.10000000000002,254.025,1,4.367999999999938
204.5,254.0625,1,4.370000000000346
204.22,253.9125,1,4.372000000000298
204.66,254.8875,1,4.374000000000251
204.66,253.9875,1,4.376000000000204
204.57999999999998,254.5125,1,4.378000000000156
204.42,253.95,1,4.380000000000109
204.82,254.4375,1,4.382000000000062
204.89999999999998,254.175,1,4.3840000000000146
204.66,254.3625,1,4.385999999999967
204.3,254.2125,1,4.38799999999992
205.02,253.98749999999998,1,4.390000000000327
204.45999999999998,254.8875,1,4.39200000000028
204.5,254.175,1,4.394000000000233
204.57999999999998,254.2125,1,4.3960000000001855
204.3,254.625,1,4.398000000000138
204.38,253.9875,1,4.400000000000091
204.14,253.725,1,4.402000000000044
204.82,254.5875,1,4.403999999999996
204.45999999999998,254.36249999999998,1,4.405999999999949
204.57999999999998,253.95,1,4.407999999999902
204.62,254.6625,1,4.410000000000309
204.22,254.32500000000002,1,4.412000000000262
204.42000000000002,253.7625,1,4.414000000000215
204.94,253.9875,1,4.416000000000167
204.5,254.10000000000002,1,4.41800000000012
204.5,254.1375,1,4.420000000000073
204.46,254.025,1,4.4220000000000255
204.38,253.72500000000002,1,4.423999999999978
204.38,253.8,1,4.425999999999931
204.57999999999998,254.25,1,4.428000000000338
204.3,254.55,1,4.430000000000291
204.5,253.8375,1,4.432000000000244
204.57999999999998,253.725,1,4.4340000000001965
204.62,253.7625,1,4.436000000000149
203.7,254.88750000000002,1,4.438000000000102
203.38,258.1125,1,4.440000000000055
203.54,259.875,1,4.442000000000007
203.14,263.6625,1,4.44399999999996
202.34,269.51250000000005,1,4.445999999999913
202.06,275.025,1,4.44800000000032
201.18,281.7,1,4.450000000000273
201.10000000000002,285.675,1,4.4520000000002256
201.58,289.5375,1,4.454000000000178
202.5,291.1125,1,4.456000000000131
202.06,292.35,1,4.458000000000084
202.10000000000002,293.025,1,4.460000000000036
202.3,292.57500000000005,1,4.461999999999989
202.94,292.95000000000005,1,4.463999999999942
202.98000000000002,294.225,1,4.466000000000349
202.82,293.4375,1,4.468000000000302
203.14,293.2125,1,4.470000000000255
203.54,293.8125,1,4.472000000000207
203.78,293.475,1,4.47400000000016
203.3,293.25,1,4.476000000000113
202.98000000000002,292.8375,1,4.4780000000000655
203.57999999999998,293.1,1,4.480000000000018
203.45999999999998,292.875,1,4.481999999999971
204.01999999999998,292.6125,1,4.483999999999924
203.38,293.025,1,4.486000000000331
203.1,292.7625,1,4.488000000000284
204.3,293.6625,1,4.4900000000002365
203.77999999999997,293.25,1,4.492000000000189
204.34,293.54999999999995,1,4.494000000000142
204.86,293.1,1,4.496000000000095
204.26,293.4375,1,4.498000000000047
204.5,293.4,1,4.5
205.02,293.4375,1,4.501999999999953
205.06,293.4375,1,4.503999999999905
205.34,293.325,1,4.506000000000313
204.7,293.13750000000005,1,4.508000000000266
205.06,292.725,1,4.510000000000218
205.34,293.32500000000005,1,4.512000000000171
205.18,292.8375,1,4.514000000000124
205.22,293.4375,1,4.516000000000076
205.45999999999998,293.0625,1,4.518000000000029
205.74,293.25,1,4.519999999999982
205.06,292.98749999999995,1,4.5219999999999345
205.66,292.95,1,4.524000000000342
205.22,293.025,1,4.526000000000295
205.14,292.6125,1,4.528000000000247
205.57999999999998,292.6875,1,4.5300000000002
205.5,293.32500000000005,1,4.532000000000153
205.86,292.57500000000005,1,4.5340000000001055
205.42000000000002,292.95000000000005,1,4.536000000000058
205.66,293.2125,1,4.538000000000011
205.34,292.38750000000005,1,4.539999999999964
205.78,292.5,1,4.541999999999916
205.3,292.65,1,4.544000000000324
205.3,292.5,1,4.5460000000002765
205.42000000000002,292.4625,1,4.548000000000229
205.38,292.425,1,4.550000000000182
205.54,292.6875,1,4.552000000000135
205.54,292.425,1,4.554000000000087
205.5,292.8375,1,4.55600000000004
205.42000000000002,292.38750000000005,1,4.557999999999993
206.18,292.65,1,4.559999999999945
205.82,292.8375,1,4.561999999999898
206.14,292.79999999999995,1,4.564000000000306
206.3,292.6125,1,4.566000000000258
205.86,292.875,1,4.568000000000211
205.57999999999998,292.3125,1,4.570000000000164
205.86,292.575,1,4.572000000000116
205.66000000000003,292.6875,1,4.574000000000069
205.86,293.2125,1,4.576000000000022
205.7,293.13750000000005,1,4.5779999999999745
205.86,292.6125,1,4.579999999999927
205.7,293.25,1,4.582000000000335
206.06,293.625,1,4.584000000000287
205.54000000000002,292.35,1,4.58600000000024
205.98000000000002,293.4375,1,4.588000000000193
206.14,293.1,1,4.5900000000001455
205.78,292.9125,1,4.592000000000098
206.34,293.17499999999995,1,4.594000000000051
206.38,292.875,1,4.596000000000004
206.26,292.7625,1,4.597999999999956
205.78,293.175,1,4.599999999999909
206.14,292.8375,1,4.6020000000003165
206.57999999999998,293.1375,1,4.604000000000269
205.86,292.95000000000005,1,4.606000000000222
206.3,293.475,1,4.608000000000175
206.1,292.9875,1,4.610000000000127
205.86,293.2875,1,4.61200000000008
205.66,292.5375,1,4.614000000000033
206.1,293.325,1,4.6159999999999854
205.9,292.4625,1,4.617999999999938
206.06,293.54999999999995,1,4.620000000000346
206.22,293.85,1,4.622000000000298
206.3,293.32500000000005,1,4.624000000000251
206.86,292.9875,1,4.626000000000204
206.06,293.9625,1,4.628000000000156
206.22,294.0375,1,4.630000000000109
206.62,293.85,1,4.632000000000062
206.34,294.0,1,4.6340000000000146
206.33999999999997,294.375,1,4.635999999999967
206.38,294.0375,1,4.63799999999992
205.82,294.75,1,4.640000000000327
206.22,294.375,1,4.64200000000028
206.3,294.07500000000005,1,4.644000000000233
206.57999999999998,294.75,1,4.6460000000001855
205.94,294.7125,1,4.648000000000138
206.06,293.9625,1,4.650000000000091
206.10000000000002,294.1125,1,4.652000000000044
206.01999999999998,294.1125,1,4.653999999999996
206.01999999999998,293.85,1,4.655999999999949
206.54000000000002,294.3,1,4.657999999999902
206.57999999999998,294.07500000000005,1,4.660000000000309
205.98000000000002,293.36249999999995,1,4.662000000000262
206.62,293.88750000000005,1,4.664000000000215
206.54000000000002,293.7,1,4.666000000000167
206.42000000000002,292.875,1,4.66800000000012
206.38,293.5875,1,4.670000000000073
206.57999999999998,293.4,1,4.6720000000000255
206.26,293.85,1,4.673999999999978
206.46,292.5375,1,4.675999999999931
206.5,293.4,1,4.678000000000338
206.18,293.1,1,4.680000000000291
206.62,292.8375,1,4.682000000000244
206.3,293.5125,1,4.6840000000001965
206.42000000000002,293.5875,1,4.686000000000149
206.42000000000002,293.0625,1,4.688000000000102
206.14,293.3625,1,4.690000000000055
206.42000000000002,294.1875,1,4.692000000000007
206.62,293.54999999999995,1,4.69399999999996
206.26,293.7375,1,4.695999999999913
206.26,293.9625,1,4.69800000000032
206.94,293.92499999999995,1,4.700000000000273
206.62,294.1125,1,4.7020000000002256
206.3,293.7375,1,4.704000000000178
207.26,294.525,1,4.706000000000131
206.62,294.9,1,4.708000000000084
207.14,294.9,1,4.710000000000036
206.57999999999998,294.3375,1,4.711999999999989
206.42000000000002,294.0375,1,4.713999999999942
206.7,294.48749999999995,1,4.716000000000349
206.5,294.375,1,4.718000000000302
206.7,294.4125,1,4.720000000000255
206.58,293.775,1,4.722000000000207
206.66000000000003,294.3375,1,4.72400000000016
206.38,294.0375,1,4.726000000000113
206.54,293.7375,1,4.7280000000000655
206.86,294.9375,1,4.730000000000018
206.57999999999998,294.4125,1,4.731999999999971
206.94,294.07500000000005,1,4.733999999999924
206.89999999999998,295.05,1,4.736000000000331
206.94,294.5625,1,4.738000000000284
206.98,294.6375,1,4.7400000000002365
206.94,295.2,1,4.742000000000189
206.54,295.01250000000005,1,4.744000000000142
207.01999999999998,294.9375,1,4.746000000000095
206.34,295.65,1,4.748000000000047
205.22,295.95,1,4.75
204.06,296.54999999999995,1,4.751999999999953
202.46,298.725,1,4.753999999999905
200.18,300.5625,1,4.756000000000313
197.89999999999998,302.85,1,4.758000000000266
196.54,307.38750000000005,1,4.760000000000218
194.42000000000002,308.1375,1,4.762000000000171
194.14,310.1625,1,4.764000000000124
193.77999999999997,311.5875,1,4.766000000000076
193.14,312.26250000000005,1,4.768000000000029
193.38,312.86249999999995,1,4.769999999999982
193.34,313.61249999999995,1,4.7719999999999345
193.54000000000002,313.8,1,4.774000000000342
193.38,313.95,1,4.776000000000295
193.62,313.95000000000005,1,4.778000000000247
193.22,314.1,1,4.7800000000002
193.78,315.1875,1,4.782000000000153
193.94,313.8375,1,4.7840000000001055
193.57999999999998,313.6125,1,4.786000000000058
193.86,314.2125,1,4.788000000000011
193.7,313.5375,1,4.789999999999964
193.89999999999998,314.25,1,4.791999999999916
194.06,314.55,1,4.794000000000324
193.89999999999998,314.4,1,4.7960000000002765
193.7,314.0625,1,4.798000000000229
194.18,315.4125,1,4.800000000000182
193.86,313.8375,1,4.802000000000135
194.06,313.875,1,4.804000000000087
194.22,314.325,1,4.80600000000004
194.82,315.075,1,4.807999999999993
194.38,315.1875,1,4.809999999999945
194.38,315.375,1,4.811999999999898
194.42000000000002,315.45,1,4.814000000000306
194.45999999999998,315.1125,1,4.816000000000258
195.01999999999998,315.3,1,4.818000000000211
194.78,315.45,1,4.820000000000164
194.74,315.7875,1,4.822000000000116
194.57999999999998,316.3125,1,4.824000000000069
194.46,316.575,1,4.826000000000022
194.9,315.48749999999995,1,4.8279999999999745
195.02,315.7125,1,4.829999999999927
194.66,316.38750000000005,1,4.832000000000335
194.33999999999997,315.5625,1,4.834000000000287
194.26,315.9375,1,4.83600000000024
194.38,315.6,1,4.838000000000193
194.74,315.7875,1,4.8400000000001455
194.82,315.3,1,4.842000000000098
194.18,314.9625,1,4.844000000000051
194.22,314.9625,1,4.846000000000004
194.22,315.15,1,4.847999999999956
193.98000000000002,315.2625,1,4.849999999999909
194.14,314.775,1,4.8520000000003165
194.14,314.4,1,4.854000000000269
193.57999999999998,314.025,1,4.856000000000222
193.7,313.2375,1,4.858000000000175
193.34,313.575,1,4.860000000000127
192.98000000000002,313.0875,1,4.86200000000008
193.3,312.9375,1,4.864000000000033
193.1,312.3375,1,4.8659999999999854
193.26,312.9375,1,4.867999999999938
192.3,312.3,1,4.870000000000346
192.66,312.15,1,4.872000000000298
193.38,312.1125,1,4.874000000000251
192.89999999999998,312.675,1,4.876000000000204
192.5,311.85,1,4.878000000000156
192.66,311.775,1,4.880000000000109
192.62,311.9625,1,4.882000000000062
192.62,312.525,1,4.8840000000000146
192.74,312.0,1,4.885999999999967
192.57999999999998,312.225,1,4.88799999999992
192.66,312.7875,1,4.890000000000327
192.18,312.3,1,4.89200000000028
193.06,312.5625,1,4.894000000000233
192.66000000000003,313.38750000000005,1,4.8960000000001855
192.10000000000002,313.125,1,4.898000000000138
192.74,313.01250000000005,1,4.900000000000091
192.7,313.1625,1,4.902000000000044
192.94,313.23749999999995,1,4.903999999999996
192.57999999999998,313.5375,1,4.905999999999949
193.02,313.38750000000005,1,4.907999999999902
192.94,313.9125,1,4.910000000000309
193.54000000000002,313.42499999999995,1,4.912000000000262
193.42000000000002,313.6875,1,4.914000000000215
193.62,313.65,1,4.916000000000167
193.86,313.4625,1,4.91800000000012
193.7,312.6,1,4.920000000000073
194.14,313.275,1,4.9220000000000255
194.38,313.0875,1,4.923999999999978
194.66,313.5375,1,4.925999999999931
195.10000000000002,313.9875,1,4.928000000000338
194.7,313.76250000000005,1,4.930000000000291
195.54000000000002,313.5,1,4.932000000000244
195.46,314.17499999999995,1,4.9340000000001965
195.74,314.025,1,4.936000000000149
195.14,313.05,1,4.938000000000102
195.3,313.725,1,4.940000000000055
195.7,313.95,1,4.942000000000007
195.38,313.57500000000005,1,4.94399999999996
195.46,313.9125,1,4.945999999999913
195.01999999999998,313.9125,1,4.94800000000032
195.7,314.17499999999995,1,4.950000000000273
195.98000000000002,314.3625,1,4.9520000000002256
195.89999999999998,313.98749999999995,1,4.954000000000178
195.89999999999998,314.55,1,4.956000000000131
196.22,314.175,1,4.958000000000084
195.14,314.32500000000005,1,4.960000000000036
196.34,313.95000000000005,1,4.961999999999989
195.66000000000003,314.5125,1,4.963999999999942
195.98000000000002,313.725,1,4.966000000000349
195.82,314.36249999999995,1,4.968000000000302
196.22,314.1,1,4.970000000000255
196.01999999999998,314.4375,1,4.972000000000207
196.26,314.1,1,4.97400000000016
196.1,314.5875,1,4.976000000000113
195.86,314.175,1,4.9780000000000655
195.62,313.875,1,4.980000000000018
195.57999999999998,313.5,1,4.981999999999971
195.54,313.3875,1,4.983999999999924
196.3,314.0625,1,4.986000000000331
195.74,313.8375,1,4.988000000000284
195.62,313.57500000000005,1,4.9900000000002365
195.66,313.8375,1,4.992000000000189
195.42000000000002,313.6875,1,4.994000000000142
195.74,313.76250000000005,1,4.996000000000095
195.74,313.8375,1,4.998000000000047
195.5,313.725,1,5.0
195.66,314.1375,1,5.001999999999953
195.46,314.025,1,5.003999999999905
195.86,313.4625,1,5.006000000000313
195.18,313.65,1,5.008000000000266
195.46,313.20000000000005,1,5.010000000000218
195.34,313.20000000000005,1,5.012000000000171
195.06,313.3125,1,5.014000000000124
195.1,313.3125,1,5.016000000000076
195.14,314.1375,1,5.018000000000029
194.3,314.025,1,5.019999999999982
194.94,312.9375,1,5.0219999999999345
195.46,313.57500000000005,1,5.024000000000342
194.86,313.2,1,5.026000000000295
194.5,313.3875,1,5.028000000000247
194.66,313.0125,1,5.0300000000002
194.38,313.0125,1,5.032000000000153
194.45999999999998,312.975,1,5.0340000000001055
194.38,313.2375,1,5.036000000000058
193.98000000000002,313.575,1,5.038000000000011
194.42000000000002,312.75,1,5.039999999999964
194.26,313.05,1,5.041999999999916
193.98000000000002,313.57500000000005,1,5.044000000000324
194.38,313.2375,1,5.0460000000002765
194.3,313.6125,1,5.048000000000229
193.9,313.4625,1,5.050000000000182
194.22,312.9,1,5.052000000000135
194.22,313.275,1,5.054000000000087
194.26,313.42499999999995,1,5.05600000000004
193.98,313.275,1,5.057999999999993
194.1,314.2125,1,5.059999999999945
193.86,313.42499999999995,1,5.061999999999898
194.42000000000002,313.4625,1,5.064000000000306
194.42000000000002,313.425,1,5.066000000000258
194.06,313.725,1,5.068000000000211
193.94,312.45,1,5.070000000000164
194.5,312.5625,1,5.072000000000116
194.14,312.86249999999995,1,5.074000000000069
194.3,313.1625,1,5.076000000000022
194.3,312.1875,1,5.0779999999999745
194.01999999999998,312.375,1,5.079999999999927
194.7,312.26250000000005,1,5.082000000000335
193.82,311.88750000000005,1,5.084000000000287
193.94,311.7,1,5.08600000000024
194.42000000000002,311.51250000000005,1,5.088000000000193
194.46,311.925,1,5.0900000000001455
194.38,311.625,1,5.092000000000098
193.98000000000002,311.3625,1,5.094000000000051
194.26,311.4375,1,5.096000000000004
194.18,311.475,1,5.097999999999956
194.42000000000002,311.55,1,5.099999999999909
194.62,311.5125,1,5.1020000000003165
194.14,310.9125,1,5.104000000000269
194.14,311.2125,1,5.106000000000222
194.54000000000002,312.45000000000005,1,5.108000000000175
195.14,311.1375,1,5.110000000000127
197.18,312.29999999999995,1,5.11200000000008
200.18,314.13750000000005,1,5.114000000000033
205.38,315.82500000000005,1,5.1159999999999854
211.7,317.0625,1,5.117999999999938
220.74,319.05,1,5.120000000000346
230.1,319.9125,1,5.122000000000298
241.01999999999998,322.01250000000005,1,5.124000000000251
250.98000000000002,322.6875,1,5.126000000000204
263.22,323.25,1,5.128000000000156
275.58000000000004,324.75,1,5.130000000000109
289.02,327.675,1,5.132000000000062
301.38,328.8375,1,5.1340000000000146
311.26,330.7125,1,5.135999999999967
321.22,331.3125,1,5.13799999999992
328.62,333.1125,1,5.140000000000327
335.14,334.1625,1,5.14200000000028
339.26,335.3625,1,5.144000000000233
342.46000000000004,334.5,1,5.1460000000001855
344.22,335.0625,1,5.148000000000138
345.78,335.0625,1,5.150000000000091
345.58000000000004,334.04999999999995,1,5.152000000000044
345.53999999999996,334.1625,1,5.153999999999996
344.94,333.7875,1,5.155999999999949
344.3,334.275,1,5.157999999999902
344.02,333.29999999999995,1,5.160000000000309
343.62,333.525,1,5.162000000000262
343.86,333.1125,1,5.164000000000215
343.53999999999996,332.2875,1,5.166000000000167
343.18,332.5875,1,5.16800000000012
343.5,332.625,1,5.170000000000073
343.53999999999996,332.4,1,5.1720000000000255
343.3,331.7625,1,5.173999999999978
343.41999999999996,332.775,1,5.175999999999931
343.34000000000003,332.2125,1,5.178000000000338
343.26,332.25,1,5.180000000000291
343.29999999999995,331.5,1,5.182000000000244
343.62,332.025,1,5.1840000000001965
343.26,331.4625,1,5.186000000000149
343.7,331.3875,1,5.188000000000102
343.62,331.35,1,5.190000000000055
344.18,330.82500000000005,1,5.192000000000007
343.62,330.8625,1,5.19399999999996
343.82000000000005,330.7125,1,5.195999999999913
343.9,329.88750000000005,1,5.19800000000032
344.14,330.525,1,5.200000000000273
343.98,329.7,1,5.2020000000002256
344.14,330.0375,1,5.204000000000178
343.86,329.6625,1,5.206000000000131
344.02,328.9875,1,5.208000000000084
344.1,329.4375,1,5.210000000000036
344.02,330.0,1,5.211999999999989
343.9,329.17499999999995,1,5.213999999999942
344.3,328.98749999999995,1,5.216000000000349
343.82000000000005,328.8375,1,5.218000000000302
343.82000000000005,328.5,1,5.220000000000255
344.62,328.42499999999995,1,5.222000000000207
344.06,329.5875,1,5.22400000000016
344.06,328.125,1,5.226000000000113
344.58000000000004,328.3125,1,5.2280000000000655
343.86,328.5,1,5.230000000000018
344.34000000000003,328.0125,1,5.231999999999971
344.38,328.20000000000005,1,5.233999999999924
343.86,327.7875,1,5.236000000000331
344.41999999999996,327.48749999999995,1,5.238000000000284
344.94,328.04999999999995,1,5.2400000000002365
344.14,328.0875,1,5.242000000000189
344.78,327.825,1,5.244000000000142
344.62,327.525,1,5.246000000000095
344.70000000000005,327.9,1,5.248000000000047
344.9,328.0125,1,5.25
344.78,327.9,1,5.251999999999953
344.78,327.375,1,5.253999999999905
344.53999999999996,327.6,1,5.256000000000313
344.94,327.225,1,5.258000000000266
345.22,327.86249999999995,1,5.260000000000218
344.58000000000004,326.73749999999995,1,5.262000000000171
344.65999999999997,326.475,1,5.264000000000124
344.98,327.7125,1,5.266000000000076
344.18,325.5375,1,5.268000000000029
344.78,326.1,1,5.269999999999982
345.14,326.925,1,5.2719999999999345
344.58,326.4,1,5.274000000000342
344.38,325.98749999999995,1,5.276000000000295
344.9,325.7625,1,5.278000000000247
345.02,325.5375,1,5.2800000000002
344.18,325.8,1,5.282000000000153
344.78,325.5,1,5.2840000000001055
344.70000000000005,326.1375,1,5.286000000000058
344.78,325.65,1,5.288000000000011
344.74,325.35,1,5.289999999999964
345.18,324.7875,1,5.291999999999916
344.54,324.7875,1,5.294000000000324
345.14,325.3875,1,5.2960000000002765
344.94000000000005,325.42499999999995,1,5.298000000000229
344.9,325.4625,1,5.300000000000182
345.02,324.6,1,5.302000000000135
345.02,324.825,1,5.304000000000087
345.18,325.3875,1,5.30600000000004
345.29999999999995,324.75,1,5.307999999999993
345.34000000000003,324.75,1,5.309999999999945
345.02,324.825,1,5.311999999999898
345.34000000000003,324.45,1,5.314000000000306
345.18,325.2375,1,5.316000000000258
345.62,325.05,1,5.318000000000211
345.3,324.075,1,5.320000000000164
345.06,324.9,1,5.322000000000116
345.14,324.1125,1,5.324000000000069
345.70000000000005,323.625,1,5.326000000000022
345.46000000000004,324.075,1,5.3279999999999745
345.38,323.4375,1,5.329999999999927
345.34000000000003,324.0375,1,5.332000000000335
345.58000000000004,323.7375,1,5.334000000000287
345.1,323.4,1,5.33600000000024
345.46000000000004,323.3625,1,5.338000000000193
345.53999999999996,323.325,1,5.3400000000001455
344.94,324.3,1,5.342000000000098
345.34000000000003,323.925,1,5.344000000000051
345.34000000000003,323.1375,1,5.346000000000004
345.06,323.475,1,5.347999999999956
345.41999999999996,323.25,1,5.349999999999909
345.3,323.36249999999995,1,5.3520000000003165
345.46,322.875,1,5.354000000000269
345.1,323.475,1,5.356000000000222
345.26,323.025,1,5.358000000000175
345.34,322.4625,1,5.360000000000127
345.26,322.35,1,5.36200000000008
345.58000000000004,322.1625,1,5.364000000000033
345.62,321.9375,1,5.3659999999999854
345.78,322.425,1,5.367999999999938
345.06,322.2375,1,5.370000000000346
344.9,322.05,1,5.372000000000298
345.54,321.975,1,5.374000000000251
345.26,321.9,1,5.376000000000204
345.22,320.6625,1,5.378000000000156
345.38,321.975,1,5.380000000000109
345.34000000000003,321.5625,1,5.382000000000062
345.26,321.4125,1,5.3840000000000146
345.46000000000004,321.9,1,5.385999999999967
344.9,321.0,1,5.38799999999992
344.94,320.625,1,5.390000000000327
345.78,321.5625,1,5.39200000000028
345.65999999999997,321.15,1,5.394000000000233
345.82,321.3,1,5.3960000000001855
345.65999999999997,321.375,1,5.398000000000138
345.74,321.45,1,5.400000000000091
345.66,320.36249999999995,1,5.402000000000044
345.74,321.15,1,5.403999999999996
345.78,321.5625,1,5.405999999999949
345.5,321.7125,1,5.407999999999902
346.02,321.525,1,5.410000000000309
346.34000000000003,321.45,1,5.412000000000262
345.46,321.11249999999995,1,5.414000000000215
346.14,320.325,1,5.416000000000167
346.54,320.6625,1,5.41800000000012
345.74,321.0375,1,5.420000000000073
346.3,320.36249999999995,1,5.4220000000000255
346.62,320.775,1,5.423999999999978
346.41999999999996,321.5625,1,5.425999999999931
346.3,320.9625,1,5.428000000000338
346.41999999999996,321.6,1,5.430000000000291
346.53999999999996,321.45,1,5.432000000000244
347.38,320.5125,1,5.4340000000001965
349.46000000000004,321.9375,1,5.436000000000149
352.38,324.225,1,5.438000000000102
355.78,325.23749999999995,1,5.440000000000055
360.14,325.5375,1,5.442000000000007
365.5,325.7625,1,5.44399999999996
371.62,326.92499999999995,1,5.445999999999913
375.06,328.01250000000005,1,5.44800000000032
377.58000000000004,328.3125,1,5.450000000000273
378.86,328.35,1,5.4520000000002256
380.82,329.85,1,5.454000000000178
381.1,329.55,1,5.456000000000131
382.62,329.0625,1,5.458000000000084
382.98,328.61249999999995,1,5.460000000000036
382.82,328.875,1,5.461999999999989
382.94,328.125,1,5.463999999999942
382.74,328.725,1,5.466000000000349
382.38,328.98749999999995,1,5.468000000000302
382.42,328.98749999999995,1,5.470000000000255
382.62,328.9125,1,5.472000000000207
382.26,328.8,1,5.47400000000016
382.34000000000003,328.65,1,5.476000000000113
382.5,329.1,1,5.4780000000000655
382.22,328.8,1,5.480000000000018
382.3,329.325,1,5.481999999999971
382.34000000000003,328.61249999999995,1,5.483999999999924
382.38,328.61249999999995,1,5.486000000000331
382.29999999999995,328.5375,1,5.488000000000284
382.26,328.425,1,5.4900000000002365
382.34000000000003,328.9125,1,5.492000000000189
381.94,328.4625,1,5.494000000000142
381.5,327.8625,1,5.496000000000095
381.62,328.6875,1,5.498000000000047
381.86,328.65,1,5.5
381.9,327.63750000000005,1,5.501999999999953
381.9,328.1625,1,5.503999999999905
381.74,328.2375,1,5.506000000000313
381.22,327.8625,1,5.508000000000266
381.46000000000004,327.6,1,5.510000000000218
381.5,327.75,1,5.512000000000171
381.34000000000003,327.0,1,5.514000000000124
381.5,327.375,1,5.516000000000076
381.14,327.1125,1,5.518000000000029
381.46,327.4875,1,5.519999999999982
380.82,327.4875,1,5.5219999999999345
381.34000000000003,327.7875,1,5.524000000000342
381.02,327.225,1,5.526000000000295
381.14,327.3,1,5.528000000000247
381.14,327.675,1,5.5300000000002
381.38,327.375,1,5.532000000000153
380.86,327.0375,1,5.5340000000001055
380.82,327.45000000000005,1,5.536000000000058
380.86,327.525,1,5.538000000000011
381.1,327.6,1,5.539999999999964
381.06,327.7875,1,5.541999999999916
380.9,327.375,1,5.544000000000324
380.82,327.525,1,5.5460000000002765
380.98,327.525,1,5.548000000000229
380.86,327.525,1,5.550000000000182
380.94,327.75,1,5.552000000000135
380.86,327.29999999999995,1,5.554000000000087
380.98,327.6,1,5.55600000000004
380.74,327.6,1,5.557999999999993
381.26,327.225,1,5.559999999999945
380.9,327.2625,1,5.561999999999898
381.38,326.92499999999995,1,5.564000000000306
381.14,327.26250000000005,1,5.566000000000258
381.74,327.1125,1,5.568000000000211
381.06,327.15,1,5.570000000000164
381.41999999999996,326.7375,1,5.572000000000116
381.29999999999995,327.0375,1,5.574000000000069
381.58,326.92499999999995,1,5.576000000000022
381.14,326.8125,1,5.5779999999999745
381.41999999999996,326.32500000000005,1,5.579999999999927
381.54,327.0,1,5.582000000000335
381.74,326.88750000000005,1,5.584000000000287
381.38,326.8875,1,5.58600000000024
381.34000000000003,327.07500000000005,1,5.588000000000193
381.78,326.175,1,5.5900000000001455
381.9,325.65,1,5.592000000000098
381.78,326.8875,1,5.594000000000051
381.82,326.475,1,5.596000000000004
381.26,325.95,1,5.597999999999956
381.26,326.4,1,5.599999999999909
382.17999999999995,325.875,1,5.6020000000003165
381.65999999999997,325.7625,1,5.604000000000269
381.41999999999996,325.8375,1,5.606000000000222
381.78,325.9875,1,5.608000000000175
381.58,326.625,1,5.610000000000127
381.9,326.55,1,5.61200000000008
381.53999999999996,326.2875,1,5.614000000000033
381.74,325.4625,1,5.6159999999999854
381.78,325.9875,1,5.617999999999938
382.14,326.0625,1,5.620000000000346
383.62,326.325,1,5.622000000000298
386.14,327.9,1,5.624000000000251
392.14,328.23749999999995,1,5.626000000000204
400.53999999999996,329.9625,1,5.628000000000156
408.5,330.525,1,5.630000000000109
421.62,331.5375,1,5.632000000000062
433.78,331.65,1,5.6340000000000146
449.38,333.07500000000005,1,5.635999999999967
465.98,337.57500000000005,1,5.63799999999992
481.94,338.925,1,5.640000000000327
498.65999999999997,339.8625,1,5.64200000000028
516.78,341.25,1,5.644000000000233
533.66,342.1875,1,5.6460000000001855
550.02,341.85,1,5.648000000000138
566.06,340.3875,1,5.650000000000091
582.54,340.4625,1,5.652000000000044
600.54,342.1875,1,5.653999999999996
615.4200000000001,343.125,1,5.655999999999949
631.3,342.975,1,5.657999999999902
646.8199999999999,343.275,1,5.660000000000309
661.94,342.7875,1,5.662000000000262
675.9,343.125,1,5.664000000000215
687.8599999999999,342.7875,1,5.666000000000167
698.58,342.26250000000005,1,5.66800000000012
707.98,341.7,1,5.670000000000073
714.1800000000001,340.35,1,5.6720000000000255
719.5799999999999,339.29999999999995,1,5.673999999999978
723.38,338.36249999999995,1,5.675999999999931
725.46,337.725,1,5.678000000000338
725.5,336.4125,1,5.680000000000291
724.9,335.4375,1,5.682000000000244
724.14,334.9875,1,5.6840000000001965
723.0999999999999,334.275,1,5.686000000000149
721.5799999999999,333.825,1,5.688000000000102
720.98,333.375,1,5.690000000000055
721.02,333.6375,1,5.692000000000007
721.3399999999999,333.4875,1,5.69399999999996
720.46,334.0875,1,5.695999999999913
720.46,333.3375,1,5.69800000000032
720.5799999999999,333.075,1,5.700000000000273
720.9000000000001,333.2625,1,5.7020000000002256
720.74,332.7375,1,5.704000000000178
720.54,333.2625,1,5.706000000000131
721.14,332.7375,1,5.708000000000084
721.3,332.625,1,5.710000000000036
721.26,332.85,1,5.711999999999989
721.1400000000001,332.6625,1,5.713999999999942
720.98,332.73749999999995,1,5.716000000000349
720.74,332.92499999999995,1,5.718000000000302
720.3399999999999,332.4,1,5.720000000000255
720.74,332.1375,1,5.722000000000207
721.0999999999999,332.5875,1,5.72400000000016
720.54,331.6875,1,5.726000000000113
720.06,332.325,1,5.7280000000000655
720.54,332.3625,1,5.730000000000018
720.62,331.5375,1,5.731999999999971
720.7,331.65,1,5.733999999999924
720.58,331.57500000000005,1,5.736000000000331
719.78,331.61249999999995,1,5.738000000000284
720.3399999999999,330.975,1,5.7400000000002365
720.46,330.9375,1,5.742000000000189
720.02,331.3875,1,5.744000000000142
720.14,330.3,1,5.746000000000095
720.14,330.7875,1,5.748000000000047
720.42,330.7125,1,5.75
720.46,329.475,1,5.751999999999953
720.5,329.9625,1,5.753999999999905
720.6600000000001,329.4,1,5.756000000000313
720.38,328.425,1,5.758000000000266
720.4200000000001,328.61249999999995,1,5.760000000000218
720.0999999999999,327.5625,1,5.762000000000171
720.8199999999999,327.975,1,5.764000000000124
720.22,327.45,1,5.766000000000076
720.4200000000001,326.925,1,5.768000000000029
720.5,326.6625,1,5.769999999999982
719.94,326.55,1,5.7719999999999345
719.9000000000001,325.0875,1,5.774000000000342
720.1400000000001,324.82500000000005,1,5.776000000000295
720.14,324.3375,1,5.778000000000247
719.9,324.1125,1,5.7800000000002
720.0999999999999,323.625,1,5.782000000000153
720.82,322.875,1,5.7840000000001055
720.9000000000001,323.4375,1,5.786000000000058
720.74,323.775,1,5.788000000000011
720.4200000000001,322.725,1,5.789999999999964
719.98,323.32500000000005,1,5.791999999999916
720.3,323.17499999999995,1,5.794000000000324
720.14,323.2875,1,5.7960000000002765
720.98,321.9375,1,5.798000000000229
721.22,322.35,1,5.800000000000182
720.78,322.0125,1,5.802000000000135
721.22,321.975,1,5.804000000000087
721.06,321.75,1,5.80600000000004
721.3399999999999,322.5,1,5.807999999999993
721.02,322.3125,1,5.809999999999945
720.78,321.48749999999995,1,5.811999999999898
720.58,321.7125,1,5.814000000000306
720.98,321.15,1,5.816000000000258
721.22,321.225,1,5.818000000000211
721.3,320.9625,1,5.820000000000164
720.98,320.7,1,5.822000000000116
721.14,320.6625,1,5.824000000000069
721.46,321.6,1,5.826000000000022
721.74,320.85,1,5.8279999999999745
721.7,320.7375,1,5.829999999999927
721.54,321.3375,1,5.832000000000335
721.3399999999999,320.8125,1,5.834000000000287
720.94,321.45,1,5.83600000000024
721.26,321.0,1,5.838000000000193
721.78,320.625,1,5.8400000000001455
721.5799999999999,320.2125,1,5.842000000000098
721.22,321.15,1,5.844000000000051
721.26,321.0,1,5.846000000000004
721.6600000000001,320.775,1,5.847999999999956
721.78,321.9,1,5.849999999999909
721.6600000000001,320.8125,1,5.8520000000003165
721.78,320.51250000000005,1,5.854000000000269
721.5,320.7,1,5.856000000000222
721.9,320.0625,1,5.858000000000175
721.06,320.2125,1,5.860000000000127
721.5,320.4375,1,5.86200000000008
721.62,319.7625,1,5.864000000000033
721.22,320.0625,1,5.8659999999999854
721.22,319.1625,1,5.867999999999938
721.06,319.275,1,5.870000000000346
720.86,318.375,1,5.872000000000298
720.98,318.2625,1,5.874000000000251
720.98,317.8125,1,5.876000000000204
720.38,318.0375,1,5.878000000000156
721.46,317.4375,1,5.880000000000109
720.94,316.725,1,5.882000000000062
720.98,317.0625,1,5.8840000000000146
721.14,316.42499999999995,1,5.885999999999967
720.66,316.9875,1,5.88799999999992
720.5,317.1,1,5.890000000000327
721.1,316.42499999999995,1,5.89200000000028
720.8599999999999,317.32500000000005,1,5.894000000000233
720.54,316.5,1,5.8960000000001855
720.8199999999999,316.6125,1,5.898000000000138
720.02,316.3125,1,5.900000000000091
720.34,316.65,1,5.902000000000044
720.02,317.55,1,5.903999999999996
720.26,316.875,1,5.905999999999949
720.46,317.13750000000005,1,5.907999999999902
719.74,316.9875,1,5.910000000000309
719.94,317.2875,1,5.912000000000262
719.3399999999999,317.4,1,5.914000000000215
719.1800000000001,318.29999999999995,1,5.916000000000167
719.4200000000001,317.5875,1,5.91800000000012
719.82,317.88750000000005,1,5.920000000000073
719.02,318.45000000000005,1,5.9220000000000255
719.78,317.92499999999995,1,5.923999999999978
719.7,316.9875,1,5.925999999999931
719.66,317.5125,1,5.928000000000338
719.7,318.1125,1,5.930000000000291
719.46,317.4375,1,5.932000000000244
719.3,316.57500000000005,1,5.9340000000001965
719.3399999999999,316.42499999999995,1,5.936000000000149
718.98,316.275,1,5.938000000000102
719.14,317.0625,1,5.940000000000055
719.3399999999999,315.4875,1,5.942000000000007
718.74,316.2,1,5.94399999999996
718.98,315.9,1,5.945999999999913
718.7,315.525,1,5.94800000000032
719.1,315.0375,1,5.950000000000273
719.42,314.85,1,5.9520000000002256
718.78,315.7125,1,5.954000000000178
718.74,315.0375,1,5.956000000000131
718.62,314.625,1,5.958000000000084
719.0999999999999,315.0375,1,5.960000000000036
718.74,314.70000000000005,1,5.961999999999989
718.86,314.25,1,5.963999999999942
718.38,315.225,1,5.966000000000349
719.0999999999999,314.625,1,5.968000000000302
718.18,313.725,1,5.970000000000255
718.1,313.575,1,5.972000000000207
718.4200000000001,314.13750000000005,1,5.97400000000016
718.6600000000001,313.7625,1,5.976000000000113
718.38,314.2125,1,5.9780000000000655
718.62,314.54999999999995,1,5.980000000000018
718.22,314.3625,1,5.981999999999971
717.98,314.925,1,5.983999999999924
718.1800000000001,314.51250000000005,1,5.986000000000331
718.02,314.4,1,5.988000000000284
717.8199999999999,314.9625,1,5.9900000000002365
717.94,314.55,1,5.992000000000189
717.78,314.5125,1,5.994000000000142
717.7,314.8875,1,5.996000000000095
717.62,314.775,1,5.998000000000047
717.02,314.8125,1,6.0
715.98,313.61249999999995,1,6.001999999999953
713.8199999999999,311.7375,1,6.003999999999905
711.06,308.625,1,6.006000000000313
705.3,306.4125,1,6.008000000000266
697.62,303.3,1,6.010000000000218
690.3,300.15,1,6.012000000000171
683.86,295.35,1,6.014000000000124
678.06,292.125,1,6.016000000000076
672.62,288.4125,1,6.018000000000029
668.78,286.9125,1,6.019999999999982
665.54,283.0875,1,6.0219999999999345
661.62,280.35,1,6.024000000000342
658.26,278.92499999999995,1,6.026000000000295
654.46,277.8,1,6.028000000000247
650.38,275.8875,1,6.0300000000002
647.66,275.775,1,6.032000000000153
646.5799999999999,274.2,1,6.0340000000001055
645.38,272.7,1,6.036000000000058
645.86,273.11249999999995,1,6.038000000000011
645.78,273.1875,1,6.039999999999964
646.1,272.0625,1,6.041999999999916
646.46,273.07500000000005,1,6.044000000000324
646.6600000000001,273.5625,1,6.0460000000002765
646.8199999999999,272.9625,1,6.048000000000229
647.06,272.55,1,6.050000000000182
646.6600000000001,272.475,1,6.052000000000135
647.3800000000001,272.8125,1,6.054000000000087
647.8199999999999,271.425,1,6.05600000000004
647.3399999999999,272.4375,1,6.057999999999993
648.02,271.5,1,6.059999999999945
648.06,271.3125,1,6.061999999999898
647.8599999999999,270.8625,1,6.064000000000306
647.74,270.7125,1,6.066000000000258
647.8199999999999,270.0375,1,6.068000000000211
648.06,269.4375,1,6.070000000000164
647.78,269.8125,1,6.072000000000116
648.26,270.4875,1,6.074000000000069
648.02,269.8125,1,6.076000000000022
648.1800000000001,269.325,1,6.0779999999999745
648.1800000000001,269.55,1,6.079999999999927
647.98,268.9875,1,6.082000000000335
648.1,269.55,1,6.084000000000287
647.78,269.175,1,6.08600000000024
648.06,268.6875,1,6.088000000000193
647.74,268.5375,1,6.0900000000001455
647.58,268.95000000000005,1,6.092000000000098
647.9000000000001,269.2875,1,6.094000000000051
647.54,268.9125,1,6.096000000000004
647.0999999999999,268.4625,1,6.097999999999956
647.0999999999999,268.2375,1,6.099999999999909
647.02,267.29999999999995,1,6.1020000000003165
646.74,267.675,1,6.104000000000269
646.8199999999999,267.0375,1,6.106000000000222
646.8199999999999,266.8125,1,6.108000000000175
646.8199999999999,266.13750000000005,1,6.110000000000127
646.8599999999999,266.025,1,6.11200000000008
647.26,265.275,1,6.114000000000033
646.6600000000001,265.3125,1,6.1159999999999854
646.78,265.6125,1,6.117999999999938
647.7,264.1875,1,6.120000000000346
646.9,264.7125,1,6.122000000000298
646.78,264.4125,1,6.124000000000251
647.0999999999999,264.1875,1,6.126000000000204
646.86,264.0375,1,6.128000000000156
647.06,264.1125,1,6.130000000000109
646.78,263.7375,1,6.132000000000062
647.06,264.0375,1,6.1340000000000146
647.8199999999999,263.85,1,6.135999999999967
646.7,263.0625,1,6.13799999999992
646.94,264.0375,1,6.140000000000327
647.1800000000001,263.92499999999995,1,6.14200000000028
647.02,263.9625,1,6.144000000000233
647.7,264.11249999999995,1,6.1460000000001855
647.3,264.4125,1,6.148000000000138
647.3,264.26250000000005,1,6.150000000000091
646.94,264.0,1,6.152000000000044
647.26,264.3,1,6.153999999999996
647.1800000000001,265.05,1,6.155999999999949
647.3,264.7125,1,6.157999999999902
647.34,264.375,1,6.160000000000309
646.82,264.5625,1,6.162000000000262
647.46,264.63750000000005,1,6.164000000000215
647.0999999999999,264.75,1,6.166000000000167
647.02,264.0375,1,6.16800000000012
647.38,263.775,1,6.170000000000073
647.4200000000001,263.7375,1,6.1720000000000255
647.1800000000001,263.9625,1,6.173999999999978
647.1800000000001,264.75,1,6.175999999999931
647.1800000000001,264.0,1,6.178000000000338
646.98,263.7,1,6.180000000000291
647.22,263.775,1,6.182000000000244
647.14,263.2125,1,6.1840000000001965
647.74,262.4625,1,6.186000000000149
646.94,262.8,1,6.188000000000102
646.9000000000001,261.8625,1,6.190000000000055
647.62,261.6,1,6.192000000000007
647.0999999999999,262.5,1,6.19399999999996
646.98,261.86249999999995,1,6.195999999999913
647.5,261.2625,1,6.19800000000032
647.3,261.675,1,6.200000000000273
647.3399999999999,261.6375,1,6.2020000000002256
647.7,260.55,1,6.204000000000178
647.46,260.775,1,6.206000000000131
647.54,260.775,1,6.208000000000084
647.54,259.9875,1,6.210000000000036
647.3,260.7375,1,6.211999999999989
647.4200000000001,260.9625,1,6.213999999999942
647.6600000000001,261.225,1,6.216000000000349
648.02,260.5875,1,6.218000000000302
648.02,261.7875,1,6.220000000000255
647.5799999999999,260.5875,1,6.222000000000207
648.1400000000001,262.0125,1,6.22400000000016
647.98,261.5625,1,6.226000000000113
647.5,262.23749999999995,1,6.2280000000000655
647.62,261.9,1,6.230000000000018
647.6600000000001,261.9375,1,6.231999999999971
648.06,262.2375,1,6.233999999999924
647.9,262.2375,1,6.236000000000331
647.26,261.7125,1,6.238000000000284
647.58,261.7125,1,6.2400000000002365
647.5799999999999,262.65,1,6.242000000000189
647.3399999999999,262.3125,1,6.244000000000142
647.62,261.8625,1,6.246000000000095
647.3,262.0875,1,6.248000000000047
647.38,262.35,1,6.25
647.46,261.9,1,6.251999999999953
647.1800000000001,262.61249999999995,1,6.253999999999905
647.3,262.0875,1,6.256000000000313
647.34,262.05,1,6.258000000000266
647.22,262.1625,1,6.260000000000218
647.26,261.9375,1,6.262000000000171
647.0999999999999,262.575,1,6.264000000000124
646.86,262.1625,1,6.266000000000076
647.54,261.6375,1,6.268000000000029
648.94,262.125,1,6.269999999999982
652.74,264.1125,1,6.2719999999999345
658.26,266.625,1,6.274000000000342
664.8199999999999,270.4875,1,6.276000000000295
673.06,273.825,1,6.278000000000247
684.06,277.95000000000005,1,6.2800000000002
693.54,282.2625,1,6.282000000000153
705.98,289.0125,1,6.2840000000001055
714.3399999999999,292.61249999999995,1,6.286000000000058
725.86,296.775,1,6.288000000000011
733.94,301.35,1,6.289999999999964
743.8199999999999,306.675,1,6.291999999999916
752.46,309.7875,1,6.294000000000324
759.58,313.23749999999995,1,6.2960000000002765
765.94,314.775,1,6.298000000000229
769.34,317.1,1,6.300000000000182
773.14,318.675,1,6.302000000000135
774.8199999999999,319.725,1,6.304000000000087
775.78,321.0,1,6.30600000000004
775.46,320.925,1,6.307999999999993
775.46,320.7,1,6.309999999999945
774.9,321.075,1,6.311999999999898
774.26,321.2625,1,6.314000000000306
774.02,319.8375,1,6.316000000000258
773.98,320.55,1,6.318000000000211
774.22,319.5375,1,6.320000000000164
773.46,319.4625,1,6.322000000000116
773.9,319.5375,1,6.324000000000069
774.02,319.425,1,6.326000000000022
774.46,319.20000000000005,1,6.3279999999999745
774.22,319.38750000000005,1,6.329999999999927
774.8199999999999,319.425,1,6.332000000000335
774.74,319.35,1,6.334000000000287
775.1800000000001,319.1625,1,6.33600000000024
774.98,318.63750000000005,1,6.338000000000193
775.26,319.04999999999995,1,6.3400000000001455
775.3,318.2625,1,6.342000000000098
775.5,318.0375,1,6.344000000000051
775.14,318.2625,1,6.346000000000004
775.74,318.15,1,6.347999999999956
775.9000000000001,317.2125,1,6.349999999999909
776.06,317.4375,1,6.3520000000003165
775.86,318.1125,1,6.354000000000269
775.86,316.95,1,6.356000000000222
776.46,317.0625,1,6.358000000000175
776.22,316.875,1,6.360000000000127
776.66,315.9375,1,6.36200000000008
776.26,316.04999999999995,1,6.364000000000033
777.0999999999999,316.42499999999995,1,6.3659999999999854
776.8199999999999,316.5,1,6.367999999999938
777.1800000000001,316.0125,1,6.370000000000346
776.94,315.9,1,6.372000000000298
777.3,315.9,1,6.374000000000251
777.3399999999999,316.2375,1,6.376000000000204
777.8199999999999,315.26250000000005,1,6.378000000000156
777.7,315.6,1,6.380000000000109
777.94,315.375,1,6.382000000000062
777.78,314.85,1,6.3840000000000146
778.1,315.525,1,6.385999999999967
778.3,315.225,1,6.38799999999992
778.46,315.26250000000005,1,6.390000000000327
778.62,314.9625,1,6.39200000000028
778.78,314.5875,1,6.394000000000233
778.74,314.4375,1,6.3960000000001855
778.74,314.475,1,6.398000000000138
778.26,314.2125,1,6.400000000000091
778.5799999999999,314.475,1,6.402000000000044
778.58,314.4,1,6.403999999999996
778.5,314.51250000000005,1,6.405999999999949
778.46,314.2875,1,6.407999999999902
778.8199999999999,313.65,1,6.410000000000309
778.94,313.6875,1,6.412000000000262
778.78,313.38750000000005,1,6.414000000000215
778.8199999999999,312.9375,1,6.416000000000167
779.1800000000001,313.2375,1,6.41800000000012
778.78,313.1625,1,6.420000000000073
778.9,313.5,1,6.4220000000000255
778.78,313.3125,1,6.423999999999978
779.14,312.67499999999995,1,6.425999999999931
778.98,312.26250000000005,1,6.428000000000338
779.1,312.6,1,6.430000000000291
778.62,312.3375,1,6.432000000000244
778.42,312.5625,1,6.4340000000001965
778.54,313.0125,1,6.436000000000149
778.62,312.0375,1,6.438000000000102
778.62,311.9625,1,6.440000000000055
778.46,312.3375,1,6.442000000000007
778.4200000000001,312.45,1,6.44399999999996
778.3399999999999,312.07500000000005,1,6.445999999999913
778.62,312.0,1,6.44800000000032
778.54,311.85,1,6.450000000000273
777.9,311.4,1,6.4520000000002256
778.18,311.475,1,6.454000000000178
778.7,312.075,1,6.456000000000131
778.5,311.7,1,6.458000000000084
778.3399999999999,311.625,1,6.460000000000036
778.1800000000001,311.9625,1,6.461999999999989
778.26,311.775,1,6.463999999999942
778.22,311.36249999999995,1,6.466000000000349
778.3399999999999,311.4,1,6.468000000000302
778.38,311.9625,1,6.470000000000255
778.54,311.54999999999995,1,6.472000000000207
778.1400000000001,311.5875,1,6.47400000000016
778.5799999999999,311.2125,1,6.476000000000113
778.18,311.54999999999995,1,6.4780000000000655
778.66,310.61249999999995,1,6.480000000000018
778.78,310.8375,1,6.481999999999971
778.38,311.4,1,6.483999999999924
778.4200000000001,311.2875,1,6.486000000000331
778.14,310.3125,1,6.488000000000284
778.26,310.38750000000005,1,6.4900000000002365
778.58,310.4625,1,6.492000000000189
778.14,310.2,1,6.494000000000142
778.62,310.35,1,6.496000000000095
778.1800000000001,310.275,1,6.498000000000047
778.02,309.7875,1,6.5
778.54,310.20000000000005,1,6.501999999999953
778.4200000000001,310.875,1,6.503999999999905
778.5799999999999,309.8625,1,6.506000000000313
778.1,310.42499999999995,1,6.508000000000266
777.78,310.1625,1,6.510000000000218
778.14,310.0875,1,6.512000000000171
778.54,310.6875,1,6.514000000000124
777.74,311.4,1,6.516000000000076
777.94,310.95000000000005,1,6.518000000000029
778.26,310.4625,1,6.519999999999982
778.02,311.1,1,6.5219999999999345
778.3,310.875,1,6.524000000000342
778.54,310.76250000000005,1,6.526000000000295
778.1800000000001,311.6625,1,6.528000000000247
777.8599999999999,310.95,1,6.5300000000002
777.9,310.95,1,6.532000000000153
778.1800000000001,310.9125,1,6.5340000000001055
777.62,311.1375,1,6.536000000000058
777.78,311.0625,1,6.538000000000011
777.7,311.4,1,6.539999999999964
777.78,310.575,1,6.541999999999916
777.78,311.1375,1,6.544000000000324
777.62,311.2125,1,6.5460000000002765
777.5799999999999,311.4,1,6.548000000000229
777.8199999999999,310.9125,1,6.550000000000182
778.1800000000001,310.35,1,6.552000000000135
778.1800000000001,310.95000000000005,1,6.554000000000087
777.66,309.7875,1,6.55600000000004
778.46,310.3875,1,6.557999999999993
778.02,310.1625,1,6.559999999999945
779.02,309.7875,1,6.561999999999898
778.38,308.775,1,6.564000000000306
779.02,309.0375,1,6.566000000000258
778.9,309.1875,1,6.568000000000211
778.3399999999999,308.70000000000005,1,6.570000000000164
778.62,308.7375,1,6.572000000000116
779.06,309.11249999999995,1,6.574000000000069
778.9,308.625,1,6.576000000000022
779.22,308.5875,1,6.5779999999999745
779.02,308.25,1,6.579999999999927
778.8599999999999,308.1375,1,6.582000000000335
778.8199999999999,307.725,1,6.584000000000287
778.62,309.0,1,6.58600000000024
778.66,308.8125,1,6.588000000000193
778.98,308.4,1,6.5900000000001455
778.98,308.70000000000005,1,6.592000000000098
779.14,309.4125,1,6.594000000000051
778.5799999999999,309.0375,1,6.596000000000004
779.06,309.6375,1,6.597999999999956
778.4200000000001,309.8625,1,6.599999999999909
778.74,309.6,1,6.6020000000003165
778.74,310.1625,1,6.604000000000269
778.26,310.8375,1,6.606000000000222
777.78,310.79999999999995,1,6.608000000000175
778.18,311.475,1,6.610000000000127
778.26,310.95,1,6.61200000000008
778.06,311.32500000000005,1,6.614000000000033
778.74,312.7125,1,6.6159999999999854
779.8199999999999,314.7375,1,6.617999999999938
782.06,316.98749999999995,1,6.620000000000346
784.9000000000001,321.975,1,6.622000000000298
788.66,327.4125,1,6.624000000000251
792.98,336.9375,1,6.626000000000204
798.06,345.0,1,6.628000000000156
801.1800000000001,352.5,1,6.630000000000109
803.1800000000001,358.5,1,6.632000000000062
805.98,366.15,1,6.6340000000000146
807.06,372.525,1,6.635999999999967
807.46,379.1625,1,6.63799999999992
809.22,384.5625,1,6.640000000000327
810.06,391.0125,1,6.64200000000028
811.8199999999999,398.475,1,6.644000000000233
811.74,404.2125,1,6.6460000000001855
810.98,408.075,1,6.648000000000138
811.06,410.32500000000005,1,6.650000000000091
811.06,412.05,1,6.652000000000044
810.22,412.875,1,6.653999999999996
810.22,412.35,1,6.655999999999949
810.06,412.2,1,6.657999999999902
809.94,411.9375,1,6.660000000000309
809.62,411.15,1,6.662000000000262
809.3399999999999,410.73749999999995,1,6.664000000000215
809.78,410.3625,1,6.666000000000167
809.3399999999999,409.725,1,6.66800000000012
809.9,410.1,1,6.670000000000073
809.46,410.17499999999995,1,6.6720000000000255
809.02,409.57500000000005,1,6.673999999999978
809.26,409.65,1,6.675999999999931
809.74,409.875,1,6.678000000000338
809.4200000000001,409.8375,1,6.680000000000291
809.98,409.61249999999995,1,6.682000000000244
809.42,410.2125,1,6.6840000000001965
809.8199999999999,409.9125,1,6.686000000000149
809.98,409.95,1,6.688000000000102
810.06,409.9875,1,6.690000000000055
810.1800000000001,409.8375,1,6.692000000000007
810.22,409.65,1,6.69399999999996
811.14,409.425,1,6.695999999999913
810.74,410.17499999999995,1,6.69800000000032
810.7,410.1375,1,6.700000000000273
810.74,408.82500000000005,1,6.7020000000002256
811.1,409.275,1,6.704000000000178
811.02,409.0125,1,6.706000000000131
811.02,409.275,1,6.708000000000084
810.9,408.9375,1,6.710000000000036
810.98,408.7125,1,6.711999999999989
811.1800000000001,409.125,1,6.713999999999942
811.38,408.9375,1,6.716000000000349
811.22,408.975,1,6.718000000000302
811.66,408.825,1,6.720000000000255
811.14,409.125,1,6.722000000000207
811.26,408.8625,1,6.72400000000016
811.74,409.4625,1,6.726000000000113
810.82,409.125,1,6.7280000000000655
811.78,409.275,1,6.730000000000018
811.5,409.05,1,6.731999999999971
811.62,408.45000000000005,1,6.733999999999924
811.78,408.86249999999995,1,6.736000000000331
811.5799999999999,409.1625,1,6.738000000000284
811.54,408.9375,1,6.7400000000002365
811.5799999999999,408.7125,1,6.742000000000189
812.22,409.05,1,6.744000000000142
811.86,409.1625,1,6.746000000000095
811.82,408.675,1,6.748000000000047
811.1,408.9375,1,6.75
811.62,408.9375,1,6.751999999999953
811.94,408.4125,1,6.753999999999905
811.9000000000001,409.125,1,6.756000000000313
811.9,408.525,1,6.758000000000266
811.38,408.8625,1,6.760000000000218
812.02,408.45000000000005,1,6.762000000000171
811.78,408.525,1,6.764000000000124
811.34,408.9,1,6.766000000000076
811.62,408.4875,1,6.768000000000029
811.58,408.675,1,6.769999999999982
811.26,408.8625,1,6.7719999999999345
811.66,408.45,1,6.774000000000342
811.7,408.48749999999995,1,6.776000000000295
811.38,408.1875,1,6.778000000000247
811.9000000000001,408.1875,1,6.7800000000002
811.78,408.0,1,6.782000000000153
811.7,408.45,1,6.7840000000001055
811.62,407.925,1,6.786000000000058
811.26,408.15,1,6.788000000000011
811.54,408.0375,1,6.789999999999964
811.3399999999999,407.9625,1,6.791999999999916
812.0999999999999,408.0,1,6.794000000000324
811.46,409.04999999999995,1,6.7960000000002765
811.1800000000001,408.6,1,6.798000000000229
811.74,408.1875,1,6.800000000000182
811.3399999999999,408.675,1,6.802000000000135
810.98,408.75,1,6.804000000000087
811.5799999999999,408.525,1,6.80600000000004
811.1,409.1625,1,6.807999999999993
811.5,409.04999999999995,1,6.809999999999945
811.22,408.825,1,6.811999999999898
811.54,409.23749999999995,1,6.814000000000306
811.0999999999999,408.82500000000005,1,6.816000000000258
811.46,408.7875,1,6.818000000000211
811.7,409.1625,1,6.820000000000164
811.3399999999999,408.5625,1,6.822000000000116
811.1800000000001,408.825,1,6.824000000000069
811.46,409.2,1,6.826000000000022
810.78,408.975,1,6.8279999999999745
811.4200000000001,408.9375,1,6.829999999999927
811.18,408.7125,1,6.832000000000335
811.5,408.4125,1,6.834000000000287
811.5,408.75,1,6.83600000000024
811.3399999999999,408.9,1,6.838000000000193
811.3399999999999,408.48749999999995,1,6.8400000000001455
811.46,408.45,1,6.842000000000098
811.4200000000001,408.63750000000005,1,6.844000000000051
811.3,408.4875,1,6.846000000000004
811.06,408.525,1,6.847999999999956
811.3,408.225,1,6.849999999999909
811.14,408.525,1,6.8520000000003165
811.26,407.9625,1,6.854000000000269
811.42,408.45,1,6.856000000000222
811.34,408.3375,1,6.858000000000175
811.58,407.775,1,6.860000000000127
811.98,408.0375,1,6.86200000000008
811.5799999999999,407.7,1,6.864000000000033
811.5,407.88750000000005,1,6.8659999999999854
811.78,407.36249999999995,1,6.867999999999938
811.98,407.8125,1,6.870000000000346
811.62,407.775,1,6.872000000000298
811.9,407.4,1,6.874000000000251
812.54,407.5875,1,6.876000000000204
812.1,407.36249999999995,1,6.878000000000156
812.02,407.025,1,6.880000000000109
812.46,407.54999999999995,1,6.882000000000062
811.9,407.92499999999995,1,6.8840000000000146
812.62,407.54999999999995,1,6.885999999999967
812.3,407.475,1,6.88799999999992
812.54,407.73749999999995,1,6.890000000000327
812.62,408.2625,1,6.89200000000028
812.46,407.9625,1,6.894000000000233
812.62,408.0,1,6.8960000000001855
812.3,408.225,1,6.898000000000138
812.5799999999999,408.6375,1,6.900000000000091
812.4200000000001,408.67499999999995,1,6.902000000000044
812.46,408.7875,1,6.903999999999996
812.22,408.5625,1,6.905999999999949
812.22,408.75,1,6.907999999999902
812.22,408.375,1,6.910000000000309
812.54,408.48749999999995,1,6.912000000000262
812.78,408.6375,1,6.914000000000215
812.5799999999999,408.5625,1,6.916000000000167
812.74,408.9375,1,6.91800000000012
812.8599999999999,408.525,1,6.920000000000073
813.02,408.9375,1,6.9220000000000255
812.8199999999999,408.075,1,6.923999999999978
812.8199999999999,408.4125,1,6.925999999999931
812.8199999999999,408.4125,1,6.928000000000338
813.1,408.26250000000005,1,6.930000000000291
813.42,408.5625,1,6.932000000000244
812.98,408.4875,1,6.9340000000001965
813.26,408.6,1,6.936000000000149
813.26,408.45,1,6.938000000000102
813.5,408.7875,1,6.940000000000055
813.4200000000001,408.5625,1,6.942000000000007
813.22,408.975,1,6.94399999999996
813.4200000000001,408.9375,1,6.945999999999913
812.94,409.7625,1,6.94800000000032
813.14,409.42499999999995,1,6.950000000000273
812.7,411.9,1,6.9520000000002256
811.02,415.20000000000005,1,6.954000000000178
808.06,418.9125,1,6.956000000000131
805.9000000000001,423.1125,1,6.958000000000084
803.02,428.4375,1,6.960000000000036
800.58,435.675,1,6.961999999999989
798.38,440.85,1,6.963999999999942
795.9,448.5375,1,6.966000000000349
794.3,452.5875,1,6.968000000000302
793.3399999999999,455.625,1,6.970000000000255
791.78,460.76250000000005,1,6.972000000000207
790.02,463.4625,1,6.97400000000016
788.9,465.29999999999995,1,6.976000000000113
788.06,467.025,1,6.9780000000000655
787.5799999999999,467.51250000000005,1,6.980000000000018
788.3399999999999,467.5875,1,6.981999999999971
788.5799999999999,467.32500000000005,1,6.983999999999924
789.1800000000001,466.5375,1,6.986000000000331
789.74,464.8875,1,6.988000000000284
789.26,465.675,1,6.9900000000002365
789.26,465.375,1,6.992000000000189
789.26,466.42499999999995,1,6.994000000000142
789.38,466.04999999999995,1,6.996000000000095
789.38,466.3125,1,6.998000000000047
789.3,466.95000000000005,1,7.0
789.02,466.2375,1,7.001999999999953
788.46,466.3125,1,7.003999999999905
788.5799999999999,466.95,1,7.006000000000313
788.5799999999999,466.8375,1,7.008000000000266
788.74,467.4,1,7.010000000000218
788.7,467.2125,1,7.012000000000171
789.1800000000001,466.6125,1,7.014000000000124
789.4200000000001,467.5875,1,7.016000000000076
789.14,466.04999999999995,1,7.018000000000029
789.38,467.1,1,7.019999999999982
789.1,467.775,1,7.0219999999999345
789.46,467.25,1,7.024000000000342
789.78,466.4625,1,7.026000000000295
789.1,465.975,1,7.028000000000247
789.78,466.01250000000005,1,7.0300000000002
789.54,465.4125,1,7.032000000000153
789.9,466.04999999999995,1,7.0340000000001055
789.9000000000001,465.3375,1,7.036000000000058
789.98,465.67499999999995,1,7.038000000000011
790.1800000000001,465.45,1,7.039999999999964
789.78,464.85,1,7.041999999999916
789.62,464.4,1,7.044000000000324
790.26,463.6125,1,7.0460000000002765
790.1,463.725,1,7.048000000000229
790.26,463.5,1,7.050000000000182
790.5,462.975,1,7.052000000000135
790.74,463.35,1,7.054000000000087
790.46,463.8375,1,7.05600000000004
790.86,463.575,1,7.057999999999993
790.62,463.5,1,7.059999999999945
790.54,462.825,1,7.061999999999898
790.94,463.6125,1,7.064000000000306
790.62,463.35,1,7.066000000000258
790.38,463.725,1,7.068000000000211
790.86,462.75,1,7.070000000000164
790.74,463.575,1,7.072000000000116
790.9000000000001,462.9375,1,7.074000000000069
790.74,464.025,1,7.076000000000022
791.02,462.9,1,7.0779999999999745
791.06,463.2375,1,7.079999999999927
790.86,464.025,1,7.082000000000335
790.9000000000001,464.25,1,7.084000000000287
790.94,464.025,1,7.08600000000024
790.46,464.025,1,7.088000000000193
790.7,464.3625,1,7.0900000000001455
790.98,463.875,1,7.092000000000098
791.02,464.32500000000005,1,7.094000000000051
790.5799999999999,464.1375,1,7.096000000000004
791.0999999999999,464.9625,1,7.097999999999956
790.54,464.775,1,7.099999999999909
790.34,465.4875,1,7.1020000000003165
790.34,464.9625,1,7.104000000000269
790.5,465.3375,1,7.106000000000222
789.94,466.3125,1,7.108000000000175
790.5,464.925,1,7.110000000000127
790.34,466.0125,1,7.11200000000008
789.98,465.8625,1,7.114000000000033
789.8199999999999,466.3125,1,7.1159999999999854
790.14,465.825,1,7.117999999999938
789.5799999999999,465.3375,1,7.120000000000346
789.8199999999999,465.975,1,7.122000000000298
789.54,465.5625,1,7.124000000000251
789.66,465.3375,1,7.126000000000204
789.74,464.475,1,7.128000000000156
789.4200000000001,465.4125,1,7.130000000000109
789.46,465.45,1,7.132000000000062
789.22,463.98749999999995,1,7.1340000000000146
789.3,464.4,1,7.135999999999967
788.94,464.8875,1,7.13799999999992
788.98,464.175,1,7.140000000000327
788.54,463.95000000000005,1,7.14200000000028
789.1400000000001,464.775,1,7.144000000000233
788.62,463.9875,1,7.1460000000001855
789.14,464.32500000000005,1,7.148000000000138
788.62,464.3625,1,7.150000000000091
789.06,464.85,1,7.152000000000044
788.46,465.11249999999995,1,7.153999999999996
788.6600000000001,464.8125,1,7.155999999999949
788.3800000000001,465.3,1,7.157999999999902
788.4200000000001,465.4125,1,7.160000000000309
788.02,465.975,1,7.162000000000262
788.54,465.975,1,7.164000000000215
788.3399999999999,465.5625,1,7.166000000000167
787.94,466.57500000000005,1,7.16800000000012
788.22,466.38750000000005,1,7.170000000000073
788.02,467.2125,1,7.1720000000000255
787.7,467.4,1,7.173999999999978
788.1800000000001,468.4875,1,7.175999999999931
788.5,469.6875,1,7.178000000000338
789.14,473.925,1,7.180000000000291
789.54,478.275,1,7.182000000000244
791.46,486.1875,1,7.1840000000001965
793.54,495.9375,1,7.186000000000149
795.22,511.875,1,7.188000000000102
797.14,521.0625,1,7.190000000000055
798.42,533.8875,1,7.192000000000007
799.06,548.25,1,7.19399999999996
801.3,558.5250000000001,1,7.195999999999913
802.54,569.2125000000001,1,7.19800000000032
803.34,579.825,1,7.200000000000273
803.9000000000001,587.8499999999999,1,7.2020000000002256
803.78,595.9124999999999,1,7.204000000000178
804.74,605.5875,1,7.206000000000131
803.94,609.9,1,7.208000000000084
804.0999999999999,611.6624999999999,1,7.210000000000036
802.74,615.1875,1,7.211999999999989
803.02,614.775,1,7.213999999999942
802.3800000000001,613.5375,1,7.216000000000349
802.22,612.8625,1,7.218000000000302
802.3,611.9625000000001,1,7.220000000000255
803.38,610.875,1,7.222000000000207
803.14,611.8875,1,7.22400000000016
803.42,611.8499999999999,1,7.226000000000113
803.62,611.7750000000001,1,7.2280000000000655
803.14,611.5125,1,7.230000000000018
803.5,611.55,1,7.231999999999971
803.5799999999999,610.65,1,7.233999999999924
803.22,610.425,1,7.236000000000331
803.46,610.3125,1,7.238000000000284
803.5,610.05,1,7.2400000000002365
803.38,609.45,1,7.242000000000189
803.1400000000001,609.675,1,7.244000000000142
803.7,609.525,1,7.246000000000095
803.62,608.8875,1,7.248000000000047
803.3,609.0,1,7.25
803.62,609.1875,1,7.251999999999953
803.54,608.2125,1,7.253999999999905
804.26,608.9625,1,7.256000000000313
803.86,608.25,1,7.258000000000266
804.14,608.25,1,7.260000000000218
803.46,608.7375,1,7.262000000000171
804.66,608.7375,1,7.264000000000124
804.5,608.325,1,7.266000000000076
804.5,608.7375,1,7.268000000000029
804.42,608.5125,1,7.269999999999982
804.06,608.4749999999999,1,7.2719999999999345
804.54,608.325,1,7.274000000000342
804.22,608.7750000000001,1,7.276000000000295
804.06,608.5125,1,7.278000000000247
804.1800000000001,608.25,1,7.2800000000002
804.06,607.95,1,7.282000000000153
804.5799999999999,608.175,1,7.2840000000001055
803.9000000000001,608.5125,1,7.286000000000058
804.02,608.2125000000001,1,7.288000000000011
804.22,608.175,1,7.289999999999964
803.62,608.025,1,7.291999999999916
803.78,607.7625,1,7.294000000000324
803.62,607.6875,1,7.2960000000002765
804.14,607.125,1,7.298000000000229
803.38,607.2375,1,7.300000000000182
803.8199999999999,606.8625,1,7.302000000000135
803.94,606.8625,1,7.304000000000087
804.22,606.675,1,7.30600000000004
803.98,606.375,1,7.307999999999993
803.98,607.125,1,7.309999999999945
803.6600000000001,605.7,1,7.311999999999898
803.46,605.25,1,7.314000000000306
803.66,605.475,1,7.316000000000258
803.98,605.4,1,7.318000000000211
803.74,605.8125,1,7.320000000000164
803.46,605.25,1,7.322000000000116
803.14,606.0374999999999,1,7.324000000000069
803.26,605.55,1,7.326000000000022
803.0999999999999,605.55,1,7.3279999999999745
802.86,605.4375,1,7.329999999999927
803.0999999999999,605.925,1,7.332000000000335
803.46,605.2874999999999,1,7.334000000000287
803.14,605.8875,1,7.33600000000024
803.1400000000001,605.475,1,7.338000000000193
802.9,605.925,1,7.3400000000001455
803.02,605.25,1,7.342000000000098
803.14,605.25,1,7.344000000000051
803.02,605.0999999999999,1,7.346000000000004
802.9000000000001,605.1375,1,7.347999999999956
802.74,605.2875,1,7.349999999999909
802.54,605.625,1,7.3520000000003165
802.46,605.5875000000001,1,7.354000000000269
802.58,605.1375,1,7.356000000000222
802.74,604.6125,1,7.358000000000175
802.58,605.8875,1,7.360000000000127
802.5799999999999,604.425,1,7.36200000000008
802.46,604.95,1,7.364000000000033
802.38,605.25,1,7.3659999999999854
802.62,604.7625,1,7.367999999999938
802.26,605.025,1,7.370000000000346
801.8199999999999,605.0625,1,7.372000000000298
801.9,604.5375,1,7.374000000000251
801.94,605.4375,1,7.376000000000204
802.1,605.0625,1,7.378000000000156
802.1800000000001,604.6500000000001,1,7.380000000000109
802.3399999999999,604.5375,1,7.382000000000062
801.7,605.0625,1,7.3840000000000146
801.8199999999999,605.1,1,7.385999999999967
801.62,604.6500000000001,1,7.38799999999992
801.62,604.6875,1,7.390000000000327
801.74,604.8,1,7.39200000000028
801.6600000000001,605.175,1,7.394000000000233
801.86,604.725,1,7.3960000000001855
801.46,605.8125,1,7.398000000000138
801.7,605.1375,1,7.400000000000091
801.46,604.3125,1,7.402000000000044
801.74,604.6875,1,7.403999999999996
802.06,604.725,1,7.405999999999949
801.4200000000001,604.3499999999999,1,7.407999999999902
802.14,605.4375,1,7.410000000000309
801.86,604.3125,1,7.412000000000262
801.4200000000001,605.625,1,7.414000000000215
802.14,605.4,1,7.416000000000167
802.02,605.1375,1,7.41800000000012
802.1,604.6875,1,7.420000000000073
802.1800000000001,605.325,1,7.4220000000000255
801.94,605.025,1,7.423999999999978
801.98,605.175,1,7.425999999999931
802.62,604.6125,1,7.428000000000338
801.86,605.7375,1,7.430000000000291
801.98,605.25,1,7.432000000000244
802.3399999999999,605.5875,1,7.4340000000001965
802.8599999999999,605.1375,1,7.436000000000149
802.7,605.1375,1,7.438000000000102
802.78,605.925,1,7.440000000000055
802.6600000000001,605.3625,1,7.442000000000007
803.14,605.625,1,7.44399999999996
802.94,606.525,1,7.445999999999913
802.5,605.7750000000001,1,7.44800000000032
802.7,605.6624999999999,1,7.450000000000273
803.3399999999999,604.6875,1,7.4520000000002256
803.46,604.9875,1,7.454000000000178
803.5,605.8125,1,7.456000000000131
803.26,605.4375,1,7.458000000000084
803.06,605.175,1,7.460000000000036
803.14,605.1,1,7.461999999999989
803.82,604.4625000000001,1,7.463999999999942
803.06,605.0625,1,7.466000000000349
803.74,604.3875,1,7.468000000000302
803.9,603.825,1,7.470000000000255
803.86,603.9,1,7.472000000000207
803.78,604.2,1,7.47400000000016
804.1800000000001,603.45,1,7.476000000000113
804.7,601.9875,1,7.4780000000000655
805.5,601.6875,1,7.480000000000018
805.3,601.9125,1,7.481999999999971
805.86,600.2249999999999,1,7.483999999999924
805.74,599.55,1,7.486000000000331
805.6199999999999,599.925,1,7.488000000000284
805.1800000000001,598.8,1,7.4900000000002365
805.1800000000001,599.175,1,7.492000000000189
804.78,599.5125,1,7.494000000000142
804.54,599.625,1,7.496000000000095
805.02,598.3875,1,7.498000000000047
804.42,600.5250000000001,1,7.5
804.34,600.3375,1,7.501999999999953
804.54,600.675,1,7.503999999999905
804.1,601.425,1,7.506000000000313
804.5,600.825,1,7.508000000000266
804.22,601.4625,1,7.510000000000218
804.3,601.575,1,7.512000000000171
804.3399999999999,601.875,1,7.514000000000124
804.46,601.575,1,7.516000000000076
804.1,602.4375,1,7.518000000000029
804.26,602.1375,1,7.519999999999982
803.7,603.0,1,7.5219999999999345
804.1800000000001,602.175,1,7.524000000000342
803.46,602.8499999999999,1,7.526000000000295
803.98,602.4749999999999,1,7.528000000000247
804.26,602.9625000000001,1,7.5300000000002
804.1800000000001,602.1,1,7.532000000000153
804.1,601.6875,1,7.5340000000001055
803.98,602.5875,1,7.536000000000058
803.94,601.6500000000001,1,7.538000000000011
803.5799999999999,602.0625,1,7.539999999999964
803.78,600.7875,1,7.541999999999916
803.7,600.825,1,7.544000000000324
803.34,600.5999999999999,1,7.5460000000002765
803.98,599.4375,1,7.548000000000229
803.46,600.1125,1,7.550000000000182
803.46,599.625,1,7.552000000000135
803.46,599.0625,1,7.554000000000087
803.3399999999999,598.725,1,7.55600000000004
803.1800000000001,598.95,1,7.557999999999993
803.98,597.7874999999999,1,7.559999999999945
803.5799999999999,597.675,1,7.561999999999898
802.78,598.125,1,7.564000000000306
803.26,597.675,1,7.566000000000258
802.7,597.075,1,7.568000000000211
802.9000000000001,597.1500000000001,1,7.570000000000164
802.94,596.85,1,7.572000000000116
802.46,597.2625,1,7.574000000000069
802.78,597.0,1,7.576000000000022
802.7,596.8875,1,7.5779999999999745
802.4200000000001,597.5625,1,7.579999999999927
802.58,597.3,1,7.582000000000335
802.4200000000001,598.0875,1,7.584000000000287
802.7,597.4124999999999,1,7.58600000000024
802.34,597.5625,1,7.588000000000193
802.5,598.8375,1,7.5900000000001455
802.7,598.3499999999999,1,7.592000000000098
802.34,598.3125,1,7.594000000000051
802.38,599.0625,1,7.596000000000004
802.54,598.6500000000001,1,7.597999999999956
802.8599999999999,598.5374999999999,1,7.599999999999909
802.22,599.5125,1,7.6020000000003165
803.06,599.0625,1,7.604000000000269
802.98,599.625,1,7.606000000000222
803.06,600.225,1,7.608000000000175
803.1400000000001,598.9125,1,7.610000000000127
803.5799999999999,599.5125,1,7.61200000000008
803.8199999999999,600.0,1,7.614000000000033
803.7,599.7375,1,7.6159999999999854
804.38,599.2125,1,7.617999999999938
804.4200000000001,599.6625,1,7.620000000000346
804.26,599.55,1,7.622000000000298
804.58,598.875,1,7.624000000000251
804.98,599.5125,1,7.626000000000204
804.82,598.875,1,7.628000000000156
805.02,598.6125,1,7.630000000000109
805.4200000000001,598.9124999999999,1,7.632000000000062
805.46,598.2,1,7.6340000000000146
805.26,598.6500000000001,1,7.635999999999967
805.1800000000001,598.2750000000001,1,7.63799999999992
805.3,598.425,1,7.640000000000327
805.54,598.8375000000001,1,7.64200000000028
805.94,597.7125000000001,1,7.644000000000233
805.98,597.975,1,7.6460000000001855
805.7,598.35,1,7.648000000000138
806.54,597.375,1,7.650000000000091
806.38,597.525,1,7.652000000000044
806.74,597.4124999999999,1,7.653999999999996
806.26,597.4125,1,7.655999999999949
806.74,597.1875,1,7.657999999999902
806.0999999999999,597.7125000000001,1,7.660000000000309
804.74,596.8875,1,7.662000000000262
801.7,598.125,1,7.664000000000215
797.9000000000001,598.3499999999999,1,7.666000000000167
792.98,597.7875,1,7.66800000000012
787.3,597.7125000000001,1,7.670000000000073
779.8199999999999,595.6125,1,7.6720000000000255
772.22,596.175,1,7.673999999999978
765.3,594.1500000000001,1,7.675999999999931
758.5,592.95,1,7.678000000000338
752.34,593.7375,1,7.680000000000291
746.38,593.2125,1,7.682000000000244
741.7,594.7125000000001,1,7.6840000000001965
737.7,596.1375,1,7.686000000000149
734.02,595.7625,1,7.688000000000102
731.6600000000001,594.8625,1,7.690000000000055
730.1800000000001,595.1624999999999,1,7.692000000000007
729.5799999999999,594.75,1,7.69399999999996
729.1,595.5375,1,7.695999999999913
728.86,594.9000000000001,1,7.69800000000032
728.62,595.4625000000001,1,7.700000000000273
727.86,595.875,1,7.7020000000002256
728.22,595.875,1,7.704000000000178
728.78,595.2375,1,7.706000000000131
728.7,594.9,1,7.708000000000084
728.7,596.1375,1,7.710000000000036
728.98,595.275,1,7.711999999999989
729.06,595.3125,1,7.713999999999942
728.0999999999999,595.6875,1,7.716000000000349
728.46,594.975,1,7.718000000000302
728.06,594.3375,1,7.720000000000255
727.7,594.8625,1,7.722000000000207
728.02,594.1875,1,7.72400000000016
727.86,593.925,1,7.726000000000113
727.46,593.7,1,7.7280000000000655
727.94,593.25,1,7.730000000000018
728.3399999999999,592.575,1,7.731999999999971
727.74,593.0999999999999,1,7.733999999999924
727.6600000000001,593.2125,1,7.736000000000331
727.5,591.9375,1,7.738000000000284
727.62,591.9,1,7.7400000000002365
727.9,591.675,1,7.742000000000189
727.46,591.375,1,7.744000000000142
727.8199999999999,590.2125000000001,1,7.746000000000095
727.3399999999999,591.6375,1,7.748000000000047
727.5799999999999,590.85,1,7.75
728.06,590.7375,1,7.751999999999953
727.34,591.075,1,7.753999999999905
727.4200000000001,590.6624999999999,1,7.756000000000313
727.66,591.0,1,7.758000000000266
727.54,590.5875,1,7.760000000000218
727.8199999999999,590.1,1,7.762000000000171
727.3399999999999,590.6625,1,7.764000000000124
727.3399999999999,590.8875,1,7.766000000000076
727.74,591.15,1,7.768000000000029
727.8199999999999,589.95,1,7.769999999999982
727.8199999999999,590.55,1,7.7719999999999345
727.54,591.0,1,7.774000000000342
727.54,590.85,1,7.776000000000295
727.5799999999999,591.0374999999999,1,7.778000000000247
728.1400000000001,590.3625,1,7.7800000000002
727.8199999999999,590.325,1,7.782000000000153
727.86,589.5375,1,7.7840000000001055
728.02,590.25,1,7.786000000000058
727.7,590.0625,1,7.788000000000011
727.74,589.725,1,7.789999999999964
727.98,589.9875,1,7.791999999999916
728.06,589.875,1,7.794000000000324
728.4200000000001,589.8375,1,7.7960000000002765
727.98,589.5,1,7.798000000000229
728.1400000000001,589.3499999999999,1,7.800000000000182
728.06,589.35,1,7.802000000000135
728.5,589.2,1,7.804000000000087
728.4200000000001,589.05,1,7.80600000000004
728.58,589.4625000000001,1,7.807999999999993
728.1400000000001,589.0125,1,7.809999999999945
728.3,589.05,1,7.811999999999898
728.98,589.3125,1,7.814000000000306
728.8199999999999,589.7625,1,7.816000000000258
728.5799999999999,589.35,1,7.818000000000211
728.62,589.2750000000001,1,7.820000000000164
728.98,589.6500000000001,1,7.822000000000116
728.8199999999999,590.025,1,7.824000000000069
728.74,589.6125,1,7.826000000000022
729.34,589.8,1,7.8279999999999745
729.46,589.8,1,7.829999999999927
729.5,589.7625,1,7.832000000000335
729.7,590.0625,1,7.834000000000287
729.9000000000001,589.8,1,7.83600000000024
729.98,590.5125,1,7.838000000000193
729.5,589.9125,1,7.8400000000001455
729.94,589.9875,1,7.842000000000098
729.8199999999999,590.7,1,7.844000000000051
730.02,590.475,1,7.846000000000004
729.98,590.0625,1,7.847999999999956
730.14,590.85,1,7.849999999999909
730.1800000000001,590.625,1,7.8520000000003165
730.34,589.9875,1,7.854000000000269
730.26,590.025,1,7.856000000000222
729.94,590.625,1,7.858000000000175
730.14,590.4749999999999,1,7.860000000000127
730.26,590.175,1,7.86200000000008
730.3399999999999,590.3625,1,7.864000000000033
730.3,590.2125000000001,1,7.8659999999999854
730.06,589.9124999999999,1,7.867999999999938
730.3,590.025,1,7.870000000000346
729.86,589.95,1,7.872000000000298
729.7,589.5,1,7.874000000000251
729.62,589.275,1,7.876000000000204
729.5799999999999,589.725,1,7.878000000000156
729.58,589.2,1,7.880000000000109
729.7,588.525,1,7.882000000000062
729.54,589.5375,1,7.8840000000000146
729.58,589.4625000000001,1,7.885999999999967
729.34,588.975,1,7.88799999999992
729.1800000000001,588.1125,1,7.890000000000327
729.42,588.7125,1,7.89200000000028
729.26,587.4375,1,7.894000000000233
729.18,587.4,1,7.8960000000001855
729.38,587.4375,1,7.898000000000138
729.02,587.7750000000001,1,7.900000000000091
729.54,587.3625,1,7.902000000000044
728.8199999999999,586.95,1,7.903999999999996
729.22,586.4625000000001,1,7.905999999999949
729.22,587.1,1,7.907999999999902
729.22,587.4,1,7.910000000000309
728.78,586.65,1,7.912000000000262
729.06,586.6875,1,7.914000000000215
729.46,587.4375,1,7.916000000000167
729.5799999999999,587.325,1,7.91800000000012
729.62,587.2875,1,7.920000000000073
730.02,587.2875,1,7.9220000000000255
730.06,588.0,1,7.923999999999978
730.5,588.4875,1,7.925999999999931
730.26,587.8875,1,7.928000000000338
731.06,587.8125,1,7.930000000000291
730.74,589.0875,1,7.932000000000244
730.3,588.7125000000001,1,7.9340000000001965
729.98,588.1875,1,7.936000000000149
726.78,588.9,1,7.938000000000102
721.94,590.025,1,7.940000000000055
716.22,591.1875,1,7.942000000000007
708.1800000000001,592.1625,1,7.94399999999996
697.62,593.0625,1,7.945999999999913
686.06,595.1625,1,7.94800000000032
672.02,597.3,1,7.950000000000273
660.06,598.0875,1,7.9520000000002256
646.86,600.0375,1,7.954000000000178
635.1800000000001,601.4625000000001,1,7.956000000000131
622.6600000000001,602.7,1,7.958000000000084
613.06,603.3375,1,7.960000000000036
604.26,603.075,1,7.961999999999989
597.98,603.375,1,7.963999999999942
595.14,603.1125,1,7.966000000000349
591.9,603.525,1,7.968000000000302
590.8599999999999,603.375,1,7.970000000000255
590.54,603.375,1,7.972000000000207
590.54,603.3375,1,7.97400000000016
590.3,602.1375,1,7.976000000000113
590.34,602.1375,1,7.9780000000000655
590.78,601.9875,1,7.980000000000018
590.46,600.675,1,7.981999999999971
591.62,600.7875,1,7.983999999999924
591.02,600.675,1,7.986000000000331
590.7,600.0,1,7.988000000000284
590.38,599.625,1,7.9900000000002365
590.9000000000001,600.225,1,7.992000000000189
590.74,598.7625,1,7.994000000000142
590.0999999999999,598.8375000000001,1,7.996000000000095
589.8599999999999,598.7249999999999,1,7.998000000000047
589.78,598.0125,1,8.0
589.62,598.4625,1,8.001999999999953
589.1400000000001,598.4625000000001,1,8.003999999999905
589.14,598.0875,1,8.006000000000313
589.26,598.725,1,8.008000000000266
588.5,598.3125,1,8.010000000000218
588.3399999999999,598.05,1,8.012000000000171
589.06,597.7125,1,8.014000000000124
588.1,597.75,1,8.016000000000076
588.5,597.8625,1,8.018000000000029
588.34,597.5250000000001,1,8.019999999999982
588.26,597.75,1,8.021999999999935
588.14,597.5625,1,8.024000000000342
587.9,597.6,1,8.026000000000295
587.5799999999999,597.675,1,8.028000000000247
587.4200000000001,597.15,1,8.0300000000002
587.74,596.7375,1,8.032000000000153
587.7,597.2625,1,8.034000000000106
587.46,596.85,1,8.036000000000058
587.94,596.8875,1,8.038000000000011
587.54,597.5250000000001,1,8.039999999999964
587.3399999999999,596.55,1,8.041999999999916
587.5799999999999,596.8125,1,8.044000000000324
587.7,596.2875,1,8.046000000000276
587.54,596.7,1,8.04800000000023
587.98,595.575,1,8.050000000000182
587.74,596.1375,1,8.052000000000135
587.7,596.025,1,8.054000000000087
587.8199999999999,596.025,1,8.05600000000004
588.02,595.2375,1,8.057999999999993
587.5,595.125,1,8.059999999999945
587.7,594.2625,1,8.061999999999898
587.54,594.2249999999999,1,8.064000000000306
587.4200000000001,594.5625,1,8.066000000000258
587.94,594.825,1,8.068000000000211
587.74,594.1875,1,8.070000000000164
587.26,593.775,1,8.072000000000116
587.4200000000001,593.7,1,8.07400000000007
587.7,593.2125,1,8.076000000000022
587.6600000000001,593.2125,1,8.077999999999975
587.22,593.0625,1,8.079999999999927
587.06,593.4,1,8.082000000000335
587.7,593.4,1,8.084000000000287
587.74,592.6875,1,8.08600000000024
587.4200000000001,592.8,1,8.088000000000193
587.26,592.8375,1,8.090000000000146
587.9000000000001,592.8,1,8.092000000000098
587.26,593.1,1,8.094000000000051
587.3399999999999,593.625,1,8.096000000000004
587.66,592.8375,1,8.097999999999956
586.98,592.5375,1,8.099999999999909
587.14,592.5,1,8.102000000000317
587.9000000000001,592.425,1,8.10400000000027
587.74,593.025,1,8.106000000000222
587.74,592.725,1,8.108000000000175
587.54,592.65,1,8.110000000000127
588.06,592.6500000000001,1,8.11200000000008
587.38,592.05,1,8.114000000000033
587.9,592.125,1,8.115999999999985
587.6600000000001,592.0875000000001,1,8.117999999999938
587.4200000000001,592.3875,1,8.120000000000346
587.98,592.275,1,8.122000000000298
587.78,592.95,1,8.124000000000251
588.06,592.7249999999999,1,8.126000000000204
587.54,591.9000000000001,1,8.128000000000156
587.6199999999999,592.6125,1,8.13000000000011
587.46,592.2750000000001,1,8.132000000000062
588.02,592.2375,1,8.134000000000015
588.0999999999999,592.2750000000001,1,8.135999999999967
588.0999999999999,591.9,1,8.13799999999992
588.46,591.9,1,8.140000000000327
588.46,591.825,1,8.14200000000028
587.98,592.0125,1,8.144000000000233
588.06,591.9375,1,8.146000000000186
587.8199999999999,591.7125000000001,1,8.148000000000138
587.54,591.3,1,8.150000000000091
587.54,592.275,1,8.152000000000044
588.14,591.1875,1,8.153999999999996
587.7,591.825,1,8.155999999999949
587.8199999999999,591.9749999999999,1,8.157999999999902
588.02,591.525,1,8.16000000000031
588.26,591.375,1,8.162000000000262
588.5,591.825,1,8.164000000000215
588.22,591.225,1,8.166000000000167
588.14,591.15,1,8.16800000000012
587.98,591.7125,1,8.170000000000073
588.02,590.8499999999999,1,8.172000000000025
588.14,591.9000000000001,1,8.173999999999978
588.6199999999999,591.2249999999999,1,8.17599999999993
588.26,591.7874999999999,1,8.178000000000338
587.7,591.5250000000001,1,8.180000000000291
588.14,591.7125,1,8.182000000000244
588.06,591.4875,1,8.184000000000196
588.02,591.075,1,8.18600000000015
588.26,591.4124999999999,1,8.188000000000102
587.94,591.7125000000001,1,8.190000000000055
588.26,591.3375,1,8.192000000000007
588.06,591.7125000000001,1,8.19399999999996
588.02,591.6375,1,8.195999999999913
588.06,591.3375,1,8.19800000000032
588.6600000000001,590.925,1,8.200000000000273
588.26,591.5250000000001,1,8.202000000000226
587.86,591.3375000000001,1,8.204000000000178
588.66,591.1875,1,8.206000000000131
588.1800000000001,591.5625,1,8.208000000000084
588.26,591.2249999999999,1,8.210000000000036
588.02,591.4124999999999,1,8.211999999999989
588.62,591.0375,1,8.213999999999942
588.62,591.075,1,8.21600000000035
588.02,591.225,1,8.218000000000302
588.7,591.0,1,8.220000000000255
588.4200000000001,591.1875,1,8.222000000000207
588.62,591.15,1,8.22400000000016
588.66,591.2625,1,8.226000000000113
588.06,590.85,1,8.228000000000065
589.1,590.7,1,8.230000000000018
588.98,590.8125,1,8.231999999999971
588.7,591.0375,1,8.233999999999924
588.94,591.1125,1,8.236000000000331
588.86,591.3,1,8.238000000000284
589.22,590.7,1,8.240000000000236
588.8199999999999,591.0,1,8.24200000000019
588.8199999999999,590.8875,1,8.244000000000142
588.94,591.0,1,8.246000000000095
588.98,591.4125,1,8.248000000000047
588.74,591.1125,1,8.25
589.02,590.7375,1,8.251999999999953
588.98,591.1125,1,8.253999999999905
588.74,591.1125,1,8.256000000000313
589.14,590.7375,1,8.258000000000266
588.7,590.7,1,8.260000000000218
588.94,590.775,1,8.262000000000171
589.22,590.7375,1,8.264000000000124
588.98,590.0625,1,8.266000000000076
588.9,590.4000000000001,1,8.268000000000029
589.06,590.625,1,8.269999999999982
588.74,590.1,1,8.271999999999935
589.02,589.3499999999999,1,8.274000000000342
589.42,588.9,1,8.276000000000295
589.78,588.45,1,8.278000000000247
589.4200000000001,588.8625,1,8.2800000000002
589.4200000000001,588.075,1,8.282000000000153
589.46,587.3625,1,8.284000000000106
589.54,588.5999999999999,1,8.286000000000058
589.22,588.4125,1,8.288000000000011
589.38,587.925,1,8.289999999999964
589.26,587.7375,1,8.291999999999916
588.78,587.625,1,8.294000000000324
588.8199999999999,588.075,1,8.296000000000276
589.06,587.925,1,8.29800000000023
589.34,588.225,1,8.300000000000182
588.78,587.8125,1,8.302000000000135
588.7,587.7750000000001,1,8.304000000000087
589.06,587.0625,1,8.30600000000004
589.3399999999999,586.125,1,8.307999999999993
589.3,585.8625,1,8.309999999999945
589.46,584.55,1,8.311999999999898
588.9,584.25,1,8.314000000000306
589.1800000000001,582.5999999999999,1,8.316000000000258
589.02,584.325,1,8.318000000000211
589.3,585.7125000000001,1,8.320000000000164
590.8199999999999,589.1625,1,8.322000000000116
590.62,598.425,1,8.32400000000007
592.54,609.15,1,8.326000000000022
594.4200000000001,627.7125,1,8.327999999999975
594.02,649.5375,1,8.329999999999927
594.1800000000001,674.0999999999999,1,8.332000000000335
597.22,694.65,1,8.334000000000287
597.86,713.325,1,8.33600000000024
594.5251162790697,712.6421511627907,0,8.338000000000193
591.1902325581395,711.9593023255816,0,8.340000000000146
587.8553488372092,711.2764534883721,0,8.342000000000098
584.5204651162791,710.5936046511628,0,8.344000000000051
581.1855813953488,709.9107558139535,0,8.346000000000004
577.8506976744186,709.2279069767442,0,8.347999999999956
574.5158139534883,708.545058139535,0,8.349999999999909
571.1809302325581,707.8622093023256,0,8.352000000000317
567.846046511628,707.1793604651162,0,8.35400000000027
564.5111627906978,706.496511627907,0,8.356000000000222
561.1762790697675,705.8136627906978,0,8.358000000000175
557.8413953488372,705.1308139534884,0,8.360000000000127
554.506511627907,704.4479651162791,0,8.36200000000008
551.1716279069767,703.7651162790698,0,8.364000000000033
547.8367441860466,703.0822674418605,0,8.365999999999985
544.5018604651164,702.3994186046511,0,8.367999999999938
541.1669767441861,701.7165697674418,0,8.370000000000346
537.8320930232559,701.0337209302327,0,8.372000000000298
534.4972093023256,700.3508720930233,0,8.374000000000251
531.1623255813953,699.668023255814,0,8.376000000000204
527.8274418604651,698.9851744186046,0,8.378000000000156
524.4925581395349,698.3023255813955,0,8.38000000000011
521.1576744186046,697.619476744186,0,8.382000000000062
517.8227906976745,696.9366279069768,0,8.384000000000015
514.4879069767442,696.2537790697675,0,8.385999999999967
511.153023255814,695.5709302325581,0,8.38799999999992
507.8181395348837,694.888081395349,0,8.390000000000327
504.4832558139535,694.2052325581396,0,8.39200000000028
501.14837209302334,693.5223837209303,0,8.394000000000233
497.81348837209305,692.8395348837211,0,8.396000000000186
494.47860465116275,692.1566860465116,0,8.398000000000138
491.1437209302326,691.4738372093024,0,8.400000000000091
487.8088372093024,690.7909883720931,0,8.402000000000044
484.4739534883721,690.1081395348838,0,8.403999999999996
481.1390697674419,689.4252906976745,0,8.405999999999949
477.80418604651163,688.7424418604652,0,8.407999999999902
474.4693023255814,688.0595930232558,0,8.41000000000031
471.13441860465116,687.3767441860466,0,8.412000000000262
467.7995348837209,686.6938953488373,0,8.414000000000215
464.46465116279074,686.0110465116279,0,8.416000000000167
461.1297674418605,685.3281976744188,0,8.41800000000012
457.7948837209303,684.6453488372093,0,8.420000000000073
454.46000000000004,683.9625000000001,1,8.422000000000025
451.3,676.875,1,8.423999999999978
446.78,663.1875,1,8.42599999999993
442.3,649.275,1,8.428000000000338
437.02,635.1375,1,8.430000000000291
435.02,620.625,1,8.432000000000244
432.1,606.5625,1,8.434000000000196
428.7,595.425,1,8.43600000000015
425.82,584.175,1,8.438000000000102
424.82,573.1875,1,8.440000000000055
423.14,564.675,1,8.442000000000007
422.62,552.5999999999999,1,8.44399999999996
421.34000000000003,546.075,1,8.445999999999913
420.7,538.5375,1,8.44800000000032
421.38,533.2125,1,8.450000000000273
420.65999999999997,529.7625,1,8.452000000000226
420.78,528.375,1,8.454000000000178
419.9,526.725,1,8.456000000000131
420.1,526.9124999999999,1,8.458000000000084
420.34000000000003,526.5374999999999,1,8.460000000000036
420.34000000000003,527.2125,1,8.461999999999989
420.14,527.9625,1,8.463999999999942
419.98,527.55,1,8.46600000000035
419.9,527.3625,1,8.468000000000302
419.70000000000005,528.1125,1,8.470000000000255
419.7,527.9625000000001,1,8.472000000000207
419.5,528.45,1,8.47400000000016
419.06,528.9,1,8.476000000000113
419.06,528.675,1,8.478000000000065
418.78,529.425,1,8.480000000000018
418.17999999999995,529.6875,1,8.481999999999971
418.38,528.975,1,8.483999999999924
417.58,530.0625,1,8.486000000000331
417.38,529.725,1,8.488000000000284
417.53999999999996,529.6875,1,8.490000000000236
417.1,530.325,1,8.49200000000019
416.78,530.7,1,8.494000000000142
416.82000000000005,530.625,1,8.496000000000095
416.26,531.1125,1,8.498000000000047
416.29999999999995,531.2625,1,8.5
416.22,531.675,1,8.501999999999953
416.22,531.225,1,8.503999999999905
416.18,531.4125,1,8.506000000000313
415.94000000000005,531.825,1,8.508000000000266
416.02,531.9,1,8.510000000000218
416.1,531.75,1,8.512000000000171
415.42,532.725,1,8.514000000000124
415.82,533.1375,1,8.516000000000076
415.82,533.175,1,8.518000000000029
415.65999999999997,533.1,1,8.519999999999982
415.94000000000005,533.5875,1,8.521999999999935
415.74,533.6624999999999,1,8.524000000000342
415.98,533.8875,1,8.526000000000295
415.78,534.825,1,8.528000000000247
415.7,535.3125,1,8.5300000000002
415.78,534.825,1,8.532000000000153
416.02,534.9375,1,8.534000000000106
416.1,535.05,1,8.536000000000058
416.41999999999996,535.5374999999999,1,8.538000000000011
416.18,536.0999999999999,1,8.539999999999964
415.94,535.275,1,8.541999999999916
416.26,535.2750000000001,1,8.544000000000324
416.34000000000003,536.8875,1,8.546000000000276
416.38,536.175,1,8.54800000000023
416.78,536.325,1,8.550000000000182
416.3,536.4000000000001,1,8.552000000000135
416.65999999999997,536.3625,1,8.554000000000087
416.70000000000005,536.5875000000001,1,8.55600000000004
416.74,537.15,1,8.557999999999993
416.86,536.3625,1,8.559999999999945
417.38,536.8125,1,8.561999999999898
417.1,536.7375,1,8.564000000000306
417.14,536.9625,1,8.566000000000258
417.62,537.225,1,8.568000000000211
417.3,537.1500000000001,1,8.570000000000164
417.34000000000003,537.5250000000001,1,8.572000000000116
417.65999999999997,536.325,1,8.57400000000007
418.02,536.8499999999999,1,8.576000000000022
417.29999999999995,538.0125,1,8.577999999999975
417.70000000000005,536.9625000000001,1,8.579999999999927
417.74,537.075,1,8.582000000000335
417.14,538.0875,1,8.584000000000287
418.02,537.0374999999999,1,8.58600000000024
417.58000000000004,537.5999999999999,1,8.588000000000193
417.18,537.825,1,8.590000000000146
417.53999999999996,537.7125,1,8.592000000000098
417.58,537.375,1,8.594000000000051
417.38,538.2375,1,8.596000000000004
417.5,537.1500000000001,1,8.597999999999956
417.54,536.7,1,8.599999999999909
417.42,537.15,1,8.602000000000317
417.9,536.7,1,8.60400000000027
417.62,536.175,1,8.606000000000222
417.26,536.5875000000001,1,8.608000000000175
417.34000000000003,536.6624999999999,1,8.610000000000127
417.46000000000004,535.6875,1,8.61200000000008
417.3,535.575,1,8.614000000000033
417.53999999999996,535.5375,1,8.615999999999985
417.46,534.7125,1,8.617999999999938
417.58000000000004,535.125,1,8.620000000000346
417.86,534.4124999999999,1,8.622000000000298
417.65999999999997,534.2249999999999,1,8.624000000000251
417.34000000000003,534.4875,1,8.626000000000204
417.74,534.075,1,8.628000000000156
417.86,533.5875,1,8.63000000000011
418.02,533.9625,1,8.632000000000062
418.34000000000003,532.6875,1,8.634000000000015
417.5,533.175,1,8.635999999999967
417.5,533.4,1,8.63799999999992
418.14,532.2,1,8.640000000000327
417.53999999999996,533.9625,1,8.64200000000028
417.94,533.7375,1,8.644000000000233
417.46,534.0375,1,8.646000000000186
417.18,532.8,1,8.648000000000138
417.82,533.1375,1,8.650000000000091
417.26,533.7375,1,8.652000000000044
417.14,534.1875,1,8.653999999999996
417.22,533.85,1,8.655999999999949
417.42,534.45,1,8.657999999999902
417.18,534.1875,1,8.66000000000031
417.22,535.0875,1,8.662000000000262
416.86,534.4875,1,8.664000000000215
416.98,535.0125,1,8.666000000000167
415.65999999999997,535.575,1,8.66800000000012
412.94,537.1875,1,8.670000000000073
408.82,537.4125,1,8.672000000000025
402.58,540.3,1,8.673999999999978
394.26,539.025,1,8.67599999999993
383.29999999999995,538.65,1,8.678000000000338
372.34000000000003,539.2874999999999,1,8.680000000000291
360.62,536.3625,1,8.682000000000244
350.53999999999996,537.5625,1,8.684000000000196
340.70000000000005,535.3499999999999,1,8.68600000000015
329.98,534.45,1,8.688000000000102
319.53999999999996,533.7750000000001,1,8.690000000000055
307.9,532.6875,1,8.692000000000007
294.46000000000004,531.5250000000001,1,8.69399999999996
280.78,531.4125,1,8.695999999999913
265.62,532.5374999999999,1,8.69800000000032
250.98000000000002,533.7375,1,8.700000000000273
236.78,535.5374999999999,1,8.702000000000226
224.26,534.4875,1,8.704000000000178
213.38,533.925,1,8.706000000000131
201.38,532.3875,1,8.708000000000084
192.3,531.3,1,8.710000000000036
182.01999999999998,529.0125,1,8.711999999999989
172.46,528.15,1,8.713999999999942
164.14,527.6624999999999,1,8.71600000000035
156.74,527.625,1,8.718000000000302
152.01999999999998,523.05,1,8.720000000000255
147.98000000000002,520.35,1,8.722000000000207
146.22,519.1125,1,8.72400000000016
146.45999999999998,516.7125000000001,1,8.726000000000113
146.7,516.4125,1,8.728000000000065
147.06,516.1875,1,8.730000000000018
147.62,516.0,1,8.731999999999971
147.89999999999998,516.5625,1,8.733999999999924
147.38,517.05,1,8.736000000000331
147.38,516.4125,1,8.738000000000284
147.98000000000002,516.3375,1,8.740000000000236
147.14,516.75,1,8.74200000000019
147.57999999999998,516.225,1,8.744000000000142
147.74,515.2875,1,8.746000000000095
147.38,515.0625,1,8.748000000000047
147.22,515.925,1,8.75
147.3,514.8375,1,8.751999999999953
147.3,515.2874999999999,1,8.753999999999905
146.98000000000002,514.65,1,8.756000000000313
147.18,514.4625,1,8.758000000000266
147.38,513.3375,1,8.760000000000218
146.78,513.5625,1,8.762000000000171
147.26,513.375,1,8.764000000000124
146.89999999999998,513.675,1,8.766000000000076
146.89999999999998,513.225,1,8.768000000000029
147.3,513.3,1,8.769999999999982
147.18,512.5125,1,8.771999999999935
147.06,513.075,1,8.774000000000342
147.3,513.1125,1,8.776000000000295
147.01999999999998,513.075,1,8.778000000000247
147.18,512.2125,1,8.7800000000002
146.9,512.5875,1,8.782000000000153
147.3,512.85,1,8.784000000000106
147.3,512.0625,1,8.786000000000058
147.38,512.5875,1,8.788000000000011
147.22,513.0,1,8.789999999999964
147.46,512.4375,1,8.791999999999916
147.02,512.2874999999999,1,8.794000000000324
147.01999999999998,513.1125,1,8.796000000000276
147.3,512.5125,1,8.79800000000023
147.22,512.325,1,8.800000000000182
146.9,511.6125,1,8.802000000000135
146.54,510.75,1,8.804000000000087
147.1,510.525,1,8.80600000000004
146.78,510.82500000000005,1,8.807999999999993
147.01999999999998,511.2,1,8.809999999999945
146.62,509.85,1,8.811999999999898
146.14,508.95,1,8.814000000000306
146.46,509.325,1,8.816000000000258
146.86,509.775,1,8.818000000000211
146.54,509.25,1,8.820000000000164
146.66000000000003,508.57500000000005,1,8.822000000000116
146.45999999999998,508.875,1,8.82400000000007
146.22,507.78749999999997,1,8.826000000000022
146.45999999999998,507.63750000000005,1,8.827999999999975
145.66,507.0,1,8.829999999999927
145.78,506.475,1,8.832000000000335
146.78,506.8125,1,8.834000000000287
145.98,507.0,1,8.83600000000024
145.78,505.38750000000005,1,8.838000000000193
146.45999999999998,507.15,1,8.840000000000146
145.78,505.275,1,8.842000000000098
146.18,505.275,1,8.844000000000051
146.1,505.9125,1,8.846000000000004
146.1,505.5,1,8.847999999999956
145.86,505.35,1,8.849999999999909
145.66,505.5,1,8.852000000000317
145.82,505.425,1,8.85400000000027
145.94,505.16249999999997,1,8.856000000000222
146.14,504.9,1,8.858000000000175
146.18,503.925,1,8.860000000000127
145.74,505.1625,1,8.86200000000008
146.34,505.0125,1,8.864000000000033
145.58,503.92499999999995,1,8.865999999999985
146.01999999999998,504.15,1,8.867999999999938
146.06,504.75,1,8.870000000000346
145.9,504.3375,1,8.872000000000298
146.18,504.45,1,8.874000000000251
145.74,505.0875,1,8.876000000000204
146.06,503.9625,1,8.878000000000156
145.94,504.2625,1,8.88000000000011
146.18,504.45,1,8.882000000000062
146.18,503.475,1,8.884000000000015
146.5,504.1125,1,8.885999999999967
146.62,504.3375,1,8.88799999999992
146.06,504.15000000000003,1,8.890000000000327
146.5,504.675,1,8.89200000000028
146.66,504.75,1,8.894000000000233
146.42000000000002,504.7875,1,8.896000000000186
146.66000000000003,505.42499999999995,1,8.898000000000138
145.89999999999998,505.08750000000003,1,8.900000000000091
146.26,505.95000000000005,1,8.902000000000044
146.38,505.5375,1,8.903999999999996
146.18,504.3,1,8.905999999999949
146.18,505.42499999999995,1,8.907999999999902
146.42000000000002,506.85,1,8.91000000000031
146.01999999999998,504.7125,1,8.912000000000262
146.45999999999998,505.275,1,8.914000000000215
146.45999999999998,504.7125,1,8.916000000000167
146.54000000000002,504.9,1,8.91800000000012
146.74,504.4125,1,8.920000000000073
146.14,503.925,1,8.922000000000025
146.38,504.375,1,8.923999999999978
146.33999999999997,504.11249999999995,1,8.92599999999993
146.78,504.0375,1,8.928000000000338
146.38,504.29999999999995,1,8.930000000000291
146.14,504.11249999999995,1,8.932000000000244
145.98000000000002,503.54999999999995,1,8.934000000000196
146.57999999999998,503.8125,1,8.93600000000015
146.54,504.675,1,8.938000000000102
146.18,504.11249999999995,1,8.940000000000055
146.34,504.1875,1,8.942000000000007
146.42000000000002,503.625,1,8.94399999999996
146.06,503.8875,1,8.945999999999913
146.74,504.6,1,8.94800000000032
146.42000000000002,504.8625,1,8.950000000000273
146.18,504.45,1,8.952000000000226
146.33999999999997,504.675,1,8.954000000000178
146.54,504.4125,1,8.956000000000131
146.45999999999998,504.9,1,8.958000000000084
146.26,505.0125,1,8.960000000000036
146.38,504.9,1,8.961999999999989
146.57999999999998,505.1625,1,8.963999999999942
146.18,505.125,1,8.96600000000035
146.34,504.82500000000005,1,8.968000000000302
146.06,504.9,1,8.970000000000255
146.46,505.0875,1,8.972000000000207
146.22,504.4875,1,8.97400000000016
146.14,503.88750000000005,1,8.976000000000113
146.18,504.59999999999997,1,8.978000000000065
146.45999999999998,504.0,1,8.980000000000018
145.7,503.0625,1,8.981999999999971
146.26,504.375,1,8.983999999999924
146.14,504.15,1,8.986000000000331
145.86,503.25,1,8.988000000000284
146.14,504.29999999999995,1,8.990000000000236
146.38,503.13750000000005,1,8.99200000000019
146.22,503.7,1,8.994000000000142
146.14,503.88750000000005,1,8.996000000000095
146.26,503.7,1,8.998000000000047
145.62,503.475,1,9.0
147.3,504.6375,1,9.001999999999953
147.54,506.1,1,9.003999999999905
149.18,508.98749999999995,1,9.006000000000313
152.57999999999998,513.5625,1,9.008000000000266
156.34,520.1625,1,9.010000000000218
163.06,531.9749999999999,1,9.012000000000171
171.14,542.0999999999999,1,9.014000000000124
181.45999999999998,551.4749999999999,1,9.016000000000076
191.9,560.1375,1,9.018000000000029
204.54000000000002,571.875,1,9.019999999999982
216.78,582.2625,1,9.021999999999935
231.38,589.9875,1,9.024000000000342
245.10000000000002,600.7125000000001,1,9.026000000000295
258.7,611.25,1,9.028000000000247
272.3,619.1624999999999,1,9.0300000000002
285.38,627.7125000000001,1,9.032000000000153
298.3,635.0999999999999,1,9.034000000000106
310.06,639.75,1,9.036000000000058
319.17999999999995,643.0875,1,9.038000000000011
327.34000000000003,646.3875,1,9.039999999999964
332.38,647.8499999999999,1,9.041999999999916
334.86,648.5999999999999,1,9.044000000000324
335.38,649.8,1,9.046000000000276
334.9,649.0875,1,9.04800000000023
334.26,649.0875,1,9.050000000000182
333.70000000000005,647.4375,1,9.052000000000135
333.74,647.7,1,9.054000000000087
333.94,647.4375,1,9.05600000000004
334.3,647.625,1,9.057999999999993
333.86,646.2750000000001,1,9.059999999999945
333.78,646.3499999999999,1,9.061999999999898
333.46,646.4625,1,9.064000000000306
333.54,645.4875,1,9.066000000000258
333.62,645.1875,1,9.068000000000211
333.65999999999997,644.625,1,9.070000000000164
333.9,644.625,1,9.072000000000116
333.9,644.55,1,9.07400000000007
334.41999999999996,644.6624999999999,1,9.076000000000022
334.18,644.4,1,9.077999999999975
334.02,644.3625,1,9.079999999999927
334.82000000000005,644.0999999999999,1,9.082000000000335
334.54,643.95,1,9.084000000000287
334.46000000000004,643.65,1,9.08600000000024
334.18,643.35,1,9.088000000000193
334.02,643.875,1,9.090000000000146
334.29999999999995,643.5374999999999,1,9.092000000000098
333.98,643.575,1,9.094000000000051
334.06,643.5375,1,9.096000000000004
334.38,643.5375,1,9.097999999999956
334.14,642.9,1,9.099999999999909
334.22,643.6500000000001,1,9.102000000000317
334.74,642.9375,1,9.10400000000027
333.82000000000005,642.375,1,9.106000000000222
334.26,642.2625,1,9.108000000000175
333.78,642.675,1,9.110000000000127
333.78,641.8499999999999,1,9.11200000000008
334.02,641.9625000000001,1,9.114000000000033
333.58,641.475,1,9.115999999999985
333.38,641.5875,1,9.117999999999938
334.34000000000003,641.175,1,9.120000000000346
333.9,641.55,1,9.122000000000298
333.86,640.3875,1,9.124000000000251
333.78,640.5,1,9.126000000000204
333.78,640.425,1,9.128000000000156
333.62,640.9125,1,9.13000000000011
334.02,639.4875,1,9.132000000000062
334.14,640.05,1,9.134000000000015
334.22,640.0125,1,9.135999999999967
334.18,639.7125,1,9.13799999999992
334.1,640.05,1,9.140000000000327
333.82000000000005,639.6375,1,9.14200000000028
333.94,638.925,1,9.144000000000233
333.46000000000004,639.2249999999999,1,9.146000000000186
333.34,639.0374999999999,1,9.148000000000138
333.41999999999996,639.0374999999999,1,9.150000000000091
333.38,638.9625000000001,1,9.152000000000044
333.3,638.5875,1,9.153999999999996
333.02,638.2874999999999,1,9.155999999999949
333.02,638.325,1,9.157999999999902
333.06,637.9124999999999,1,9.16000000000031
332.94,637.6125,1,9.162000000000262
332.78,636.675,1,9.164000000000215
332.74,637.05,1,9.166000000000167
332.86,636.7875,1,9.16800000000012
332.9,637.0125,1,9.170000000000073
332.70000000000005,637.05,1,9.172000000000025
332.5,636.825,1,9.173999999999978
332.82,637.0125,1,9.17599999999993
332.5,636.9375,1,9.178000000000338
332.14,636.975,1,9.180000000000291
331.94,637.275,1,9.182000000000244
332.38,637.2375,1,9.184000000000196
332.06,636.9375,1,9.18600000000015
332.14,636.9375,1,9.188000000000102
332.22,637.275,1,9.190000000000055
331.82,637.2375,1,9.192000000000007
331.94000000000005,636.9375,1,9.19399999999996
331.29999999999995,637.5375,1,9.195999999999913
331.94,637.8,1,9.19800000000032
331.58000000000004,637.5,1,9.200000000000273
331.22,637.1624999999999,1,9.202000000000226
331.26,637.1624999999999,1,9.204000000000178
331.1,638.175,1,9.206000000000131
330.78,637.425,1,9.208000000000084
331.1,637.2,1,9.210000000000036
330.98,636.975,1,9.211999999999989
330.34000000000003,637.0125,1,9.213999999999942
330.58000000000004,637.35,1,9.21600000000035
330.58000000000004,637.0875,1,9.218000000000302
330.26,636.825,1,9.220000000000255
330.78,636.4875,1,9.222000000000207
330.82,635.8875,1,9.22400000000016
331.1,636.0374999999999,1,9.226000000000113
330.86,635.85,1,9.228000000000065
330.70000000000005,636.375,1,9.230000000000018
331.22,635.25,1,9.231999999999971
330.94,635.5875,1,9.233999999999924
331.14,635.175,1,9.236000000000331
331.34000000000003,635.3625,1,9.238000000000284
331.02,634.9875,1,9.240000000000236
331.46,635.3625,1,9.24200000000019
331.54,634.7249999999999,1,9.244000000000142
331.22,634.6125,1,9.246000000000095
331.46,634.7625,1,9.248000000000047
331.78,635.1,1,9.25
331.86,635.0999999999999,1,9.251999999999953
331.94,634.6500000000001,1,9.253999999999905
331.94,635.2875,1,9.256000000000313
331.86,635.25,1,9.258000000000266
331.74,635.175,1,9.260000000000218
331.82000000000005,635.475,1,9.262000000000171
332.17999999999995,635.1,1,9.264000000000124
332.18,635.325,1,9.266000000000076
331.98,635.7,1,9.268000000000029
331.94,636.0,1,9.269999999999982
331.62,636.2249999999999,1,9.271999999999935
331.78,635.8875,1,9.274000000000342
332.02,636.075,1,9.276000000000295
331.41999999999996,636.4124999999999,1,9.278000000000247
332.14,636.15,1,9.2800000000002
331.58000000000004,636.5999999999999,1,9.282000000000153
331.7,636.375,1,9.284000000000106
331.62,637.275,1,9.286000000000058
332.02,635.8875,1,9.288000000000011
332.26,636.525,1,9.289999999999964
332.02,636.5625,1,9.291999999999916
331.46000000000004,636.1125,1,9.294000000000324
331.58,636.4125,1,9.296000000000276
331.65999999999997,635.9625000000001,1,9.29800000000023
331.98,636.225,1,9.300000000000182
332.22,635.8125,1,9.302000000000135
332.06,635.475,1,9.304000000000087
332.5,635.7375,1,9.30600000000004
332.1,635.4749999999999,1,9.307999999999993
332.26,635.2875,1,9.309999999999945
332.86,634.7625,1,9.311999999999898
332.74,634.4625,1,9.314000000000306
332.9,634.3499999999999,1,9.316000000000258
332.86,633.7125000000001,1,9.318000000000211
333.1,633.45,1,9.320000000000164
333.5,633.45,1,9.322000000000116
333.62,633.5625,1,9.32400000000007
333.26,632.8125,1,9.326000000000022
333.26,633.4125,1,9.327999999999975
333.58,632.9625000000001,1,9.329999999999927
333.53999999999996,633.375,1,9.332000000000335
333.5,633.5999999999999,1,9.334000000000287
333.62,633.075,1,9.33600000000024
334.02,632.475,1,9.338000000000193
333.62,632.0625,1,9.340000000000146
333.41999999999996,632.3625,1,9.342000000000098
333.58,633.0375,1,9.344000000000051
333.42,632.625,1,9.346000000000004
333.62,632.85,1,9.347999999999956
333.58000000000004,632.85,1,9.349999999999909
333.82,633.0374999999999,1,9.352000000000317
333.14,633.75,1,9.35400000000027
333.46000000000004,633.4125,1,9.356000000000222
333.46000000000004,634.3875,1,9.358000000000175
333.42,634.6125,1,9.360000000000127
333.3,634.1625,1,9.36200000000008
333.62,634.125,1,9.364000000000033
333.58000000000004,634.9124999999999,1,9.365999999999985
333.38,635.3625,1,9.367999999999938
333.78,635.1,1,9.370000000000346
333.74,635.4375,1,9.372000000000298
333.70000000000005,635.1,1,9.374000000000251
333.41999999999996,635.6624999999999,1,9.376000000000204
333.38,635.9625,1,9.378000000000156
333.54,635.025,1,9.38000000000011
333.22,634.725,1,9.382000000000062
333.46000000000004,634.6125,1,9.384000000000015
333.02,634.2,1,9.385999999999967
333.98,634.05,1,9.38799999999992
333.41999999999996,633.3,1,9.390000000000327
333.14,633.3,1,9.39200000000028
332.98,632.925,1,9.394000000000233
333.22,632.7375,1,9.396000000000186
333.18,632.4375,1,9.398000000000138
333.14,631.6125,1,9.400000000000091
333.22,631.725,1,9.402000000000044
333.1,631.725,1,9.403999999999996
332.94,631.575,1,9.405999999999949
333.18,631.0875,1,9.407999999999902
333.26,631.3125,1,9.41000000000031
332.82,630.75,1,9.412000000000262
332.9,630.3375,1,9.414000000000215
332.65999999999997,630.5250000000001,1,9.416000000000167
332.65999999999997,630.6375,1,9.41800000000012
332.62,630.0375,1,9.420000000000073
332.5,630.3375,1,9.422000000000025
332.82000000000005,630.225,1,9.423999999999978
332.82,630.4125,1,9.42599999999993
332.53999999999996,630.2625,1,9.428000000000338
332.22,630.225,1,9.430000000000291
331.5,630.0375,1,9.432000000000244
329.62,629.25,1,9.434000000000196
326.98,628.2,1,9.43600000000015
322.9,626.175,1,9.438000000000102
317.98,622.4625,1,9.440000000000055
312.94,618.825,1,9.442000000000007
307.29999999999995,616.3499999999999,1,9.44399999999996
303.38,612.8625,1,9.445999999999913
299.3,610.35,1,9.44800000000032
295.26,607.7625,1,9.450000000000273
291.65999999999997,606.6,1,9.452000000000226
289.3,605.925,1,9.454000000000178
286.02,605.2125000000001,1,9.456000000000131
283.86,603.8625,1,9.458000000000084
280.62,603.9375,1,9.460000000000036
278.62,602.1375,1,9.461999999999989
277.14,601.2,1,9.463999999999942
276.62,600.1500000000001,1,9.46600000000035
276.58000000000004,599.925,1,9.468000000000302
277.1,599.925,1,9.470000000000255
277.58,600.5625,1,9.472000000000207
278.26,600.525,1,9.47400000000016
279.5,600.9,1,9.476000000000113
278.94,600.825,1,9.478000000000065
279.7,600.4124999999999,1,9.480000000000018
279.58000000000004,600.075,1,9.481999999999971
279.78,599.0999999999999,1,9.483999999999924
279.5,599.4,1,9.486000000000331
279.7,598.9875,1,9.488000000000284
280.02,598.6875,1,9.490000000000236
280.1,598.5,1,9.49200000000019
279.78,598.8,1,9.494000000000142
279.94,597.8625,1,9.496000000000095
280.02,597.9749999999999,1,9.498000000000047
280.1,598.275,1,9.5
279.70000000000005,598.4625,1,9.501999999999953
280.26,597.7125000000001,1,9.503999999999905
280.06,597.6375,1,9.506000000000313
279.82000000000005,597.45,1,9.508000000000266
279.9,597.825,1,9.510000000000218
279.9,596.8875,1,9.512000000000171
279.82,597.1875,1,9.514000000000124
280.1,597.0,1,9.516000000000076
279.9,597.15,1,9.518000000000029
279.78,596.925,1,9.519999999999982
280.1,596.9625,1,9.521999999999935
279.53999999999996,596.4000000000001,1,9.524000000000342
279.62,596.3625,1,9.526000000000295
279.38,596.325,1,9.528000000000247
279.86,596.55,1,9.5300000000002
280.02,596.5875000000001,1,9.532000000000153
280.22,595.9125,1,9.534000000000106
280.22,596.3625,1,9.536000000000058
279.94,596.5125,1,9.538000000000011
280.29999999999995,596.4,1,9.539999999999964
279.7,597.075,1,9.541999999999916
280.5,596.9625000000001,1,9.544000000000324
279.94,597.75,1,9.546000000000276
279.94,597.225,1,9.54800000000023
279.98,597.1500000000001,1,9.550000000000182
279.74,597.8625,1,9.552000000000135
279.9,597.525,1,9.554000000000087
280.22,597.675,1,9.55600000000004
280.14,597.7874999999999,1,9.557999999999993
279.98,597.4124999999999,1,9.559999999999945
279.86,597.1125,1,9.561999999999898
279.58000000000004,597.15,1,9.564000000000306
279.53999999999996,597.2625,1,9.566000000000258
279.14,595.575,1,9.568000000000211
279.1,595.5375,1,9.570000000000164
279.22,595.2,1,9.572000000000116
278.9,593.7375,1,9.57400000000007
279.14,594.9375,1,9.576000000000022
278.94,593.775,1,9.577999999999975
278.82000000000005,594.4875,1,9.579999999999927
278.86,593.4,1,9.582000000000335
279.02,594.1125,1,9.584000000000287
278.78,593.8875,1,9.58600000000024
278.82000000000005,594.1875,1,9.588000000000193
278.62,593.325,1,9.590000000000146
278.5,593.475,1,9.592000000000098
278.86,593.6625,1,9.594000000000051
278.9,592.575,1,9.596000000000004
278.65999999999997,593.4,1,9.597999999999956
278.62,592.8375000000001,1,9.599999999999909
278.58,592.65,1,9.602000000000317
278.34000000000003,592.1625,1,9.60400000000027
278.38,592.725,1,9.606000000000222
278.3,592.425,1,9.608000000000175
278.42,592.6875,1,9.610000000000127
278.46000000000004,592.05,1,9.61200000000008
278.65999999999997,592.3875,1,9.614000000000033
278.82,591.4125,1,9.615999999999985
278.34000000000003,591.5625,1,9.617999999999938
278.5,592.0125,1,9.620000000000346
278.86,592.125,1,9.622000000000298
278.46,591.1500000000001,1,9.624000000000251
278.7,591.75,1,9.626000000000204
278.53999999999996,591.1875,1,9.628000000000156
278.46,590.9625,1,9.63000000000011
278.41999999999996,591.9749999999999,1,9.632000000000062
278.42,590.925,1,9.634000000000015
278.38,591.1875,1,9.635999999999967
278.38,591.0,1,9.63799999999992
276.22,591.075,1,9.640000000000327
273.78,593.7750000000001,1,9.64200000000028
268.26,595.8,1,9.644000000000233
260.1,596.3625,1,9.646000000000186
250.7,597.225,1,9.648000000000138
237.26,600.5250000000001,1,9.650000000000091
223.38,602.85,1,9.652000000000044
209.42000000000002,606.3375000000001,1,9.653999999999996
194.14,609.8625,1,9.655999999999949
178.22,614.4000000000001,1,9.657999999999902
163.26,616.6125,1,9.66000000000031
148.42000000000002,618.3,1,9.662000000000262
133.54000000000002,620.25,1,9.664000000000215
119.62,621.4875,1,9.666000000000167
105.1,621.225,1,9.66800000000012
93.18,622.65,1,9.670000000000073
80.25999999999999,623.2125000000001,1,9.672000000000025
69.38,625.2,1,9.673999999999978
58.540000000000006,626.2125,1,9.67599999999993
49.3,626.4,1,9.678000000000338
41.66,626.7375,1,9.680000000000291
33.86,628.65,1,9.682000000000244
27.38,628.9875,1,9.684000000000196
22.740000000000002,628.3125,1,9.68600000000015
19.34,627.2625,1,9.688000000000102
19.019999999999992,625.8375000000001,1,9.690000000000055
18.859999999999992,626.025,1,9.692000000000007
20.259999999999998,624.9375,1,9.69399999999996
21.9,623.1375,1,9.695999999999913
23.38,623.5125,1,9.69800000000032
23.9,623.8499999999999,1,9.700000000000273
23.86,623.025,1,9.702000000000226
23.580000000000002,622.7625,1,9.704000000000178
23.259999999999998,624.4125,1,9.706000000000131
23.46,624.6,1,9.708000000000084
23.34,624.4125,1,9.710000000000036
23.46,624.2625,1,9.711999999999989
23.14,624.1875,1,9.713999999999942
22.54,623.625,1,9.71600000000035
22.540000000000003,623.2875,1,9.718000000000302
21.82,623.3625,1,9.720000000000255
21.86,621.2625,1,9.722000000000207
21.94,620.6624999999999,1,9.72400000000016
21.78,619.275,1,9.726000000000113
21.46,619.3125,1,9.728000000000065
21.34,618.5625,1,9.730000000000018
21.58,618.4875,1,9.731999999999971
21.1,618.3,1,9.733999999999924
21.34,616.95,1,9.736000000000331
21.98,617.4,1,9.738000000000284
21.02,617.1375,1,9.740000000000236
21.18,616.7625,1,9.74200000000019
21.02,616.725,1,9.744000000000142
21.060000000000002,616.2,1,9.746000000000095
20.42,615.45,1,9.748000000000047
20.9,616.875,1,9.75
20.259999999999998,616.2,1,9.751999999999953
20.22,616.875,1,9.753999999999905
19.94,616.9124999999999,1,9.756000000000313
20.14,615.8625,1,9.758000000000266
19.740000000000002,615.7125,1,9.760000000000218
19.22,616.8,1,9.762000000000171
19.3,616.7249999999999,1,9.764000000000124
19.66,616.8375,1,9.766000000000076
19.42,616.9875,1,9.768000000000029
19.62,616.6125,1,9.769999999999982
19.380000000000003,616.2375,1,9.771999999999935
19.34,616.725,1,9.774000000000342
19.1,616.2,1,9.776000000000295
19.38,616.3499999999999,1,9.778000000000247
18.62,615.375,1,9.7800000000002
18.7,615.075,1,9.782000000000153
18.9,615.6375,1,9.784000000000106
18.38,615.2625,1,9.786000000000058
18.86,613.8,1,9.788000000000011
18.740000000000002,614.55,1,9.789999999999964
18.26,613.2750000000001,1,9.791999999999916
18.3,613.65,1,9.794000000000324
18.34,613.6875,1,9.796000000000276
18.34,613.5375,1,9.79800000000023
18.02,613.2750000000001,1,9.800000000000182
18.18,613.8375000000001,1,9.802000000000135
18.14,612.7874999999999,1,9.804000000000087
18.1,612.825,1,9.80600000000004
18.419999999999998,613.2375,1,9.807999999999993
17.5,612.3375,1,9.809999999999945
18.3,612.7125000000001,1,9.811999999999898
18.22,612.5625,1,9.814000000000306
17.98,612.0,1,9.816000000000258
18.38,611.9625000000001,1,9.818000000000211
17.9,612.7125000000001,1,9.820000000000164
18.66,613.65,1,9.822000000000116
18.22,612.5999999999999,1,9.82400000000007
18.02,611.8875,1,9.826000000000022
17.939999999999998,611.9625,1,9.827999999999975
17.939999999999998,612.6375,1,9.829999999999927
17.94,612.075,1,9.832000000000335
17.82,612.0374999999999,1,9.834000000000287
18.14,612.075,1,9.83600000000024
18.54,611.8125,1,9.838000000000193
18.3,611.7750000000001,1,9.840000000000146
18.060000000000002,612.3375,1,9.842000000000098
18.34,611.5125,1,9.844000000000051
18.82,613.3875,1,9.846000000000004
19.22,612.675,1,9.847999999999956
19.060000000000002,612.4875,1,9.849999999999909
19.14,612.7875,1,9.852000000000317
18.62,612.7875,1,9.85400000000027
19.06,612.675,1,9.856000000000222
19.18,613.8,1,9.858000000000175
18.94,613.05,1,9.860000000000127
19.1,612.5250000000001,1,9.86200000000008
19.74,613.9125,1,9.864000000000033
22.02,613.9125,1,9.865999999999985
27.54,615.45,1,9.867999999999938
35.18,617.5875000000001,1,9.870000000000346
46.18,620.7375,1,9.872000000000298
59.5,623.0625,1,9.874000000000251
76.02,625.35,1,9.876000000000204
94.25999999999999,630.6,1,9.878000000000156
112.74000000000001,634.7249999999999,1,9.88000000000011
131.78,637.125,1,9.882000000000062
152.1,640.3875,1,9.884000000000015
172.66,643.95,1,9.885999999999967
193.06,643.8,1,9.88799999999992
213.1,646.9875,1,9.890000000000327
231.82,648.825,1,9.89200000000028
249.5,651.5625,1,9.894000000000233
264.9,652.6875,1,9.896000000000186
279.46000000000004,655.4625,1,9.898000000000138
293.82,655.9875,1,9.900000000000091
305.46,658.5,1,9.902000000000044
315.78,659.5125,1,9.903999999999996
323.65999999999997,658.6875,1,9.905999999999949
328.29999999999995,658.95,1,9.907999999999902
330.42,658.65,1,9.91000000000031
330.58000000000004,657.4125,1,9.912000000000262
329.14,656.9625,1,9.914000000000215
327.34000000000003,656.625,1,9.916000000000167
326.46000000000004,656.8125,1,9.91800000000012
325.82000000000005,655.9875,1,9.920000000000073
326.02,656.1375,1,9.922000000000025
326.26,655.0875,1,9.923999999999978
326.5,655.2750000000001,1,9.92599999999993
326.26,656.325,1,9.928000000000338
326.1,656.4,1,9.930000000000291
325.1,655.5,1,9.932000000000244
325.86,656.2874999999999,1,9.934000000000196
326.53999999999996,656.2125000000001,1,9.93600000000015
326.26,655.9125,1,9.938000000000102
326.41999999999996,655.9124999999999,1,9.940000000000055
326.9,656.175,1,9.942000000000007
326.65999999999997,655.5,1,9.94399999999996
326.82,655.6875,1,9.945999999999913
326.58,654.6,1,9.94800000000032
325.82,654.375,1,9.950000000000273
326.1,654.1125,1,9.952000000000226
325.7,653.5125,1,9.954000000000178
326.02,653.925,1,9.956000000000131
325.98,653.625,1,9.958000000000084
325.65999999999997,652.5,1,9.960000000000036
326.06,653.25,1,9.961999999999989
326.3,652.875,1,9.963999999999942
325.62,652.7249999999999,1,9.96600000000035
326.58000000000004,652.5374999999999,1,9.968000000000302
326.26,652.3125,1,9.970000000000255
325.98,651.4125,1,9.972000000000207
326.38,652.575,1,9.97400000000016
326.18,651.675,1,9.976000000000113
326.06,651.9375,1,9.978000000000065
326.29999999999995,651.6,1,9.980000000000018
326.38,650.475,1,9.981999999999971
326.14,651.2625,1,9.983999999999924
326.14,651.1500000000001,1,9.986000000000331
326.62,651.0375,1,9.988000000000284
325.94,651.1875,1,9.990000000000236
326.53999999999996,650.475,1,9.99200000000019
326.58000000000004,650.5125,1,9.994000000000142
326.38,650.1,1,9.996000000000095
326.3,650.0625,1,9.998000000000047
326.22,649.8375000000001,1,10.0
326.26,650.175,1,10.001999999999953
326.17999999999995,649.8375000000001,1,10.003999999999905
325.78,649.9124999999999,1,10.006000000000313
326.06,648.9749999999999,1,10.008000000000266
326.22,650.0250000000001,1,10.010000000000218
326.1,648.7125,1,10.012000000000171
326.53999999999996,649.0125,1,10.014000000000124
326.46000000000004,649.05,1,10.016000000000076
326.58000000000004,648.5250000000001,1,10.018000000000029
326.42,649.425,1,10.019999999999982
327.02,648.1875,1,10.021999999999935
326.34000000000003,648.1500000000001,1,10.024000000000342
326.65999999999997,648.1125,1,10.026000000000295
326.26,648.1500000000001,1,10.028000000000247
326.62,648.45,1,10.0300000000002
326.82000000000005,648.2625,1,10.032000000000153
326.70000000000005,648.15,1,10.034000000000106
326.38,648.1500000000001,1,10.036000000000058
326.65999999999997,647.25,1,10.038000000000011
326.34000000000003,647.85,1,10.039999999999964
326.98,648.3,1,10.041999999999916
326.78,648.5625,1,10.044000000000324
326.7,648.5625,1,10.046000000000276
326.46000000000004,647.6625,1,10.04800000000023
326.62,647.625,1,10.050000000000182
326.62,646.9124999999999,1,10.052000000000135
326.42,647.8125,1,10.054000000000087
326.70000000000005,648.1125,1,10.05600000000004
326.65999999999997,647.5875,1,10.057999999999993
326.62,647.6625,1,10.059999999999945
326.26,647.6625,1,10.061999999999898
326.5,647.5125,1,10.064000000000306
326.29999999999995,647.2874999999999,1,10.066000000000258
326.18,648.15,1,10.068000000000211
326.1,647.8875,1,10.070000000000164
326.7,647.85,1,10.072000000000116
326.1,647.925,1,10.07400000000007
326.02,647.7375,1,10.076000000000022
326.65999999999997,647.925,1,10.077999999999975
326.38,647.0625,1,10.079999999999927
326.34000000000003,647.8875,1,10.082000000000335
326.53999999999996,647.625,1,10.084000000000287
326.38,647.7375,1,10.08600000000024
325.98,647.6625,1,10.088000000000193
326.5,647.475,1,10.090000000000146
326.22,645.9375,1,10.092000000000098
326.34,646.7625,1,10.094000000000051
326.3,646.5374999999999,1,10.096000000000004
326.9,647.775,1,10.097999999999956
326.34000000000003,646.95,1,10.099999999999909
326.34000000000003,647.025,1,10.102000000000317
326.46000000000004,646.6125,1,10.10400000000027
326.5,647.175,1,10.106000000000222
326.18,646.1624999999999,1,10.108000000000175
326.58000000000004,645.5625,1,10.110000000000127
326.06,645.7874999999999,1,10.11200000000008
326.34000000000003,646.425,1,10.114000000000033
326.22,645.7874999999999,1,10.115999999999985
326.5,645.1875,1,10.117999999999938
326.58,645.45,1,10.120000000000346
326.58000000000004,645.45,1,10.122000000000298
326.65999999999997,645.1875,1,10.124000000000251
326.98,645.375,1,10.126000000000204
326.62,644.7,1,10.128000000000156
326.14,645.6375,1,10.13000000000011
326.3,644.775,1,10.132000000000062
326.17999999999995,645.0374999999999,1,10.134000000000015
326.58000000000004,645.225,1,10.135999999999967
326.29999999999995,645.4875,1,10.13799999999992
326.38,644.8125,1,10.140000000000327
326.65999999999997,644.775,1,10.14200000000028
326.46000000000004,645.45,1,10.144000000000233
326.82000000000005,645.6,1,10.146000000000186
326.14,645.5250000000001,1,10.148000000000138
326.58000000000004,645.3375,1,10.150000000000091
326.62,646.3125,1,10.152000000000044
326.38,646.0875000000001,1,10.153999999999996
326.46000000000004,645.7875,1,10.155999999999949
325.94,646.9875,1,10.157999999999902
326.14,647.175,1,10.16000000000031
326.1,646.425,1,10.162000000000262
325.9,647.2125,1,10.164000000000215
326.29999999999995,646.8,1,10.166000000000167
325.98,646.8,1,10.16800000000012
325.86,647.5875,1,10.170000000000073
326.1,646.875,1,10.172000000000025
326.74,648.0,1,10.173999999999978
326.1,647.25,1,10.17599999999993
325.82,647.8875,1,10.178000000000338
326.42,647.1375,1,10.180000000000291
325.82,647.25,1,10.182000000000244
325.78,646.7249999999999,1,10.184000000000196
325.62,646.5375,1,10.18600000000015
325.65999999999997,646.2,1,10.188000000000102
325.78,645.9000000000001,1,10.190000000000055
325.62,646.2375,1,10.192000000000007
326.02,646.5,1,10.19399999999996
325.82,645.975,1,10.195999999999913
325.9,645.225,1,10.19800000000032
325.62,645.3375,1,10.200000000000273
326.26,645.4875,1,10.202000000000226
325.58,644.9625,1,10.204000000000178
325.65999999999997,645.075,1,10.206000000000131
325.86,644.925,1,10.208000000000084
325.9,644.9625,1,10.210000000000036
326.14,644.7375,1,10.211999999999989
325.78,644.2875,1,10.213999999999942
325.53999999999996,644.625,1,10.21600000000035
325.18,645.4875,1,10.218000000000302
325.9,645.75,1,10.220000000000255
325.34000000000003,645.675,1,10.222000000000207
325.3,645.8625,1,10.22400000000016
325.18,646.1624999999999,1,10.226000000000113
325.02,646.125,1,10.228000000000065
325.46,646.95,1,10.230000000000018
325.34000000000003,647.025,1,10.231999999999971
325.42,647.3625,1,10.233999999999924
325.14,648.1875,1,10.236000000000331
325.41999999999996,647.625,1,10.238000000000284
325.42,648.1875,1,10.240000000000236
325.53999999999996,649.5374999999999,1,10.24200000000019
325.1,649.2,1,10.244000000000142
325.74,649.6875,1,10.246000000000095
325.78,649.575,1,10.248000000000047
326.02,650.175,1,10.25
325.7,649.3125,1,10.251999999999953
325.70000000000005,649.575,1,10.253999999999905
325.86,649.2,1,10.256000000000313
325.9,649.05,1,10.258000000000266
325.62,649.125,1,10.260000000000218
326.1,648.675,1,10.262000000000171
326.1,648.825,1,10.264000000000124
326.22,647.8875,1,10.266000000000076
326.05999999999995,647.925,1,10.268000000000029
325.62,647.6624999999999,1,10.269999999999982
326.38,647.0625,1,10.271999999999935
325.74,647.1375,1,10.274000000000342
326.06,646.2,1,10.276000000000295
325.65999999999997,646.05,1,10.278000000000247
326.22,646.9125,1,10.2800000000002
325.78,646.3125,1,10.282000000000153
325.46,646.125,1,10.284000000000106
325.78,645.8625,1,10.286000000000058
325.86,645.1500000000001,1,10.288000000000011
326.9,646.125,1,10.289999999999964
328.7,644.25,1,10.291999999999916
330.7,643.7625,1,10.294000000000324
334.5,642.0,1,10.296000000000276
337.58,640.0125,1,10.29800000000023
341.02,637.7249999999999,1,10.300000000000182
344.7,636.4875,1,10.302000000000135
347.26,635.25,1,10.304000000000087
348.65999999999997,634.575,1,10.30600000000004
349.9,634.1624999999999,1,10.307999999999993
350.14,635.175,1,10.309999999999945
350.98,633.825,1,10.311999999999898
350.9,633.9749999999999,1,10.314000000000306
351.06,634.0875000000001,1,10.316000000000258
350.82,633.9375,1,10.318000000000211
350.34000000000003,634.2375,1,10.320000000000164
350.14,633.975,1,10.322000000000116
350.3,635.175,1,10.32400000000007
349.62,635.625,1,10.326000000000022
349.53999999999996,635.0625,1,10.327999999999975
349.86,635.6624999999999,1,10.329999999999927
349.66,635.5125,1,10.332000000000335
350.02,635.1375,1,10.334000000000287
349.82,635.4749999999999,1,10.33600000000024
350.02,635.5125,1,10.338000000000193
350.1,635.3625,1,10.340000000000146
349.9,635.8875,1,10.342000000000098
350.1,636.225,1,10.344000000000051
350.14,636.2625,1,10.346000000000004
349.9,635.7375,1,10.347999999999956
349.86,636.75,1,10.349999999999909
350.18,636.2625,1,10.352000000000317
349.70000000000005,635.925,1,10.35400000000027
349.9,636.2625,1,10.356000000000222
349.98,635.9625,1,10.358000000000175
350.18,636.15,1,10.360000000000127
350.34000000000003,636.2625,1,10.36200000000008
350.53999999999996,636.1125,1,10.364000000000033
350.26,635.8875,1,10.365999999999985
350.02,636.075,1,10.367999999999938
349.9,635.5125,1,10.370000000000346
350.14,635.85,1,10.372000000000298
349.78,635.8875,1,10.374000000000251
350.3,635.325,1,10.376000000000204
350.38,634.9875,1,10.378000000000156
350.46000000000004,635.6625,1,10.38000000000011
350.54,634.875,1,10.382000000000062
349.9,634.5,1,10.384000000000015
350.5,634.9125,1,10.385999999999967
350.5,634.2375,1,10.38799999999992
350.38,634.6125,1,10.390000000000327
350.1,634.275,1,10.39200000000028
349.98,634.4625000000001,1,10.394000000000233
350.53999999999996,633.6,1,10.396000000000186
350.14,634.3875,1,10.398000000000138
350.22,633.5999999999999,1,10.400000000000091
350.1,633.6,1,10.402000000000044
350.17999999999995,633.225,1,10.403999999999996
350.5,633.7875,1,10.405999999999949
350.38,633.4125,1,10.407999999999902
350.46000000000004,634.125,1,10.41000000000031
350.34000000000003,632.925,1,10.412000000000262
350.86,633.45,1,10.414000000000215
350.70000000000005,633.3,1,10.416000000000167
350.94,633.45,1,10.41800000000012
350.74,633.9375,1,10.420000000000073
350.65999999999997,634.2,1,10.422000000000025
350.78,633.9375,1,10.423999999999978
350.78,634.2375,1,10.42599999999993
351.17999999999995,633.6375,1,10.428000000000338
350.98,634.0125,1,10.430000000000291
350.78,634.0125,1,10.432000000000244
351.46000000000004,634.2,1,10.434000000000196
351.06,634.05,1,10.43600000000015
351.22,634.1624999999999,1,10.438000000000102
351.58000000000004,634.1625,1,10.440000000000055
351.1,633.9000000000001,1,10.442000000000007
351.3,633.6375,1,10.44399999999996
350.86,633.9375,1,10.445999999999913
351.62,633.375,1,10.44800000000032
351.1,633.4875,1,10.450000000000273
350.66,633.15,1,10.452000000000226
351.41999999999996,632.8875,1,10.454000000000178
351.34000000000003,632.625,1,10.456000000000131
350.86,633.3,1,10.458000000000084
351.1,632.7,1,10.460000000000036
351.18,632.1375,1,10.461999999999989
351.62,632.1375,1,10.463999999999942
351.26,631.875,1,10.46600000000035
350.78,630.375,1,10.468000000000302
351.42,631.575,1,10.470000000000255
350.86,631.7249999999999,1,10.472000000000207
350.5,631.2375,1,10.47400000000016
350.9,631.7625,1,10.476000000000113
350.70000000000005,631.05,1,10.478000000000065
350.38,630.7875,1,10.480000000000018
350.62,630.6375,1,10.481999999999971
350.66,630.975,1,10.483999999999924
350.74,631.0875,1,10.486000000000331
350.62,630.45,1,10.488000000000284
350.74,632.1375,1,10.490000000000236
351.38,631.275,1,10.49200000000019
352.53999999999996,630.7125000000001,1,10.494000000000142
355.82,629.7,1,10.496000000000095
360.1,627.9375,1,10.498000000000047
367.02,624.075,1,10.5
375.22,621.075,1,10.501999999999953
384.14,616.3125,1,10.503999999999905
393.62,614.3625,1,10.506000000000313
402.06,612.45,1,10.508000000000266
409.38,611.1,1,10.510000000000218
416.02,609.8625,1,10.512000000000171
421.82000000000005,609.5625,1,10.514000000000124
426.53999999999996,606.975,1,10.516000000000076
432.17999999999995,606.1500000000001,1,10.518000000000029
437.26,604.0125,1,10.519999999999982
442.65999999999997,603.4125,1,10.521999999999935
446.38,601.8375,1,10.524000000000342
448.5,602.4,1,10.526000000000295
450.06,601.8375000000001,1,10.528000000000247
450.86,601.5374999999999,1,10.5300000000002
449.9,601.6875,1,10.532000000000153
449.1,602.4375,1,10.534000000000106
448.78,601.3125,1,10.536000000000058
448.26,602.7375,1,10.538000000000011
448.53999999999996,602.2125,1,10.539999999999964
448.02,602.8875,1,10.541999999999916
448.26,602.775,1,10.544000000000324
448.06,603.0375,1,10.546000000000276
447.98,602.8125,1,10.54800000000023
448.14,602.4,1,10.550000000000182
448.53999999999996,601.9875,1,10.552000000000135
448.26,602.4,1,10.554000000000087
448.9,601.6125,1,10.55600000000004
448.78,601.6875,1,10.557999999999993
448.94,601.3875,1,10.559999999999945
449.42,600.6375,1,10.561999999999898
448.94,599.9625,1,10.564000000000306
449.26,599.2875,1,10.566000000000258
449.98,599.1,1,10.568000000000211
450.1,598.0875000000001,1,10.570000000000164
450.18,596.85,1,10.572000000000116
450.02,596.6625,1,10.57400000000007
450.18,596.2125,1,10.576000000000022
449.46000000000004,595.7625,1,10.577999999999975
450.46000000000004,594.525,1,10.579999999999927
450.34000000000003,594.5999999999999,1,10.582000000000335
450.06,594.9,1,10.584000000000287
450.22,594.225,1,10.58600000000024
450.46,594.0,1,10.588000000000193
449.65999999999997,594.1875,1,10.590000000000146
450.53999999999996,593.8125,1,10.592000000000098
449.94,593.5125,1,10.594000000000051
450.46000000000004,593.1,1,10.596000000000004
450.74,593.2875,1,10.597999999999956
450.18,593.1375,1,10.599999999999909
450.1,593.025,1,10.602000000000317
450.22,593.2125,1,10.60400000000027
450.18,592.875,1,10.606000000000222
449.9,592.9125,1,10.608000000000175
450.02,593.7750000000001,1,10.610000000000127
450.22,592.65,1,10.61200000000008
450.06,592.0125,1,10.614000000000033
450.54,592.0125,1,10.615999999999985
450.26,591.3,1,10.617999999999938
449.65999999999997,591.4125,1,10.620000000000346
449.94,591.825,1,10.622000000000298
450.34000000000003,591.7125,1,10.624000000000251
449.74,591.1875,1,10.626000000000204
450.18,590.9625,1,10.628000000000156
450.26,590.9625,1,10.63000000000011
449.82,591.0375,1,10.632000000000062
449.74,590.925,1,10.634000000000015
450.02,591.1875,1,10.635999999999967
449.74,590.2875,1,10.63799999999992
449.86,589.9125,1,10.640000000000327
449.34000000000003,590.025,1,10.64200000000028
449.53999999999996,590.175,1,10.644000000000233
449.9,590.0250000000001,1,10.646000000000186
449.65999999999997,590.025,1,10.648000000000138
449.65999999999997,589.425,1,10.650000000000091
449.82,589.2375,1,10.652000000000044
449.9,589.35,1,10.653999999999996
449.62,589.2,1,10.655999999999949
449.58000000000004,589.5,1,10.657999999999902
449.94,589.0125,1,10.66000000000031
449.82,588.9749999999999,1,10.662000000000262
449.53999999999996,589.5,1,10.664000000000215
449.65999999999997,589.5,1,10.666000000000167
449.74,589.0125,1,10.66800000000012
449.82,588.6375,1,10.670000000000073
450.14,588.5625,1,10.672000000000025
450.1,588.7125,1,10.673999999999978
449.74,589.7625,1,10.67599999999993
449.9,588.9,1,10.678000000000338
449.9,589.125,1,10.680000000000291
449.29999999999995,589.6500000000001,1,10.682000000000244
449.54,589.5374999999999,1,10.684000000000196
449.82,589.6125,1,10.68600000000015
449.5,589.5,1,10.688000000000102
449.70000000000005,589.6875,1,10.690000000000055
449.74,589.5374999999999,1,10.692000000000007
449.34000000000003,589.8,1,10.69399999999996
449.05999999999995,589.5,1,10.695999999999913
449.3,589.5,1,10.69800000000032
450.06,586.3875,1,10.700000000000273
450.42,582.7125000000001,1,10.702000000000226
453.22,575.625,1,10.704000000000178
455.46000000000004,566.25,1,10.706000000000131
456.86,558.9,1,10.708000000000084
459.74,552.9,1,10.710000000000036
461.53999999999996,542.0625,1,10.711999999999989
463.7,533.325,1,10.713999999999942
464.98,526.125,1,10.71600000000035
465.86,520.2375,1,10.718000000000302
467.98,512.475,1,10.720000000000255
469.86,503.925,1,10.722000000000207
470.98,497.025,1,10.72400000000016
471.7,489.5625,1,10.726000000000113
471.5,481.65,1,10.728000000000065
471.5,475.725,1,10.730000000000018
471.46000000000004,470.1,1,10.731999999999971
471.38,467.3625,1,10.733999999999924
471.86,463.8,1,10.736000000000331
471.94,458.8875,1,10.738000000000284
471.86,454.3125,1,10.740000000000236
471.9,450.45000000000005,1,10.74200000000019
471.38,448.6125,1,10.744000000000142
471.18,447.67499999999995,1,10.746000000000095
470.98,445.875,1,10.748000000000047
470.70000000000005,445.0875,1,10.75
471.06,444.7875,1,10.751999999999953
471.82,445.2,1,10.753999999999905
471.98,445.4625,1,10.756000000000313
471.82,446.36249999999995,1,10.758000000000266
472.1,445.4625,1,10.760000000000218
472.7,446.88750000000005,1,10.762000000000171
472.41999999999996,445.95,1,10.764000000000124
472.82,446.0625,1,10.766000000000076
473.02,445.42499999999995,1,10.768000000000029
472.65999999999997,445.125,1,10.769999999999982
472.7,444.375,1,10.771999999999935
472.18,444.4125,1,10.774000000000342
472.26,444.3,1,10.776000000000295
472.46,444.11249999999995,1,10.778000000000247
472.3,443.625,1,10.7800000000002
472.38,442.0875,1,10.782000000000153
471.66,442.0125,1,10.784000000000106
472.26,441.2625,1,10.786000000000058
472.06,440.25,1,10.788000000000011
472.3,440.25,1,10.789999999999964
472.02,440.3625,1,10.791999999999916
471.9,440.25,1,10.794000000000324
472.14,439.6875,1,10.796000000000276
472.34,439.04999999999995,1,10.79800000000023
472.58000000000004,439.35,1,10.800000000000182
472.1,438.7125,1,10.802000000000135
472.41999999999996,438.26250000000005,1,10.804000000000087
472.5,438.75,1,10.80600000000004
473.14,438.3375,1,10.807999999999993
473.46000000000004,437.475,1,10.809999999999945
473.53999999999996,437.51250000000005,1,10.811999999999898
473.54,437.32500000000005,1,10.814000000000306
473.7,437.025,1,10.816000000000258
473.46,436.3125,1,10.818000000000211
473.78,436.875,1,10.820000000000164
473.65999999999997,435.86249999999995,1,10.822000000000116
473.46,435.225,1,10.82400000000007
474.14,436.65,1,10.826000000000022
473.1,436.23749999999995,1,10.827999999999975
473.26,435.825,1,10.829999999999927
473.06,435.3,1,10.832000000000335
473.41999999999996,435.7875,1,10.834000000000287
472.94,434.775,1,10.83600000000024
472.53999999999996,435.3375,1,10.838000000000193
472.38,435.26250000000005,1,10.840000000000146
472.94,435.3375,1,10.842000000000098
472.34000000000003,435.29999999999995,1,10.844000000000051
472.18,435.07500000000005,1,10.846000000000004
472.7,435.1875,1,10.847999999999956
472.29999999999995,434.70000000000005,1,10.849999999999909
471.78,434.6625,1,10.852000000000317
471.74,435.0375,1,10.85400000000027
471.62,434.6625,1,10.856000000000222
471.7,435.075,1,10.858000000000175
471.86,434.8875,1,10.860000000000127
471.82,435.0375,1,10.86200000000008
471.62,434.0625,1,10.864000000000033
471.7,433.875,1,10.865999999999985
471.78,433.3875,1,10.867999999999938
472.06,433.725,1,10.870000000000346
472.1,433.9875,1,10.872000000000298
471.74,433.6875,1,10.874000000000251
471.7,433.05,1,10.876000000000204
471.94,432.975,1,10.878000000000156
472.22,433.2375,1,10.88000000000011
472.06,432.7875,1,10.882000000000062
471.74,432.9,1,10.884000000000015
471.7,432.75,1,10.885999999999967
471.65999999999997,432.525,1,10.88799999999992
471.7,432.375,1,10.890000000000327
471.26,432.1875,1,10.89200000000028
471.62,431.7375,1,10.894000000000233
471.86,430.9875,1,10.896000000000186
471.86,430.98749999999995,1,10.898000000000138
472.02,430.275,1,10.900000000000091
471.26,431.2875,1,10.902000000000044
471.66,430.20000000000005,1,10.903999999999996
471.74,430.725,1,10.905999999999949
471.74,430.0875,1,10.907999999999902
471.74,430.57500000000005,1,10.91000000000031
471.70000000000005,430.6125,1,10.912000000000262
471.9,430.875,1,10.914000000000215
471.94,430.125,1,10.916000000000167
471.9,430.65,1,10.91800000000012
472.02,429.375,1,10.920000000000073
471.98,430.2375,1,10.922000000000025
471.98,429.6,1,10.923999999999978
471.86,430.61249999999995,1,10.92599999999993
471.94,430.38750000000005,1,10.928000000000338
472.34000000000003,429.9,1,10.930000000000291
471.94,429.63750000000005,1,10.932000000000244
472.42,430.3125,1,10.934000000000196
472.1,429.7125,1,10.93600000000015
472.65999999999997,429.7875,1,10.938000000000102
472.3,429.4125,1,10.940000000000055
472.46,429.1875,1,10.942000000000007
472.34000000000003,429.6,1,10.94399999999996
472.5,429.825,1,10.945999999999913
471.94000000000005,429.29999999999995,1,10.94800000000032
472.34000000000003,429.7125,1,10.950000000000273
472.1,429.1875,1,10.952000000000226
472.3,428.8875,1,10.954000000000178
472.46,428.8125,1,10.956000000000131
472.53999999999996,428.5875,1,10.958000000000084
472.34000000000003,427.3125,1,10.960000000000036
472.1,428.025,1,10.961999999999989
471.9,427.5375,1,10.963999999999942
472.14,427.6875,1,10.96600000000035
472.1,427.1625,1,10.968000000000302
471.62,426.2625,1,10.970000000000255
472.14,426.7125,1,10.972000000000207
472.3,426.9,1,10.97400000000016
472.46,426.11249999999995,1,10.976000000000113
471.9,426.0,1,10.978000000000065
472.58000000000004,425.85,1,10.980000000000018
472.7,425.70000000000005,1,10.981999999999971
471.82,425.4375,1,10.983999999999924
472.02,425.85,1,10.986000000000331
472.34000000000003,424.575,1,10.988000000000284
472.22,422.73749999999995,1,10.990000000000236
472.58,420.5625,1,10.99200000000019
472.86,418.5,1,10.994000000000142
472.86,414.1875,1,10.996000000000095
472.41999999999996,412.575,1,10.998000000000047
471.82,410.625,1,11.0
471.78,408.9,1,11.001999999999953
471.46,408.0375,1,11.003999999999905
471.82,407.51250000000005,1,11.006000000000313
472.02,407.0625,1,11.008000000000266
471.98,406.3125,1,11.010000000000218
471.7,406.4625,1,11.012000000000171
471.98,406.2,1,11.014000000000124
472.22,405.825,1,11.016000000000076
472.1,406.61249999999995,1,11.018000000000029
472.3,406.23749999999995,1,11.019999999999982
471.82000000000005,407.6625,1,11.021999999999935
472.38,407.4,1,11.024000000000342
472.14,407.325,1,11.026000000000295
472.46,407.1,1,11.028000000000247
472.3,407.5875,1,11.0300000000002
472.46,407.175,1,11.032000000000153
472.54,406.76250000000005,1,11.034000000000106
472.38,406.9125,1,11.036000000000058
472.34000000000003,406.42499999999995,1,11.038000000000011
472.46000000000004,406.725,1,11.039999999999964
472.7,406.6125,1,11.041999999999916
472.70000000000005,406.6875,1,11.044000000000324
472.58,406.76250000000005,1,11.046000000000276
472.54,406.3125,1,11.04800000000023
472.34000000000003,406.5375,1,11.050000000000182
472.1,406.6125,1,11.052000000000135
473.14,406.4625,1,11.054000000000087
472.29999999999995,406.95,1,11.05600000000004
472.58,406.65,1,11.057999999999993
472.65999999999997,406.1625,1,11.059999999999945
472.18,406.9125,1,11.061999999999898
472.14,406.42499999999995,1,11.064000000000306
472.5,406.1625,1,11.066000000000258
472.58000000000004,406.725,1,11.068000000000211
472.42,406.65,1,11.070000000000164
472.38,406.275,1,11.072000000000116
471.98,406.8,1,11.07400000000007
472.3,406.6125,1,11.076000000000022
472.58000000000004,406.04999999999995,1,11.077999999999975
472.3,406.425,1,11.079999999999927
472.58,406.0125,1,11.082000000000335
472.9,406.0125,1,11.084000000000287
472.74,406.6875,1,11.08600000000024
472.62,406.3125,1,11.088000000000193
472.66,405.675,1,11.090000000000146
472.66,405.675,1,11.092000000000098
472.74,406.35,1,11.094000000000051
473.26,406.05,1,11.096000000000004
473.1,405.2625,1,11.097999999999956
473.26,405.45,1,11.099999999999909
473.14,405.9,1,11.102000000000317
473.7,405.48749999999995,1,11.10400000000027
473.06,405.7875,1,11.106000000000222
473.62,405.075,1,11.108000000000175
473.53999999999996,404.5125,1,11.110000000000127
473.62,404.2875,1,11.11200000000008
472.86,405.48749999999995,1,11.114000000000033
473.34000000000003,404.4375,1,11.115999999999985
473.7,404.2125,1,11.117999999999938
474.06,404.475,1,11.120000000000346
473.62,404.4,1,11.122000000000298
473.94,404.2125,1,11.124000000000251
473.3,404.1,1,11.126000000000204
473.62,404.32500000000005,1,11.128000000000156
473.86,404.4,1,11.13000000000011
474.1,403.8,1,11.132000000000062
473.82,404.8875,1,11.134000000000015
473.5,404.85,1,11.135999999999967
473.86,404.625,1,11.13799999999992
473.98,404.7,1,11.140000000000327
473.7,405.15,1,11.14200000000028
474.14,404.8125,1,11.144000000000233
473.9,405.2625,1,11.146000000000186
474.41999999999996,405.1875,1,11.148000000000138
473.86,405.4125,1,11.150000000000091
474.46,405.5625,1,11.152000000000044
474.34000000000003,405.15,1,11.153999999999996
474.34000000000003,405.1875,1,11.155999999999949
474.18,405.375,1,11.157999999999902
474.22,404.8125,1,11.16000000000031
474.65999999999997,404.3625,1,11.162000000000262
474.78,404.2125,1,11.164000000000215
475.98,402.4875,1,11.166000000000167
477.53999999999996,396.525,1,11.16800000000012
481.98,389.3625,1,11.170000000000073
485.3,384.7125,1,11.172000000000025
491.02,378.525,1,11.173999999999978
496.18,371.4,1,11.17599999999993
500.98,364.5375,1,11.178000000000338
504.02,360.5625,1,11.180000000000291
507.66,355.8375,1,11.182000000000244
512.02,354.26250000000005,1,11.184000000000196
514.58,352.275,1,11.18600000000015
516.78,351.0375,1,11.188000000000102
517.78,352.3125,1,11.190000000000055
518.02,350.6625,1,11.192000000000007
518.6600000000001,351.15,1,11.19399999999996
518.22,351.0375,1,11.195999999999913
518.02,351.825,1,11.19800000000032
518.02,351.7125,1,11.200000000000273
517.02,352.4625,1,11.202000000000226
517.46,353.32500000000005,1,11.204000000000178
517.02,353.2125,1,11.206000000000131
516.8199999999999,352.8375,1,11.208000000000084
516.74,353.3625,1,11.210000000000036
516.82,352.8375,1,11.211999999999989
516.94,352.425,1,11.213999999999942
516.7,352.95,1,11.21600000000035
517.06,352.20000000000005,1,11.218000000000302
517.14,352.425,1,11.220000000000255
517.5799999999999,352.0125,1,11.222000000000207
517.26,351.6375,1,11.22400000000016
517.26,351.8625,1,11.226000000000113
518.14,351.48749999999995,1,11.228000000000065
517.78,351.825,1,11.230000000000018
518.14,351.075,1,11.231999999999971
518.22,350.775,1,11.233999999999924
518.4200000000001,350.475,1,11.236000000000331
518.4200000000001,350.73749999999995,1,11.238000000000284
518.1800000000001,350.2875,1,11.240000000000236
518.4200000000001,350.5125,1,11.24200000000019
518.5799999999999,350.5125,1,11.244000000000142
518.86,350.17499999999995,1,11.246000000000095
518.74,350.36249999999995,1,11.248000000000047
518.82,350.325,1,11.25
519.06,350.4375,1,11.251999999999953
518.98,350.625,1,11.253999999999905
518.98,349.5,1,11.256000000000313
519.7,349.3125,1,11.258000000000266
519.3,350.4,1,11.260000000000218
519.14,350.0625,1,11.262000000000171
519.4200000000001,349.9125,1,11.264000000000124
519.4200000000001,350.17499999999995,1,11.266000000000076
519.3,349.8375,1,11.268000000000029
519.46,349.35,1,11.269999999999982
519.62,349.8375,1,11.271999999999935
519.1800000000001,349.35,1,11.274000000000342
519.38,349.3125,1,11.276000000000295
519.74,349.425,1,11.278000000000247
519.42,348.75,1,11.2800000000002
519.0999999999999,348.6,1,11.282000000000153
519.78,348.5625,1,11.284000000000106
519.62,348.075,1,11.286000000000058
519.6600000000001,348.75,1,11.288000000000011
519.5,348.8625,1,11.289999999999964
519.58,348.3,1,11.291999999999916
519.54,348.375,1,11.294000000000324
519.46,348.525,1,11.296000000000276
519.66,348.0,1,11.29800000000023
519.74,348.0,1,11.300000000000182
519.06,347.9625,1,11.302000000000135
519.78,348.2625,1,11.304000000000087
518.98,347.925,1,11.30600000000004
519.94,347.8875,1,11.307999999999993
519.34,348.3375,1,11.309999999999945
519.54,347.6625,1,11.311999999999898
519.18,347.70000000000005,1,11.314000000000306
519.1800000000001,348.4125,1,11.316000000000258
519.46,347.92499999999995,1,11.318000000000211
519.26,348.0375,1,11.320000000000164
518.86,347.625,1,11.322000000000116
518.9,347.7,1,11.32400000000007
518.9399999999999,347.6625,1,11.326000000000022
518.82,347.925,1,11.327999999999975
518.86,347.88750000000005,1,11.329999999999927
518.94,347.475,1,11.332000000000335
518.58,348.0,1,11.334000000000287
518.7,347.4,1,11.33600000000024
518.86,347.5875,1,11.338000000000193
519.1,347.4,1,11.340000000000146
518.94,348.0375,1,11.342000000000098
519.02,347.2875,1,11.344000000000051
518.9,347.0625,1,11.346000000000004
518.8199999999999,346.725,1,11.347999999999956
518.82,347.475,1,11.349999999999909
519.1,347.4375,1,11.352000000000317
518.9000000000001,346.9875,1,11.35400000000027
519.14,346.38750000000005,1,11.356000000000222
518.94,346.01250000000005,1,11.358000000000175
519.34,346.9125,1,11.360000000000127
518.8199999999999,346.275,1,11.36200000000008
519.1,346.425,1,11.364000000000033
519.5,346.0125,1,11.365999999999985
518.7,346.275,1,11.367999999999938
518.62,345.9,1,11.370000000000346
518.98,346.42499999999995,1,11.372000000000298
519.06,346.7625,1,11.374000000000251
519.0600000000001,345.975,1,11.376000000000204
518.46,346.42499999999995,1,11.378000000000156
518.74,345.9375,1,11.38000000000011
518.26,345.8625,1,11.382000000000062
518.06,345.4875,1,11.384000000000015
517.98,345.75,1,11.385999999999967
518.9,345.48749999999995,1,11.38799999999992
518.02,345.7875,1,11.390000000000327
518.0600000000001,345.9,1,11.39200000000028
517.74,345.225,1,11.394000000000233
517.5,345.4875,1,11.396000000000186
517.38,345.75,1,11.398000000000138
517.62,345.825,1,11.400000000000091
517.66,345.3,1,11.402000000000044
517.5,345.1125,1,11.403999999999996
517.38,345.0375,1,11.405999999999949
517.1800000000001,344.7,1,11.407999999999902
517.1,344.70000000000005,1,11.41000000000031
517.22,345.07500000000005,1,11.412000000000262
517.18,344.1375,1,11.414000000000215
517.18,345.1875,1,11.416000000000167
517.14,344.2875,1,11.41800000000012
517.3000000000001,345.0375,1,11.420000000000073
516.98,344.475,1,11.422000000000025
517.26,344.7375,1,11.423999999999978
517.02,344.4,1,11.42599999999993
516.98,344.1,1,11.428000000000338
516.66,344.54999999999995,1,11.430000000000291
517.06,345.0,1,11.432000000000244
516.7,345.07500000000005,1,11.434000000000196
516.54,344.25,1,11.43600000000015
516.6600000000001,344.925,1,11.438000000000102
516.94,344.2875,1,11.440000000000055
516.86,345.225,1,11.442000000000007
516.62,345.225,1,11.44399999999996
517.0600000000001,345.225,1,11.445999999999913
517.14,344.9625,1,11.44800000000032
517.02,344.9625,1,11.450000000000273
516.7,345.26250000000005,1,11.452000000000226
516.54,345.525,1,11.454000000000178
516.86,345.45000000000005,1,11.456000000000131
516.78,345.375,1,11.458000000000084
517.3,345.6,1,11.460000000000036
517.22,345.4125,1,11.461999999999989
516.9,344.3625,1,11.463999999999942
516.94,345.375,1,11.46600000000035
517.1,344.9625,1,11.468000000000302
516.9,345.975,1,11.470000000000255
517.26,344.88750000000005,1,11.472000000000207
517.38,344.3625,1,11.47400000000016
517.5,344.2875,1,11.476000000000113
517.54,344.4,1,11.478000000000065
517.4200000000001,344.625,1,11.480000000000018
517.66,344.175,1,11.481999999999971
517.4200000000001,344.25,1,11.483999999999924
517.5799999999999,344.54999999999995,1,11.486000000000331
517.38,343.5375,1,11.488000000000284
517.54,343.6875,1,11.490000000000236
516.9,343.6875,1,11.49200000000019
517.14,343.65,1,11.494000000000142
517.3,343.725,1,11.496000000000095
517.54,343.6125,1,11.498000000000047
516.82,343.79999999999995,1,11.5
517.06,343.6875,1,11.501999999999953
517.4200000000001,342.975,1,11.503999999999905
517.22,343.04999999999995,1,11.506000000000313
517.02,343.05,1,11.508000000000266
516.82,343.3125,1,11.510000000000218
517.62,342.86249999999995,1,11.512000000000171
517.38,343.42499999999995,1,11.514000000000124
517.06,343.01250000000005,1,11.516000000000076
517.1800000000001,343.0125,1,11.518000000000029
517.3,342.5625,1,11.519999999999982
517.26,342.525,1,11.521999999999935
517.38,342.225,1,11.524000000000342
517.34,342.15,1,11.526000000000295
517.86,342.67499999999995,1,11.528000000000247
517.4200000000001,343.125,1,11.5300000000002
517.66,343.04999999999995,1,11.532000000000153
517.46,342.5625,1,11.534000000000106
517.5799999999999,342.11249999999995,1,11.536000000000058
517.02,342.86249999999995,1,11.538000000000011
517.46,343.575,1,11.539999999999964
516.8199999999999,343.23749999999995,1,11.541999999999916
516.74,342.7125,1,11.544000000000324
517.06,343.3875,1,11.546000000000276
516.86,343.2,1,11.54800000000023
516.86,343.2375,1,11.550000000000182
516.46,343.9875,1,11.552000000000135
516.5,343.57500000000005,1,11.554000000000087
516.74,343.7625,1,11.55600000000004
516.78,343.65,1,11.557999999999993
516.74,342.4125,1,11.559999999999945
515.94,342.67499999999995,1,11.561999999999898
516.58,342.6,1,11.564000000000306
516.46,343.23749999999995,1,11.566000000000258
516.26,341.5875,1,11.568000000000211
516.1800000000001,341.8125,1,11.570000000000164
515.98,341.7,1,11.572000000000116
516.34,341.4,1,11.57400000000007
516.06,341.2125,1,11.576000000000022
516.14,341.3625,1,11.577999999999975
516.1800000000001,340.6875,1,11.579999999999927
516.34,341.7,1,11.582000000000335
516.38,340.8375,1,11.584000000000287
516.46,340.7625,1,11.58600000000024
516.18,340.725,1,11.588000000000193
516.66,340.6125,1,11.590000000000146
516.78,340.275,1,11.592000000000098
516.62,341.32500000000005,1,11.594000000000051
516.46,341.1,1,11.596000000000004
516.86,341.1,1,11.597999999999956
517.02,341.5875,1,11.599999999999909
516.46,341.775,1,11.602000000000317
516.58,343.35,1,11.60400000000027
516.9000000000001,342.45,1,11.606000000000222
516.9,342.7875,1,11.608000000000175
517.1,343.275,1,11.610000000000127
516.02,343.20000000000005,1,11.61200000000008
516.78,343.125,1,11.614000000000033
517.1,343.3875,1,11.615999999999985
517.22,343.2,1,11.617999999999938
516.9,343.4625,1,11.620000000000346
517.14,343.5375,1,11.622000000000298
517.02,344.1375,1,11.624000000000251
516.86,343.875,1,11.626000000000204
516.5,345.3375,1,11.628000000000156
515.1800000000001,345.975,1,11.63000000000011
512.38,348.0375,1,11.632000000000062
506.17999999999995,354.225,1,11.634000000000015
496.62,362.475,1,11.635999999999967
485.9,370.575,1,11.63799999999992
472.1,379.6875,1,11.640000000000327
456.78,390.45,1,11.64200000000028
442.58,400.575,1,11.644000000000233
425.62,413.8125,1,11.646000000000186
410.9,423.375,1,11.648000000000138
395.58000000000004,435.15,1,11.650000000000091
380.86,446.775,1,11.652000000000044
367.06,456.9,1,11.653999999999996
353.1,471.0,1,11.655999999999949
339.9,482.51250000000005,1,11.657999999999902
326.78,496.4625,1,11.66000000000031
316.3,507.78749999999997,1,11.662000000000262
306.05999999999995,516.7875,1,11.664000000000215
299.34000000000003,528.75,1,11.666000000000167
294.78,537.6375,1,11.66800000000012
293.06,543.9375,1,11.670000000000073
292.62,547.6875,1,11.672000000000025
293.58000000000004,550.7625,1,11.673999999999978
294.02,552.2625,1,11.67599999999993
295.34000000000003,552.1125,1,11.678000000000338
297.70000000000005,551.1,1,11.680000000000291
297.62,550.35,1,11.682000000000244
297.62,549.1125,1,11.684000000000196
297.3,548.5875000000001,1,11.68600000000015
297.46000000000004,549.2249999999999,1,11.688000000000102
297.82000000000005,548.775,1,11.690000000000055
297.06,549.2625,1,11.692000000000007
297.58000000000004,549.2625,1,11.69399999999996
297.1,549.0375,1,11.695999999999913
296.66,548.4000000000001,1,11.69800000000032
296.78,548.25,1,11.700000000000273
296.70000000000005,547.725,1,11.702000000000226
296.38,546.975,1,11.704000000000178
296.3,547.125,1,11.706000000000131
295.9,547.35,1,11.708000000000084
296.38,547.275,1,11.710000000000036
296.38,547.05,1,11.711999999999989
296.38,545.25,1,11.713999999999942
295.94,546.0,1,11.71600000000035
296.26,544.9125,1,11.718000000000302
296.3,544.9125,1,11.720000000000255
296.22,544.7625,1,11.722000000000207
295.9,543.7874999999999,1,11.72400000000016
295.9,544.1625,1,11.726000000000113
296.22,543.3375000000001,1,11.728000000000065
295.82,543.3,1,11.730000000000018
295.86,542.925,1,11.731999999999971
295.7,542.3625,1,11.733999999999924
295.46000000000004,542.7,1,11.736000000000331
295.54,542.175,1,11.738000000000284
295.06,541.9124999999999,1,11.740000000000236
295.46000000000004,541.9875,1,11.74200000000019
295.29999999999995,541.2750000000001,1,11.744000000000142
295.18,541.4625,1,11.746000000000095
295.22,541.05,1,11.748000000000047
295.38,540.5625,1,11.75
294.94,540.4124999999999,1,11.751999999999953
294.74,540.825,1,11.753999999999905
295.06,540.75,1,11.756000000000313
294.82,540.6375,1,11.758000000000266
294.62,540.0,1,11.760000000000218
294.65999999999997,540.1875,1,11.762000000000171
295.22,540.375,1,11.764000000000124
294.9,539.5875000000001,1,11.766000000000076
294.14,539.8875,1,11.768000000000029
295.22,539.175,1,11.769999999999982
295.06,539.55,1,11.771999999999935
294.38,539.9625000000001,1,11.774000000000342
294.78,538.6125,1,11.776000000000295
294.65999999999997,538.7625,1,11.778000000000247
294.7,538.8375,1,11.7800000000002
294.78,538.3125,1,11.782000000000153
294.38,537.9000000000001,1,11.784000000000106
294.58000000000004,537.75,1,11.786000000000058
294.5,537.6375,1,11.788000000000011
294.58000000000004,538.2,1,11.789999999999964
294.62,537.6,1,11.791999999999916
294.9,537.225,1,11.794000000000324
295.1,536.5125,1,11.796000000000276
294.86,537.3375,1,11.79800000000023
295.02,536.6625,1,11.800000000000182
294.65999999999997,536.625,1,11.802000000000135
294.82000000000005,537.0374999999999,1,11.804000000000087
294.7,536.925,1,11.80600000000004
294.86,536.7,1,11.807999999999993
294.62,537.1125,1,11.809999999999945
294.78,537.1125,1,11.811999999999898
294.9,537.1875,1,11.814000000000306
294.38,536.7375,1,11.816000000000258
294.78,537.5625,1,11.818000000000211
294.94000000000005,536.85,1,11.820000000000164
294.98,537.3,1,11.822000000000116
294.65999999999997,536.625,1,11.82400000000007
294.1,536.6624999999999,1,11.826000000000022
294.74,537.225,1,11.827999999999975
294.53999999999996,537.4124999999999,1,11.829999999999927
294.65999999999997,537.675,1,11.832000000000335
295.1,537.4875,1,11.834000000000287
294.5,536.7375,1,11.83600000000024
294.74,536.0250000000001,1,11.838000000000193
294.41999999999996,536.2125,1,11.840000000000146
294.82000000000005,536.5125,1,11.842000000000098
294.42,535.875,1,11.844000000000051
294.53999999999996,535.6875,1,11.846000000000004
294.34000000000003,535.5,1,11.847999999999956
294.14,535.5,1,11.849999999999909
294.14,535.125,1,11.852000000000317
294.66,535.2750000000001,1,11.85400000000027
294.46,534.8625,1,11.856000000000222
294.9,534.45,1,11.858000000000175
294.29999999999995,534.4125,1,11.860000000000127
294.14,534.45,1,11.86200000000008
293.94,534.45,1,11.864000000000033
293.9,534.225,1,11.865999999999985
294.62,534.525,1,11.867999999999938
294.34000000000003,533.8499999999999,1,11.870000000000346
293.94,533.25,1,11.872000000000298
294.26,534.3375,1,11.874000000000251
293.74,533.625,1,11.876000000000204
294.06,533.5875,1,11.878000000000156
294.3,533.175,1,11.88000000000011
293.62,533.5875,1,11.882000000000062
294.18,533.4375,1,11.884000000000015
293.5,533.1375,1,11.885999999999967
294.38,533.8875,1,11.88799999999992
294.26,534.1125,1,11.890000000000327
294.22,533.6625,1,11.89200000000028
294.17999999999995,534.15,1,11.894000000000233
294.34,534.4875,1,11.896000000000186
294.14,534.1500000000001,1,11.898000000000138
293.58000000000004,534.0375,1,11.900000000000091
293.62,534.3375,1,11.902000000000044
294.41999999999996,534.675,1,11.903999999999996
293.74,534.5999999999999,1,11.905999999999949
294.38,534.6375,1,11.907999999999902
294.22,534.7874999999999,1,11.91000000000031
294.34000000000003,534.675,1,11.912000000000262
294.06,534.825,1,11.914000000000215
293.78,535.125,1,11.916000000000167
294.14,536.0625,1,11.91800000000012
294.29999999999995,535.5375,1,11.920000000000073
294.5,536.25,1,11.922000000000025
294.82,536.2125000000001,1,11.923999999999978
294.46000000000004,536.25,1,11.92599999999993
295.18,536.0999999999999,1,11.928000000000338
294.94,535.9125,1,11.930000000000291
294.65999999999997,535.95,1,11.932000000000244
294.98,535.9875,1,11.934000000000196
295.38,535.9875,1,11.93600000000015
295.58000000000004,535.7625,1,11.938000000000102
295.86,535.5374999999999,1,11.940000000000055
295.65999999999997,535.8375,1,11.942000000000007
295.46,535.05,1,11.94399999999996
295.74,534.2625,1,11.945999999999913
295.82,534.3375000000001,1,11.94800000000032
295.58000000000004,533.775,1,11.950000000000273
296.46000000000004,533.3625,1,11.952000000000226
295.94,533.2874999999999,1,11.954000000000178
295.86,532.7625,1,11.956000000000131
296.18,532.6125,1,11.958000000000084
296.7,532.875,1,11.960000000000036
296.41999999999996,532.65,1,11.961999999999989
296.58000000000004,532.875,1,11.963999999999942
296.14,532.5374999999999,1,11.96600000000035
296.34000000000003,532.3875,1,11.968000000000302
296.34000000000003,534.0,1,11.970000000000255
296.58,533.775,1,11.972000000000207
296.1,534.15,1,11.97400000000016
296.38,534.375,1,11.976000000000113
296.53999999999996,533.775,1,11.978000000000065
296.58,534.0,1,11.980000000000018
296.53999999999996,534.4125,1,11.981999999999971
296.34000000000003,534.5625,1,11.983999999999924
296.06,535.05,1,11.986000000000331
296.14,534.7125,1,11.988000000000284
296.06,535.0875000000001,1,11.990000000000236
296.62,534.375,1,11.99200000000019
296.38,534.75,1,11.994000000000142
296.5,534.3,1,11.996000000000095
296.46,533.325,1,11.998000000000047
296.98,533.55,1,12.0
296.94,532.2,1,12.001999999999953
296.94000000000005,529.3875,1,12.003999999999905
297.06,528.0,1,12.006000000000313
296.82000000000005,526.275,1,12.008000000000266
296.46000000000004,524.8125,1,12.010000000000218
295.74,523.5,1,12.012000000000171
296.22,522.5999999999999,1,12.014000000000124
295.78,521.2874999999999,1,12.016000000000076
295.34000000000003,521.25,1,12.018000000000029
295.06,520.5375,1,12.019999999999982
294.94,520.35,1,12.021999999999935
294.82,519.8625,1,12.024000000000342
294.9,521.625,1,12.026000000000295
294.58000000000004,522.0375,1,12.028000000000247
295.18,523.275,1,12.0300000000002
294.58,523.0125,1,12.032000000000153
294.62,523.5375,1,12.034000000000106
294.34,523.1625,1,12.036000000000058
294.26,523.5375,1,12.038000000000011
293.82,522.7875,1,12.039999999999964
293.7,523.7249999999999,1,12.041999999999916
293.38,524.6624999999999,1,12.044000000000324
293.58,524.175,1,12.046000000000276
293.7,524.85,1,12.04800000000023
292.82,525.3375000000001,1,12.050000000000182
293.22,525.525,1,12.052000000000135
292.82,526.0875,1,12.054000000000087
292.98,525.825,1,12.05600000000004
292.5,526.125,1,12.057999999999993
292.58,526.5375,1,12.059999999999945
292.38,526.7249999999999,1,12.061999999999898
292.7,526.0125,1,12.064000000000306
292.62,527.025,1,12.066000000000258
292.62,526.575,1,12.068000000000211
292.74,526.875,1,12.070000000000164
292.3,527.0625,1,12.072000000000116
291.98,526.725,1,12.07400000000007
292.62,526.8,1,12.076000000000022
292.74,526.3875,1,12.077999999999975
292.1,526.3499999999999,1,12.079999999999927
292.53999999999996,526.2,1,12.082000000000335
292.02,525.4875,1,12.084000000000287
292.41999999999996,525.3375,1,12.08600000000024
292.18,524.9625000000001,1,12.088000000000193
292.1,524.925,1,12.090000000000146
291.86,524.5125,1,12.092000000000098
292.02,524.8875,1,12.094000000000051
291.41999999999996,523.95,1,12.096000000000004
291.58,523.5,1,12.097999999999956
291.14,522.075,1,12.099999999999909
291.5,522.45,1,12.102000000000317
290.78,521.8125,1,12.10400000000027
291.38,522.4875,1,12.106000000000222
291.02,522.075,1,12.108000000000175
290.46000000000004,522.75,1,12.110000000000127
290.98,521.4000000000001,1,12.11200000000008
290.86,521.5125,1,12.114000000000033
291.34000000000003,521.625,1,12.115999999999985
291.02,521.1,1,12.117999999999938
291.1,521.2125000000001,1,12.120000000000346
290.98,521.5875000000001,1,12.122000000000298
291.38,521.475,1,12.124000000000251
291.42,521.475,1,12.126000000000204
291.22,521.7,1,12.128000000000156
291.14,522.1125,1,12.13000000000011
291.42,521.4000000000001,1,12.132000000000062
291.86,522.4875,1,12.134000000000015
291.14,521.8125,1,12.135999999999967
291.46000000000004,521.6624999999999,1,12.13799999999992
291.82,521.6624999999999,1,12.140000000000327
291.70000000000005,522.4875,1,12.14200000000028
292.46000000000004,521.6625,1,12.144000000000233
292.38,523.0875,1,12.146000000000186
292.3,522.4124999999999,1,12.148000000000138
292.41999999999996,522.15,1,12.150000000000091
292.53999999999996,522.7125000000001,1,12.152000000000044
292.9,522.1875,1,12.153999999999996
293.41999999999996,523.2375,1,12.155999999999949
294.78,523.0875,1,12.157999999999902
296.14,523.2,1,12.16000000000031
300.94,525.6,1,12.162000000000262
306.9,527.9625000000001,1,12.164000000000215
315.9,531.6,1,12.166000000000167
328.22,535.125,1,12.16800000000012
341.38,538.0125,1,12.170000000000073
355.65999999999997,540.6375,1,12.172000000000025
372.06,546.5250000000001,1,12.173999999999978
387.9,549.1500000000001,1,12.17599999999993
403.18,553.5374999999999,1,12.178000000000338
418.7,557.9625000000001,1,12.180000000000291
434.46000000000004,559.6125,1,12.182000000000244
449.5,562.8,1,12.184000000000196
463.26,565.1625,1,12.18600000000015
478.29999999999995,568.3875,1,12.188000000000102
491.82,572.775,1,12.190000000000055
503.70000000000005,575.4000000000001,1,12.192000000000007
517.46,579.2625,1,12.19399999999996
526.78,583.0125,1,12.195999999999913
536.54,584.2875,1,12.19800000000032
542.3,585.9375,1,12.200000000000273
545.9,586.7625,1,12.202000000000226
547.3399999999999,587.4375,1,12.204000000000178
547.3,587.5875,1,12.206000000000131
545.74,587.55,1,12.208000000000084
544.94,586.125,1,12.210000000000036
543.86,586.1625,1,12.211999999999989
543.54,585.5999999999999,1,12.213999999999942
543.1400000000001,584.9625,1,12.21600000000035
543.6600000000001,584.2875,1,12.218000000000302
543.3,584.8125,1,12.220000000000255
543.5799999999999,584.8125,1,12.222000000000207
543.02,585.6375,1,12.22400000000016
542.8199999999999,584.8875,1,12.226000000000113
542.98,585.225,1,12.228000000000065
542.98,584.8875,1,12.230000000000018
543.0999999999999,584.2125000000001,1,12.231999999999971
543.42,584.625,1,12.233999999999924
543.26,584.1,1,12.236000000000331
543.3,584.5875000000001,1,12.238000000000284
543.14,583.6125,1,12.240000000000236
543.54,583.65,1,12.24200000000019
543.1,583.6125,1,12.244000000000142
543.26,583.5,1,12.246000000000095
543.14,582.8625,1,12.248000000000047
543.1800000000001,582.6375,1,12.25
542.86,583.0875,1,12.251999999999953
543.58,582.3375,1,12.253999999999905
542.78,581.7750000000001,1,12.256000000000313
542.6600000000001,582.5625,1,12.258000000000266
543.06,581.625,1,12.260000000000218
542.82,581.2125,1,12.262000000000171
542.98,581.5125,1,12.264000000000124
543.22,581.025,1,12.266000000000076
542.86,580.125,1,12.268000000000029
542.78,580.425,1,12.269999999999982
543.06,579.8625,1,12.271999999999935
543.1400000000001,579.5625,1,12.274000000000342
542.94,579.15,1,12.276000000000295
543.26,579.075,1,12.278000000000247
543.42,578.4375,1,12.2800000000002
543.5,578.4000000000001,1,12.282000000000153
543.14,578.4000000000001,1,12.284000000000106
543.26,577.3875,1,12.286000000000058
543.02,577.5374999999999,1,12.288000000000011
543.7,577.05,1,12.289999999999964
543.86,576.375,1,12.291999999999916
543.4200000000001,576.7125000000001,1,12.294000000000324
543.42,576.4875,1,12.296000000000276
543.1800000000001,575.775,1,12.29800000000023
543.14,574.9875,1,12.300000000000182
543.34,574.7625,1,12.302000000000135
543.78,574.9124999999999,1,12.304000000000087
543.7,574.6875,1,12.30600000000004
543.06,573.6,1,12.307999999999993
543.3,573.3375,1,12.309999999999945
542.78,572.7,1,12.311999999999898
542.9,572.25,1,12.314000000000306
542.74,572.325,1,12.316000000000258
542.8199999999999,572.025,1,12.318000000000211
542.86,571.3125,1,12.320000000000164
542.86,572.2125,1,12.322000000000116
542.34,571.3875,1,12.32400000000007
542.02,571.6875,1,12.326000000000022
542.5,571.275,1,12.327999999999975
542.26,571.7625,1,12.329999999999927
542.1,571.05,1,12.332000000000335
542.9000000000001,571.95,1,12.334000000000287
542.26,571.95,1,12.33600000000024
542.3,571.2,1,12.338000000000193
542.06,571.5,1,12.340000000000146
542.3,572.175,1,12.342000000000098
542.18,572.0250000000001,1,12.344000000000051
542.3,572.4,1,12.346000000000004
541.94,572.625,1,12.347999999999956
542.42,573.1875,1,12.349999999999909
542.38,572.2875,1,12.352000000000317
542.3,572.925,1,12.35400000000027
542.62,572.925,1,12.356000000000222
542.74,573.1875,1,12.358000000000175
542.4200000000001,572.3625,1,12.360000000000127
543.1,572.8125,1,12.36200000000008
543.1,573.225,1,12.364000000000033
543.42,573.4124999999999,1,12.365999999999985
543.66,572.625,1,12.367999999999938
543.38,572.775,1,12.370000000000346
543.98,572.7,1,12.372000000000298
543.6600000000001,572.0999999999999,1,12.374000000000251
543.66,573.0,1,12.376000000000204
543.4200000000001,572.175,1,12.378000000000156
543.7,572.2125,1,12.38000000000011
544.3,572.2874999999999,1,12.382000000000062
543.9000000000001,572.175,1,12.384000000000015
543.86,571.875,1,12.385999999999967
543.78,571.125,1,12.38799999999992
543.1800000000001,570.4875,1,12.390000000000327
543.46,570.8625,1,12.39200000000028
543.5,570.75,1,12.394000000000233
543.5,570.3375,1,12.396000000000186
543.38,570.1875,1,12.398000000000138
543.5,570.4125,1,12.400000000000091
543.38,570.5625,1,12.402000000000044
543.94,569.8875,1,12.403999999999996
543.82,570.0374999999999,1,12.405999999999949
543.7,570.1500000000001,1,12.407999999999902
543.22,570.075,1,12.41000000000031
543.54,569.3625,1,12.412000000000262
543.86,570.1125,1,12.414000000000215
543.94,570.4124999999999,1,12.416000000000167
542.4200000000001,570.75,1,12.41800000000012
540.6600000000001,570.75,1,12.420000000000073
537.98,571.125,1,12.422000000000025
532.98,572.0999999999999,1,12.423999999999978
525.5,572.7,1,12.42599999999993
516.82,573.825,1,12.428000000000338
505.98,575.9625,1,12.430000000000291
496.22,576.9375,1,12.432000000000244
486.9,578.7,1,12.434000000000196
477.41999999999996,579.75,1,12.43600000000015
470.41999999999996,580.1624999999999,1,12.438000000000102
463.38,581.8125,1,12.440000000000055
458.22,583.6125,1,12.442000000000007
453.22,584.2125,1,12.44399999999996
449.53999999999996,584.1,1,12.445999999999913
447.58000000000004,585.1125,1,12.44800000000032
446.46000000000004,584.8499999999999,1,12.450000000000273
446.34000000000003,584.25,1,12.452000000000226
446.78,584.3625,1,12.454000000000178
446.65999999999997,584.2125000000001,1,12.456000000000131
447.9,583.9875,1,12.458000000000084
447.82,584.4749999999999,1,12.460000000000036
447.9,584.25,1,12.461999999999989
447.65999999999997,583.8375,1,12.463999999999942
447.53999999999996,583.875,1,12.46600000000035
447.38,583.8,1,12.468000000000302
447.58000000000004,583.9125,1,12.470000000000255
447.34,583.2,1,12.472000000000207
446.98,583.3125,1,12.47400000000016
446.86,583.95,1,12.476000000000113
446.22,583.05,1,12.478000000000065
446.54,583.5,1,12.480000000000018
446.02,582.45,1,12.481999999999971
445.94,582.1125,1,12.483999999999924
445.82,582.225,1,12.486000000000331
446.34000000000003,581.9625,1,12.488000000000284
446.38,582.5250000000001,1,12.490000000000236
446.53999999999996,581.0625,1,12.49200000000019
446.65999999999997,581.4,1,12.494000000000142
446.53999999999996,580.5,1,12.496000000000095
446.86,580.8,1,12.498000000000047
446.53999999999996,581.25,1,12.5
446.74,581.325,1,12.501999999999953
447.02,580.4625000000001,1,12.503999999999905
446.9,581.2125,1,12.506000000000313
446.17999999999995,580.875,1,12.508000000000266
446.46000000000004,581.0625,1,12.510000000000218
446.94,581.2125,1,12.512000000000171
446.9,580.875,1,12.514000000000124
446.78,580.6875,1,12.516000000000076
447.1,580.875,1,12.518000000000029
447.29999999999995,580.875,1,12.519999999999982
447.06,581.4375,1,12.521999999999935
446.9,581.325,1,12.524000000000342
447.34000000000003,581.325,1,12.526000000000295
447.66,580.65,1,12.528000000000247
447.58,580.875,1,12.5300000000002
447.58,580.6875,1,12.532000000000153
447.9,580.875,1,12.534000000000106
447.34000000000003,580.6875,1,12.536000000000058
447.98,580.95,1,12.538000000000011
447.94,580.425,1,12.539999999999964
448.14,579.5625,1,12.541999999999916
448.02,579.4124999999999,1,12.544000000000324
447.70000000000005,579.1500000000001,1,12.546000000000276
448.1,579.7875,1,12.54800000000023
448.14,579.5625,1,12.550000000000182
449.06,578.4375,1,12.552000000000135
448.3,577.65,1,12.554000000000087
448.98,576.975,1,12.55600000000004
448.78,576.675,1,12.557999999999993
448.86,576.075,1,12.559999999999945
448.5,576.7875,1,12.561999999999898
448.53999999999996,576.375,1,12.564000000000306
448.62,576.45,1,12.566000000000258
448.70000000000005,576.525,1,12.568000000000211
448.58000000000004,576.225,1,12.570000000000164
448.42,576.4875,1,12.572000000000116
448.78,577.3125,1,12.57400000000007
448.38,576.5625,1,12.576000000000022
448.3,576.9,1,12.577999999999975
448.53999999999996,576.7125,1,12.579999999999927
448.9,576.3,1,12.582000000000335
448.06,577.2750000000001,1,12.584000000000287
448.22,577.7249999999999,1,12.58600000000024
448.26,577.35,1,12.588000000000193
448.18,577.575,1,12.590000000000146
448.18,577.3125,1,12.592000000000098
447.34000000000003,577.425,1,12.594000000000051
447.58,577.7249999999999,1,12.596000000000004
447.5,577.6875,1,12.597999999999956
447.1,577.125,1,12.599999999999909
447.18,578.0999999999999,1,12.602000000000317
447.1,577.0125,1,12.60400000000027
447.46000000000004,576.45,1,12.606000000000222
446.94,576.9375,1,12.608000000000175
447.38,576.8625,1,12.610000000000127
447.14,576.2249999999999,1,12.61200000000008
447.26,575.925,1,12.614000000000033
446.82,576.15,1,12.615999999999985
446.78,575.7,1,12.617999999999938
447.02,575.2874999999999,1,12.620000000000346
447.22,575.2875,1,12.622000000000298
447.1,575.175,1,12.624000000000251
447.34000000000003,575.4749999999999,1,12.626000000000204
447.3,574.8,1,12.628000000000156
446.74,574.3875,1,12.63000000000011
446.65999999999997,575.325,1,12.632000000000062
446.70000000000005,574.6500000000001,1,12.634000000000015
446.26,575.025,1,12.635999999999967
446.38,574.6500000000001,1,12.63799999999992
446.38,575.175,1,12.640000000000327
446.14,574.6875,1,12.64200000000028
446.26,574.0125,1,12.644000000000233
445.53999999999996,575.2875,1,12.646000000000186
446.02,574.95,1,12.648000000000138
445.82,574.95,1,12.650000000000091
445.86,575.1375,1,12.652000000000044
445.54,574.7249999999999,1,12.653999999999996
445.82,575.1375,1,12.655999999999949
445.42,575.2875,1,12.657999999999902
445.5,575.0625,1,12.66000000000031
445.26,574.9125,1,12.662000000000262
445.3,575.025,1,12.664000000000215
445.94,574.4625,1,12.666000000000167
445.22,574.2,1,12.66800000000012
445.7,574.575,1,12.670000000000073
445.86,574.3875,1,12.672000000000025
445.9,573.7874999999999,1,12.673999999999978
446.18,574.05,1,12.67599999999993
445.98,574.9875,1,12.678000000000338
446.5,573.6375,1,12.680000000000291
446.46000000000004,573.9,1,12.682000000000244
446.5,573.8625,1,12.684000000000196
446.53999999999996,574.2375,1,12.68600000000015
446.78,573.1875,1,12.688000000000102
446.78,572.8125,1,12.690000000000055
446.9,573.675,1,12.692000000000007
446.62,573.375,1,12.69399999999996
447.06,573.2625,1,12.695999999999913
447.02,573.3,1,12.69800000000032
447.06,573.6375,1,12.700000000000273
446.46000000000004,573.0,1,12.702000000000226
447.14,573.675,1,12.704000000000178
447.29999999999995,573.1500000000001,1,12.706000000000131
447.78,572.925,1,12.708000000000084
447.86,572.85,1,12.710000000000036
449.5,571.7625,1,12.711999999999989
450.94,568.2375,1,12.713999999999942
453.82,566.1375,1,12.71600000000035
456.34000000000003,563.0250000000001,1,12.718000000000302
460.78,559.6125,1,12.720000000000255
462.26,557.8875,1,12.722000000000207
464.46,554.25,1,12.72400000000016
465.02,552.075,1,12.726000000000113
465.34000000000003,550.3875,1,12.728000000000065
465.74,548.55,1,12.730000000000018
465.98,547.725,1,12.731999999999971
466.58000000000004,546.45,1,12.733999999999924
467.26,546.0,1,12.736000000000331
466.78,546.0,1,12.738000000000284
467.06,545.4375,1,12.740000000000236
466.86,545.925,1,12.74200000000019
466.5,546.4875,1,12.744000000000142
465.9,546.45,1,12.746000000000095
466.02,546.8625,1,12.748000000000047
466.5,547.2750000000001,1,12.75
465.62,547.1624999999999,1,12.751999999999953
466.06,546.9,1,12.753999999999905
465.74,547.05,1,12.756000000000313
465.34000000000003,546.8625,1,12.758000000000266
465.82,546.5250000000001,1,12.760000000000218
465.82,546.6,1,12.762000000000171
465.29999999999995,546.375,1,12.764000000000124
465.46000000000004,546.4124999999999,1,12.766000000000076
465.22,545.55,1,12.768000000000029
465.34000000000003,545.6624999999999,1,12.769999999999982
465.34000000000003,545.5875,1,12.771999999999935
464.9,545.7750000000001,1,12.774000000000342
465.06,545.175,1,12.776000000000295
465.02,545.2125,1,12.778000000000247
465.02,545.55,1,12.7800000000002
464.86,545.2125,1,12.782000000000153
464.94,545.25,1,12.784000000000106
464.70000000000005,544.1625,1,12.786000000000058
464.94,544.95,1,12.788000000000011
465.5,544.1624999999999,1,12.789999999999964
464.9,543.825,1,12.791999999999916
465.14,544.1625,1,12.794000000000324
464.53999999999996,543.0,1,12.796000000000276
464.42,543.075,1,12.79800000000023
464.38,543.3375,1,12.800000000000182
464.78,542.2875,1,12.802000000000135
464.5,542.5125,1,12.804000000000087
465.17999999999995,543.0375,1,12.80600000000004
464.98,543.1875,1,12.807999999999993
465.02,542.625,1,12.809999999999945
464.94,542.8875,1,12.811999999999898
464.82,542.775,1,12.814000000000306
465.26,542.325,1,12.816000000000258
465.06,542.3625,1,12.818000000000211
465.14,543.3375,1,12.820000000000164
465.18,542.5125,1,12.822000000000116
465.14,542.9625,1,12.82400000000007
465.22,543.1875,1,12.826000000000022
465.38,542.3625,1,12.827999999999975
465.1,542.8875,1,12.829999999999927
465.18,542.8125,1,12.832000000000335
464.86,542.775,1,12.834000000000287
465.38,542.55,1,12.83600000000024
465.1,543.3,1,12.838000000000193
465.38,542.7,1,12.840000000000146
465.74,543.3375,1,12.842000000000098
465.5,543.0374999999999,1,12.844000000000051
465.53999999999996,543.0374999999999,1,12.846000000000004
465.86,542.55,1,12.847999999999956
465.7,542.925,1,12.849999999999909
465.46000000000004,542.775,1,12.852000000000317
465.53999999999996,543.0,1,12.85400000000027
465.86,542.8875,1,12.856000000000222
465.46000000000004,542.2875,1,12.858000000000175
465.26,542.4749999999999,1,12.860000000000127
465.58,541.95,1,12.86200000000008
465.65999999999997,541.8375000000001,1,12.864000000000033
465.5,541.3125,1,12.865999999999985
466.02,541.4625000000001,1,12.867999999999938
465.46000000000004,541.425,1,12.870000000000346
466.06,541.3499999999999,1,12.872000000000298
466.17999999999995,541.3875,1,12.874000000000251
466.1,541.0875,1,12.876000000000204
466.18,541.05,1,12.878000000000156
466.34000000000003,540.825,1,12.88000000000011
465.70000000000005,540.4875,1,12.882000000000062
465.78,540.6375,1,12.884000000000015
466.14,540.1125,1,12.885999999999967
466.38,540.1500000000001,1,12.88799999999992
466.06,540.75,1,12.890000000000327
466.02,540.4875,1,12.89200000000028
465.94,540.7874999999999,1,12.894000000000233
465.98,540.5999999999999,1,12.896000000000186
465.94,540.825,1,12.898000000000138
465.74,540.7125,1,12.900000000000091
466.18,541.2375,1,12.902000000000044
465.94,540.6,1,12.903999999999996
465.78,541.4625,1,12.905999999999949
466.18,541.0875000000001,1,12.907999999999902
465.9,541.575,1,12.91000000000031
465.78,540.9000000000001,1,12.912000000000262
466.22,541.3125,1,12.914000000000215
466.22,541.8,1,12.916000000000167
465.74,541.7625,1,12.91800000000012
466.34000000000003,541.1625,1,12.920000000000073
466.18,542.175,1,12.922000000000025
465.86,541.4625,1,12.923999999999978
465.78,541.7249999999999,1,12.92599999999993
465.98,541.7249999999999,1,12.928000000000338
465.78,541.5374999999999,1,12.930000000000291
465.94,541.2,1,12.932000000000244
466.38,541.1625,1,12.934000000000196
466.26,540.3,1,12.93600000000015
465.9,540.5625,1,12.938000000000102
465.82000000000005,540.7125,1,12.940000000000055
465.86,539.775,1,12.942000000000007
465.94,539.925,1,12.94399999999996
465.9,539.775,1,12.945999999999913
465.7,538.9875,1,12.94800000000032
465.14,538.8,1,12.950000000000273
465.70000000000005,538.7625,1,12.952000000000226
465.5,538.8375,1,12.954000000000178
465.22,538.4625000000001,1,12.956000000000131
465.22,538.65,1,12.958000000000084
465.22,538.5374999999999,1,12.960000000000036
465.5,538.0875,1,12.961999999999989
465.38,538.5,1,12.963999999999942
465.86,538.4625000000001,1,12.96600000000035
466.22,537.4875,1,12.968000000000302
466.94,535.1624999999999,1,12.970000000000255
467.5,532.0125,1,12.972000000000207
467.26,533.2125,1,12.97400000000016
468.5,532.9875,1,12.976000000000113
468.82,539.4000000000001,1,12.978000000000065
472.1,548.8125,1,12.980000000000018
479.29999999999995,557.7375,1,12.981999999999971
483.94,579.1875,1,12.983999999999924
488.58000000000004,605.55,1,12.986000000000331
497.69999999999993,627.5250000000001,1,12.988000000000284
503.02,653.625,1,12.990000000000236
505.5,682.8375,1,12.99200000000019
507.00039215686274,684.2213235294117,0,12.994000000000142
508.5007843137255,685.6051470588235,0,12.996000000000095
510.00117647058823,686.9889705882352,0,12.998000000000047
511.5015686274509,688.372794117647,0,13.0
513.0019607843137,689.7566176470588,0,13.001999999999953
514.5023529411765,691.1404411764705,0,13.003999999999905
516.0027450980392,692.5242647058824,0,13.006000000000313
517.503137254902,693.9080882352941,0,13.008000000000266
519.0035294117647,695.2919117647058,0,13.010000000000218
520.5039215686274,696.6757352941177,0,13.012000000000171
522.0043137254902,698.0595588235294,0,13.014000000000124
523.5047058823529,699.4433823529411,0,13.016000000000076
525.0050980392157,700.8272058823529,0,13.018000000000029
526.5054901960784,702.2110294117647,0,13.019999999999982
528.0058823529412,703.5948529411764,0,13.021999999999935
529.5062745098039,704.9786764705882,0,13.024000000000342
531.0066666666667,706.3625,0,13.026000000000295
532.5070588235294,707.7463235294117,0,13.028000000000247
534.0074509803922,709.1301470588235,0,13.0300000000002
535.5078431372549,710.5139705882352,0,13.032000000000153
537.0082352941176,711.8977941176471,0,13.034000000000106
538.5086274509804,713.2816176470587,0,13.036000000000058
540.0090196078431,714.6654411764707,0,13.038000000000011
541.5094117647059,716.0492647058824,0,13.039999999999964
543.0098039215686,717.433088235294,0,13.041999999999916
544.5101960784314,718.8169117647058,0,13.044000000000324
546.0105882352941,720.2007352941176,0,13.046000000000276
547.5109803921569,721.5845588235295,0,13.04800000000023
549.0113725490196,722.9683823529413,0,13.050000000000182
550.5117647058823,724.3522058823529,0,13.052000000000135
552.0121568627451,725.7360294117647,0,13.054000000000087
553.5125490196078,727.1198529411765,0,13.05600000000004
555.0129411764706,728.5036764705883,0,13.057999999999993
556.5133333333333,729.8874999999999,0,13.059999999999945
558.0137254901961,731.2713235294118,0,13.061999999999898
559.5141176470588,732.6551470588234,0,13.064000000000306
561.0145098039216,734.0389705882353,0,13.066000000000258
562.5149019607843,735.4227941176471,0,13.068000000000211
564.015294117647,736.8066176470587,0,13.070000000000164
565.5156862745098,738.1904411764706,0,13.072000000000116
567.0160784313725,739.5742647058823,0,13.07400000000007
568.5164705882353,740.9580882352941,0,13.076000000000022
570.016862745098,742.341911764706,0,13.077999999999975
571.5172549019608,743.7257352941176,0,13.079999999999927
573.0176470588235,745.1095588235295,0,13.082000000000335
574.5180392156863,746.4933823529412,0,13.084000000000287
576.018431372549,747.8772058823529,0,13.08600000000024
577.5188235294117,749.2610294117648,0,13.088000000000193
579.0192156862746,750.6448529411765,0,13.090000000000146
580.5196078431371,752.0286764705883,0,13.092000000000098
582.02,753.4125,1,13.094000000000051
583.7,746.025,1,13.096000000000004
583.1800000000001,731.0625,1,13.097999999999956
582.6600000000001,715.95,1,13.099999999999909
580.06,702.45,1,13.102000000000317
578.6600000000001,686.1,1,13.10400000000027
575.8199999999999,677.8125,1,13.106000000000222
576.06,661.5374999999999,1,13.108000000000175
574.66,645.9375,1,13.110000000000127
573.46,636.7875,1,13.11200000000008
572.1400000000001,621.75,1,13.114000000000033
570.86,613.2375,1,13.115999999999985
570.74,603.1875,1,13.117999999999938
568.9,595.05,1,13.120000000000346
567.86,587.7375,1,13.122000000000298
567.14,580.5374999999999,1,13.124000000000251
567.46,576.0375,1,13.126000000000204
566.58,574.575,1,13.128000000000156
566.62,570.4875,1,13.13000000000011
567.1,570.4875,1,13.132000000000062
567.26,566.8125,1,13.134000000000015
567.82,566.8499999999999,1,13.135999999999967
567.62,566.9625,1,13.13799999999992
567.8199999999999,566.25,1,13.140000000000327
567.74,566.925,1,13.14200000000028
568.02,566.775,1,13.144000000000233
568.14,567.525,1,13.146000000000186
568.1,568.3125,1,13.148000000000138
568.02,569.325,1,13.150000000000091
568.46,569.0625,1,13.152000000000044
568.46,569.175,1,13.153999999999996
568.5,569.8875,1,13.155999999999949
568.34,570.525,1,13.157999999999902
568.62,570.9375,1,13.16000000000031
568.5,572.25,1,13.162000000000262
568.14,571.7625,1,13.164000000000215
568.5799999999999,572.475,1,13.166000000000167
568.54,572.3625,1,13.16800000000012
568.3399999999999,573.75,1,13.170000000000073
568.6600000000001,573.8625,1,13.172000000000025
568.94,573.675,1,13.173999999999978
568.8199999999999,574.8375000000001,1,13.17599999999993
568.86,574.65,1,13.178000000000338
568.86,575.2125000000001,1,13.180000000000291
569.06,575.85,1,13.182000000000244
568.98,575.8125,1,13.184000000000196
569.02,577.125,1,13.18600000000015
569.1800000000001,576.9,1,13.188000000000102
569.5799999999999,577.3499999999999,1,13.190000000000055
569.0999999999999,578.325,1,13.192000000000007
569.1800000000001,578.625,1,13.19399999999996
569.02,579.525,1,13.195999999999913
568.86,580.275,1,13.19800000000032
569.5,580.425,1,13.200000000000273
569.0999999999999,580.6500000000001,1,13.202000000000226
569.22,580.95,1,13.204000000000178
569.4200000000001,581.5125,1,13.206000000000131
569.3,581.4000000000001,1,13.208000000000084
568.98,582.525,1,13.210000000000036
569.26,583.0875000000001,1,13.211999999999989
569.4200000000001,582.9375,1,13.213999999999942
569.42,583.2,1,13.21600000000035
569.02,583.8,1,13.218000000000302
569.1400000000001,583.9125,1,13.220000000000255
569.62,583.7625,1,13.222000000000207
569.5,584.2125,1,13.22400000000016
570.06,583.9875,1,13.226000000000113
569.7,583.5374999999999,1,13.228000000000065
570.06,584.1375,1,13.230000000000018
569.6600000000001,584.0625,1,13.231999999999971
569.7,583.425,1,13.233999999999924
570.1800000000001,584.0625,1,13.236000000000331
570.1400000000001,583.65,1,13.238000000000284
569.94,583.2750000000001,1,13.240000000000236
569.98,583.8,1,13.24200000000019
569.66,583.6500000000001,1,13.244000000000142
570.06,584.025,1,13.246000000000095
569.78,584.25,1,13.248000000000047
569.74,584.475,1,13.25
569.94,584.025,1,13.251999999999953
570.02,584.8875,1,13.253999999999905
570.38,584.7750000000001,1,13.256000000000313
570.26,584.8875,1,13.258000000000266
569.8199999999999,585.7125000000001,1,13.260000000000218
569.3399999999999,585.7125000000001,1,13.262000000000171
569.42,585.975,1,13.264000000000124
569.62,586.0875,1,13.266000000000076
569.58,585.825,1,13.268000000000029
569.3,586.8,1,13.269999999999982
569.5,587.4,1,13.271999999999935
568.74,587.0625,1,13.274000000000342
568.9000000000001,587.9625000000001,1,13.276000000000295
568.8199999999999,587.8125,1,13.278000000000247
569.3,587.625,1,13.2800000000002
569.4200000000001,587.475,1,13.282000000000153
569.06,588.0375,1,13.284000000000106
568.9000000000001,588.2249999999999,1,13.286000000000058
569.0999999999999,588.675,1,13.288000000000011
568.94,588.0,1,13.289999999999964
569.26,588.0,1,13.291999999999916
568.8599999999999,588.0,1,13.294000000000324
568.98,588.1500000000001,1,13.296000000000276
569.06,588.5999999999999,1,13.29800000000023
568.98,588.0,1,13.300000000000182
568.94,587.9625000000001,1,13.302000000000135
569.1800000000001,588.225,1,13.304000000000087
568.9,588.4875,1,13.30600000000004
569.02,587.6624999999999,1,13.307999999999993
568.98,588.3375,1,13.309999999999945
568.98,587.7375,1,13.311999999999898
569.1800000000001,587.0625,1,13.314000000000306
569.3,588.4875,1,13.316000000000258
569.1,587.4,1,13.318000000000211
569.22,588.7875,1,13.320000000000164
569.34,588.225,1,13.322000000000116
569.38,587.0250000000001,1,13.32400000000007
569.14,587.7750000000001,1,13.326000000000022
570.02,586.575,1,13.327999999999975
569.62,587.0250000000001,1,13.329999999999927
569.54,586.9124999999999,1,13.332000000000335
569.94,586.2,1,13.334000000000287
570.06,586.6125,1,13.33600000000024
570.5,587.2125,1,13.338000000000193
570.46,586.6875,1,13.340000000000146
570.4200000000001,587.1,1,13.342000000000098
570.62,588.45,1,13.344000000000051
570.5799999999999,587.925,1,13.346000000000004
570.02,588.075,1,13.347999999999956
570.9,588.3375000000001,1,13.349999999999909
570.3399999999999,588.0,1,13.352000000000317
569.9,588.4125,1,13.35400000000027
570.5799999999999,589.65,1,13.356000000000222
570.3,589.725,1,13.358000000000175
570.02,588.4125,1,13.360000000000127
570.4200000000001,589.2,1,13.36200000000008
569.98,587.925,1,13.364000000000033
570.3800000000001,587.7375,1,13.365999999999985
570.54,589.6125,1,13.367999999999938
570.14,588.9375,1,13.370000000000346
570.14,588.675,1,13.372000000000298
570.14,588.4875,1,13.374000000000251
569.8199999999999,587.85,1,13.376000000000204
570.26,588.375,1,13.378000000000156
570.4200000000001,589.05,1,13.38000000000011
569.78,587.8875,1,13.382000000000062
570.1800000000001,587.5875,1,13.384000000000015
570.1800000000001,588.7875,1,13.385999999999967
569.9000000000001,588.4125,1,13.38799999999992
570.26,590.325,1,13.390000000000327
569.9000000000001,588.8625,1,13.39200000000028
569.62,589.3499999999999,1,13.394000000000233
570.22,589.6125,1,13.396000000000186
569.62,589.5,1,13.398000000000138
569.94,589.725,1,13.400000000000091
569.9,589.6125,1,13.402000000000044
569.74,589.0125,1,13.403999999999996
569.8199999999999,589.6875,1,13.405999999999949
569.78,590.0250000000001,1,13.407999999999902
569.1800000000001,590.0999999999999,1,13.41000000000031
569.46,590.475,1,13.412000000000262
569.78,591.5250000000001,1,13.414000000000215
569.7,590.85,1,13.416000000000167
569.62,590.0250000000001,1,13.41800000000012
570.22,590.175,1,13.420000000000073
569.9000000000001,590.55,1,13.422000000000025
570.06,590.3625,1,13.423999999999978
569.8199999999999,589.575,1,13.42599999999993
570.1,590.3625,1,13.428000000000338
569.5,589.9125,1,13.430000000000291
569.94,589.575,1,13.432000000000244
569.62,590.25,1,13.434000000000196
569.66,589.8,1,13.43600000000015
569.86,589.8375,1,13.438000000000102
569.9000000000001,590.4375,1,13.440000000000055
569.8199999999999,589.7249999999999,1,13.442000000000007
569.74,589.5374999999999,1,13.44399999999996
570.38,590.5875,1,13.445999999999913
569.86,589.725,1,13.44800000000032
570.0999999999999,590.175,1,13.450000000000273
570.1800000000001,590.2125,1,13.452000000000226
570.14,590.325,1,13.454000000000178
570.38,590.5875,1,13.456000000000131
569.62,590.175,1,13.458000000000084
569.54,590.5875000000001,1,13.460000000000036
570.26,590.7,1,13.461999999999989
569.62,590.1375,1,13.463999999999942
570.22,590.4375,1,13.46600000000035
570.14,589.7625,1,13.468000000000302
569.6199999999999,590.5875000000001,1,13.470000000000255
570.02,589.575,1,13.472000000000207
569.8199999999999,590.475,1,13.47400000000016
570.42,590.6625,1,13.476000000000113
570.14,590.175,1,13.478000000000065
570.02,590.175,1,13.480000000000018
570.5799999999999,590.3625,1,13.481999999999971
570.1800000000001,590.5125,1,13.483999999999924
570.4200000000001,590.325,1,13.486000000000331
570.62,589.8,1,13.488000000000284
570.1,589.8,1,13.490000000000236
570.22,590.55,1,13.49200000000019
570.14,589.6875,1,13.494000000000142
570.1400000000001,589.65,1,13.496000000000095
570.1400000000001,590.475,1,13.498000000000047
570.9000000000001,589.575,1,13.5
571.02,589.65,1,13.501999999999953
570.26,589.8,1,13.503999999999905
571.78,589.9125,1,13.506000000000313
573.3,589.3875,1,13.508000000000266
575.66,588.8625,1,13.510000000000218
580.18,587.1,1,13.512000000000171
585.06,584.325,1,13.514000000000124
592.62,579.0,1,13.516000000000076
600.14,576.3375,1,13.518000000000029
607.02,572.5125,1,13.519999999999982
614.7,570.3,1,13.521999999999935
623.3,567.0375,1,13.524000000000342
630.1800000000001,564.4875,1,13.526000000000295
638.1800000000001,564.3375000000001,1,13.528000000000247
645.86,561.1125,1,13.5300000000002
652.3,558.2625,1,13.532000000000153
658.94,555.8625,1,13.534000000000106
665.46,556.425,1,13.536000000000058
669.62,553.8375000000001,1,13.538000000000011
672.3,552.7874999999999,1,13.539999999999964
674.98,552.8625,1,13.541999999999916
675.4200000000001,551.4,1,13.544000000000324
675.14,551.6625,1,13.546000000000276
674.1800000000001,551.1,1,13.54800000000023
673.02,552.0375,1,13.550000000000182
672.3,551.7,1,13.552000000000135
671.3399999999999,552.1875,1,13.554000000000087
671.1400000000001,552.1875,1,13.55600000000004
671.02,551.4749999999999,1,13.557999999999993
670.5,551.6625,1,13.559999999999945
670.86,552.1125,1,13.561999999999898
670.3,551.5125,1,13.564000000000306
670.4200000000001,551.7375,1,13.566000000000258
670.3,552.3375000000001,1,13.568000000000211
670.1400000000001,551.5125,1,13.570000000000164
670.46,552.225,1,13.572000000000116
670.3,551.8125,1,13.57400000000007
670.66,551.8499999999999,1,13.576000000000022
670.98,551.55,1,13.577999999999975
670.62,551.025,1,13.579999999999927
670.74,551.55,1,13.582000000000335
670.7,550.6875,1,13.584000000000287
670.78,550.3875,1,13.58600000000024
670.46,550.2,1,13.588000000000193
670.6600000000001,550.125,1,13.590000000000146
670.5799999999999,549.8625,1,13.592000000000098
671.1800000000001,549.7875,1,13.594000000000051
670.66,549.8625,1,13.596000000000004
671.26,549.15,1,13.597999999999956
670.6600000000001,549.7125,1,13.599999999999909
671.4200000000001,549.525,1,13.602000000000317
671.5799999999999,549.9,1,13.60400000000027
671.02,549.4125,1,13.606000000000222
670.9000000000001,549.675,1,13.608000000000175
671.82,550.2375,1,13.610000000000127
671.26,549.5625,1,13.61200000000008
671.1800000000001,549.6375,1,13.614000000000033
671.3,550.2,1,13.615999999999985
671.7,549.4875,1,13.617999999999938
671.1800000000001,549.7125,1,13.620000000000346
671.62,549.5625,1,13.622000000000298
671.8199999999999,548.9625000000001,1,13.624000000000251
671.78,549.3375,1,13.626000000000204
671.34,547.875,1,13.628000000000156
671.98,548.3625,1,13.63000000000011
671.66,547.875,1,13.632000000000062
671.9000000000001,547.3875,1,13.634000000000015
672.26,547.425,1,13.635999999999967
672.1,547.3875,1,13.63799999999992
672.1400000000001,547.05,1,13.640000000000327
671.86,546.6375,1,13.64200000000028
672.1800000000001,546.975,1,13.644000000000233
672.3,546.9000000000001,1,13.646000000000186
672.22,546.6375,1,13.648000000000138
672.1800000000001,545.9625,1,13.650000000000091
672.54,545.85,1,13.652000000000044
672.3,546.3,1,13.653999999999996
672.0999999999999,545.7750000000001,1,13.655999999999949
672.66,545.8499999999999,1,13.657999999999902
672.8199999999999,545.775,1,13.66000000000031
672.4200000000001,545.325,1,13.662000000000262
672.46,545.0999999999999,1,13.664000000000215
672.7,544.875,1,13.666000000000167
672.62,545.1375,1,13.66800000000012
672.9,546.3375,1,13.670000000000073
672.3,546.3375,1,13.672000000000025
672.7,546.15,1,13.673999999999978
672.5799999999999,546.6375,1,13.67599999999993
672.5799999999999,546.3375000000001,1,13.678000000000338
672.38,547.0875,1,13.680000000000291
672.54,546.7125,1,13.682000000000244
672.62,546.825,1,13.684000000000196
672.3,547.575,1,13.68600000000015
672.54,546.9,1,13.688000000000102
672.1800000000001,547.05,1,13.690000000000055
672.22,546.825,1,13.692000000000007
671.86,546.525,1,13.69399999999996
671.8199999999999,547.1624999999999,1,13.695999999999913
672.54,546.375,1,13.69800000000032
671.98,546.825,1,13.700000000000273
672.22,547.0875,1,13.702000000000226
672.06,546.6375,1,13.704000000000178
672.26,546.4875,1,13.706000000000131
672.4200000000001,546.6375,1,13.708000000000084
672.5799999999999,546.45,1,13.710000000000036
672.38,546.375,1,13.711999999999989
672.58,546.675,1,13.713999999999942
672.98,545.8125,1,13.71600000000035
672.4200000000001,546.1875,1,13.718000000000302
672.6600000000001,545.7,1,13.720000000000255
672.7,545.4749999999999,1,13.722000000000207
672.86,546.2625,1,13.72400000000016
672.62,546.525,1,13.726000000000113
672.78,546.3375,1,13.728000000000065
672.38,545.7,1,13.730000000000018
672.6600000000001,546.1875,1,13.731999999999971
672.3,545.85,1,13.733999999999924
672.4200000000001,546.8625,1,13.736000000000331
672.38,546.1875,1,13.738000000000284
672.8199999999999,546.0375,1,13.740000000000236
672.14,546.675,1,13.74200000000019
672.26,546.4124999999999,1,13.744000000000142
672.78,546.45,1,13.746000000000095
673.1,546.75,1,13.748000000000047
672.78,546.7125000000001,1,13.75
672.86,546.0,1,13.751999999999953
673.1800000000001,547.2,1,13.753999999999905
673.38,546.75,1,13.756000000000313
673.26,546.9375,1,13.758000000000266
673.78,547.1625,1,13.760000000000218
673.58,546.4125,1,13.762000000000171
673.7,546.9000000000001,1,13.764000000000124
673.74,547.65,1,13.766000000000076
673.78,547.95,1,13.768000000000029
673.42,548.0625,1,13.769999999999982
669.9000000000001,548.55,1,13.771999999999935
666.3399999999999,550.2750000000001,1,13.774000000000342
661.1800000000001,551.7,1,13.776000000000295
649.22,554.25,1,13.778000000000247
638.5,556.125,1,13.7800000000002
622.4200000000001,560.025,1,13.782000000000153
606.02,564.1875,1,13.784000000000106
589.8199999999999,569.325,1,13.786000000000058
572.0999999999999,574.425,1,13.788000000000011
554.3399999999999,579.3,1,13.789999999999964
535.62,582.375,1,13.791999999999916
516.14,585.7125,1,13.794000000000324
499.5,592.3875,1,13.796000000000276
483.62,595.7625,1,13.79800000000023
467.26,598.2,1,13.800000000000182
453.34000000000003,602.5875,1,13.802000000000135
440.65999999999997,606.675,1,13.804000000000087
428.78,609.45,1,13.80600000000004
418.42,612.7125000000001,1,13.807999999999993
410.7,616.0875000000001,1,13.809999999999945
405.70000000000005,617.1375,1,13.811999999999898
403.18,618.3375,1,13.814000000000306
402.5,618.375,1,13.816000000000258
403.66,618.075,1,13.818000000000211
405.34000000000003,616.7625,1,13.820000000000164
406.38,615.675,1,13.822000000000116
405.98,614.9625,1,13.82400000000007
405.26,613.275,1,13.826000000000022
405.42,612.3375,1,13.827999999999975
404.74,613.425,1,13.829999999999927
404.5,612.225,1,13.832000000000335
404.5,612.7125000000001,1,13.834000000000287
404.42,612.525,1,13.83600000000024
404.46,612.7125000000001,1,13.838000000000193
404.18,611.1375,1,13.840000000000146
404.34000000000003,612.0374999999999,1,13.842000000000098
403.98,611.4375,1,13.844000000000051
403.86,611.0250000000001,1,13.846000000000004
403.29999999999995,611.1375,1,13.847999999999956
403.42,611.3625,1,13.849999999999909
403.78,610.725,1,13.852000000000317
403.5,610.8,1,13.85400000000027
403.62,610.7625,1,13.856000000000222
403.3,610.5,1,13.858000000000175
403.78,610.2,1,13.860000000000127
403.82,609.7875,1,13.86200000000008
404.26,609.0,1,13.864000000000033
403.86,609.375,1,13.865999999999985
404.22,608.25,1,13.867999999999938
404.06,608.55,1,13.870000000000346
404.53999999999996,608.175,1,13.872000000000298
404.41999999999996,607.6125,1,13.874000000000251
404.54,607.6875,1,13.876000000000204
404.78,608.325,1,13.878000000000156
405.02,607.9125,1,13.88000000000011
405.18,608.5125,1,13.882000000000062
404.82,607.3125,1,13.884000000000015
405.02,607.2,1,13.885999999999967
404.7,606.9749999999999,1,13.88799999999992
404.58000000000004,606.825,1,13.890000000000327
404.78,606.45,1,13.89200000000028
405.06,606.8625,1,13.894000000000233
404.74,605.625,1,13.896000000000186
405.38,606.4875,1,13.898000000000138
404.78,605.55,1,13.900000000000091
404.9,605.3625,1,13.902000000000044
405.1,604.7625,1,13.903999999999996
405.14,605.0250000000001,1,13.905999999999949
405.42,603.8625,1,13.907999999999902
405.1,603.9375,1,13.91000000000031
405.42,603.7875,1,13.912000000000262
405.05999999999995,604.125,1,13.914000000000215
405.54,602.55,1,13.916000000000167
405.29999999999995,602.5125,1,13.91800000000012
405.62,602.9625,1,13.920000000000073
405.54,602.2125000000001,1,13.922000000000025
405.7,601.575,1,13.923999999999978
405.62,602.175,1,13.92599999999993
406.1,601.2375,1,13.928000000000338
406.02,600.825,1,13.930000000000291
405.74,600.6375,1,13.932000000000244
405.98,600.4875,1,13.934000000000196
405.82,600.225,1,13.93600000000015
405.98,601.05,1,13.938000000000102
406.02,600.7874999999999,1,13.940000000000055
405.82,600.7125,1,13.942000000000007
405.9,600.5625,1,13.94399999999996
405.86,599.8125,1,13.945999999999913
405.94,600.4875,1,13.94800000000032
405.94,600.375,1,13.950000000000273
406.26,600.2249999999999,1,13.952000000000226
405.58000000000004,599.0625,1,13.954000000000178
405.46000000000004,599.325,1,13.956000000000131
404.94,600.9,1,13.958000000000084
405.58000000000004,599.85,1,13.960000000000036
405.58000000000004,599.6625,1,13.961999999999989
405.74,599.1,1,13.963999999999942
405.46,599.025,1,13.96600000000035
405.22,600.4875,1,13.968000000000302
405.06,599.025,1,13.970000000000255
405.22,598.9875,1,13.972000000000207
404.9,598.125,1,13.97400000000016
405.38,599.6625,1,13.976000000000113
405.9,598.6875,1,13.978000000000065
405.5,598.275,1,13.980000000000018
405.46,597.0,1,13.981999999999971
405.22,596.775,1,13.983999999999924
405.54,596.925,1,13.986000000000331
405.02,597.975,1,13.988000000000284
405.62,596.175,1,13.990000000000236
404.78,596.5875,1,13.99200000000019
405.65999999999997,595.95,1,13.994000000000142
404.86,597.3375000000001,1,13.996000000000095
404.70000000000005,595.425,1,13.998000000000047
405.58,595.8375000000001,1,14.0
404.82,596.175,1,14.001999999999953
404.46000000000004,595.725,1,14.003999999999905
405.06,595.3875,1,14.006000000000313
404.78,595.7625,1,14.008000000000266
404.34,595.7249999999999,1,14.010000000000218
404.02,595.5,1,14.012000000000171
404.1,595.9875,1,14.014000000000124
404.62,595.3875,1,14.016000000000076
403.7,594.975,1,14.018000000000029
404.17999999999995,596.2125,1,14.019999999999982
404.38,595.8,1,14.021999999999935
404.06,593.6625,1,14.024000000000342
404.46000000000004,595.4625000000001,1,14.026000000000295
402.98,596.25,1,14.028000000000247
401.70000000000005,596.2874999999999,1,14.0300000000002
397.65999999999997,596.8875,1,14.032000000000153
392.26,596.625,1,14.034000000000106
383.22,595.9125,1,14.036000000000058
372.62,593.9625,1,14.038000000000011
359.22,593.4000000000001,1,14.039999999999964
344.94,590.925,1,14.041999999999916
329.94,588.45,1,14.044000000000324
314.18,586.05,1,14.046000000000276
298.82,584.2125,1,14.04800000000023
284.22,582.375,1,14.050000000000182
268.14,580.1625,1,14.052000000000135
253.74,577.05,1,14.054000000000087
240.57999999999998,574.6125,1,14.05600000000004
225.82,570.375,1,14.057999999999993
213.82,566.6624999999999,1,14.059999999999945
201.14,561.1500000000001,1,14.061999999999898
190.38,555.075,1,14.064000000000306
178.7,550.9875,1,14.066000000000258
170.94,545.7375,1,14.068000000000211
161.7,542.4,1,14.070000000000164
156.06,537.4875,1,14.072000000000116
149.94,534.2625,1,14.07400000000007
145.14,532.5,1,14.076000000000022
140.5,531.1125,1,14.077999999999975
138.06,529.425,1,14.079999999999927
135.14,526.575,1,14.082000000000335
134.26,524.325,1,14.084000000000287
133.62,523.3875,1,14.08600000000024
134.9,522.675,1,14.088000000000193
135.57999999999998,521.7750000000001,1,14.090000000000146
135.94,522.3,1,14.092000000000098
135.34,522.7874999999999,1,14.094000000000051
134.9,522.6375,1,14.096000000000004
135.26,522.6,1,14.097999999999956
135.54,522.1875,1,14.099999999999909
134.78,519.225,1,14.102000000000317
135.46,519.825,1,14.10400000000027
135.06,518.25,1,14.106000000000222
135.1,518.5875,1,14.108000000000175
134.3,518.4749999999999,1,14.110000000000127
134.42,517.7625,1,14.11200000000008
133.98,516.675,1,14.114000000000033
134.22,516.525,1,14.115999999999985
133.9,514.3875,1,14.117999999999938
133.9,513.4125,1,14.120000000000346
133.34,512.775,1,14.122000000000298
133.62,511.3125,1,14.124000000000251
133.18,511.6875,1,14.126000000000204
133.57999999999998,511.275,1,14.128000000000156
133.34,510.225,1,14.13000000000011
133.38,509.925,1,14.132000000000062
133.14,509.4,1,14.134000000000015
133.3,509.1375,1,14.135999999999967
133.06,508.425,1,14.13799999999992
133.38,507.825,1,14.140000000000327
132.7,508.9875,1,14.14200000000028
132.98,507.225,1,14.144000000000233
132.57999999999998,507.6,1,14.146000000000186
132.9,506.8125,1,14.148000000000138
132.9,506.3625,1,14.150000000000091
132.7,505.9125,1,14.152000000000044
132.54000000000002,505.425,1,14.153999999999996
132.74,505.5375,1,14.155999999999949
132.66,505.6875,1,14.157999999999902
132.82,505.5375,1,14.16000000000031
132.26,504.5625,1,14.162000000000262
132.22,504.6,1,14.164000000000215
132.1,504.67499999999995,1,14.166000000000167
132.85999999999999,504.15,1,14.16800000000012
132.66,504.3,1,14.170000000000073
132.54,503.32500000000005,1,14.172000000000025
133.18,504.2625,1,14.173999999999978
132.57999999999998,502.83750000000003,1,14.17599999999993
132.9,502.9875,1,14.178000000000338
132.98,501.9,1,14.180000000000291
133.14,502.01250000000005,1,14.182000000000244
132.94,501.4875,1,14.184000000000196
132.82,501.1875,1,14.18600000000015
133.18,501.3,1,14.188000000000102
132.82,500.475,1,14.190000000000055
133.54,499.5375,1,14.192000000000007
133.06,499.9125,1,14.19399999999996
133.5,499.1625,1,14.195999999999913
133.42000000000002,499.20000000000005,1,14.19800000000032
133.62,499.5375,1,14.200000000000273
133.7,499.8,1,14.202000000000226
133.54,498.4125,1,14.204000000000178
133.89999999999998,499.8375,1,14.206000000000131
134.3,498.6375,1,14.208000000000084
133.94,498.1875,1,14.210000000000036
133.98000000000002,498.82500000000005,1,14.211999999999989
134.42000000000002,497.8875,1,14.213999999999942
133.78,498.82500000000005,1,14.21600000000035
133.78,497.775,1,14.218000000000302
134.18,497.5875,1,14.220000000000255
133.9,497.8875,1,14.222000000000207
134.26,497.25,1,14.22400000000016
133.98000000000002,496.4625,1,14.226000000000113
134.01999999999998,497.0625,1,14.228000000000065
134.06,496.57500000000005,1,14.230000000000018
134.22,497.1375,1,14.231999999999971
134.14,496.42499999999995,1,14.233999999999924
133.89999999999998,496.1625,1,14.236000000000331
133.74,496.35,1,14.238000000000284
134.66,496.35,1,14.240000000000236
134.26,496.875,1,14.24200000000019
134.26,496.275,1,14.244000000000142
134.06,496.65,1,14.246000000000095
134.18,496.04999999999995,1,14.248000000000047
134.45999999999998,496.0125,1,14.25
134.66,494.85,1,14.251999999999953
134.42000000000002,495.375,1,14.253999999999905
134.82,495.0375,1,14.256000000000313
135.38,494.625,1,14.258000000000266
134.57999999999998,494.4375,1,14.260000000000218
134.57999999999998,494.51250000000005,1,14.262000000000171
134.78,494.92499999999995,1,14.264000000000124
134.54000000000002,494.4375,1,14.266000000000076
134.3,493.425,1,14.268000000000029
134.74,493.95000000000005,1,14.269999999999982
134.94,493.9125,1,14.271999999999935
134.22,493.65,1,14.274000000000342
134.34,493.4625,1,14.276000000000295
134.22000000000003,493.8375,1,14.278000000000247
134.74,493.125,1,14.2800000000002
134.78,492.975,1,14.282000000000153
134.78,493.42499999999995,1,14.284000000000106
135.14,493.3875,1,14.286000000000058
134.57999999999998,492.5625,1,14.288000000000011
134.62,492.75,1,14.289999999999964
134.38,492.45000000000005,1,14.291999999999916
134.45999999999998,492.7125,1,14.294000000000324
134.22,492.11249999999995,1,14.296000000000276
134.38,493.6125,1,14.29800000000023
134.7,492.675,1,14.300000000000182
134.94,493.01250000000005,1,14.302000000000135
135.06,492.6375,1,14.304000000000087
134.54000000000002,492.975,1,14.30600000000004
134.45999999999998,494.25,1,14.307999999999993
134.86,493.1625,1,14.309999999999945
133.9,494.25,1,14.311999999999898
133.74,494.2875,1,14.314000000000306
131.9,494.325,1,14.316000000000258
129.18,495.82500000000005,1,14.318000000000211
123.53999999999999,497.13750000000005,1,14.320000000000164
116.98,499.2375,1,14.322000000000116
106.58,503.025,1,14.32400000000007
96.74000000000001,506.475,1,14.326000000000022
85.62,511.53749999999997,1,14.327999999999975
73.7,514.6125,1,14.329999999999927
61.94,518.55,1,14.332000000000335
51.82,525.3375,1,14.334000000000287
43.18000000000001,527.55,1,14.33600000000024
34.42,531.1875,1,14.338000000000193
26.66,533.4000000000001,1,14.340000000000146
21.54,534.9375,1,14.342000000000098
14.499999999999995,539.7375,1,14.344000000000051
9.02,542.7375,1,14.346000000000004
4.5,546.0,1,14.347999999999956
1.38,546.5625,1,14.349999999999909
-0.5399999999999952,547.8375,0,14.352000000000317
-1.54,548.775,0,14.35400000000027
-2.2199999999999998,550.6125,0,14.356000000000222
-0.94,551.0625,0,14.358000000000175
-0.4600000000000004,551.25,0,14.360000000000127
0.06000000000000494,550.6125,1,14.36200000000008
0.30000000000000027,550.9875,1,14.364000000000033
0.7800000000000002,549.75,1,14.365999999999985
0.8599999999999999,548.6625,1,14.367999999999938
0.8200000000000047,549.6375,1,14.370000000000346
0.8599999999999999,548.1375,1,14.372000000000298
0.8599999999999999,549.9,1,14.374000000000251
1.0599999999999952,550.1625,1,14.376000000000204
1.1,549.4124999999999,1,14.378000000000156
0.8999999999999999,548.55,1,14.38000000000011
0.3799999999999999,549.3375,1,14.382000000000062
0.620000000000005,549.6375,1,14.384000000000015
0.46000000000000485,548.9625000000001,1,14.385999999999967
0.3800000000000052,549.0375,1,14.38799999999992
0.7800000000000002,548.775,1,14.390000000000327
0.7800000000000002,547.9124999999999,1,14.39200000000028
0.33999999999999986,548.85,1,14.394000000000233
0.8600000000000048,549.1125,1,14.396000000000186
0.7400000000000002,548.4,1,14.398000000000138
0.5400000000000098,547.6875,1,14.400000000000091
0.6600000000000001,547.6125,1,14.402000000000044
0.7000000000000002,548.4,1,14.403999999999996
1.220000000000005,548.7375,1,14.405999999999949
1.1399999999999997,548.0625,1,14.407999999999902
1.2200000000000002,547.0875000000001,1,14.41000000000031
1.060000000000005,548.7,1,14.412000000000262
1.500000000000005,547.7249999999999,1,14.414000000000215
1.7000000000000048,547.2375,1,14.416000000000167
1.3,547.3125,1,14.41800000000012
1.98,547.9125,1,14.420000000000073
1.460000000000005,548.25,1,14.422000000000025
1.7000000000000002,547.5375,1,14.423999999999978
1.9,546.0375,1,14.42599999999993
1.9800000000000002,546.75,1,14.428000000000338
1.740000000000005,546.0375,1,14.430000000000291
1.8199999999999952,545.5875,1,14.432000000000244
1.7000000000000002,547.1625,1,14.434000000000196
1.859999999999995,545.7375,1,14.43600000000015
1.3800000000000052,546.5625,1,14.438000000000102
1.700000000000005,545.625,1,14.440000000000055
1.8199999999999998,545.7375,1,14.442000000000007
1.6600000000000001,546.3375000000001,1,14.44399999999996
1.46,546.225,1,14.445999999999913
1.06,545.8125,1,14.44800000000032
0.9800000000000049,546.0,1,14.450000000000273
1.620000000000005,545.8125,1,14.452000000000226
1.379999999999995,545.4375,1,14.454000000000178
1.0599999999999947,546.0,1,14.456000000000131
1.2599999999999998,545.325,1,14.458000000000084
1.02,545.2125000000001,1,14.460000000000036
1.0999999999999999,545.8499999999999,1,14.461999999999989
0.98,544.8375000000001,1,14.463999999999942
0.74,546.1500000000001,1,14.46600000000035
1.2199999999999998,545.4749999999999,1,14.468000000000302
0.94,545.8125,1,14.470000000000255
0.78,545.2874999999999,1,14.472000000000207
0.5,544.7625,1,14.47400000000016
0.74,544.6125,1,14.476000000000113
0.13999999999999524,545.0625,1,14.478000000000065
-0.05999999999999961,544.3125,0,14.480000000000018
-0.06000000000000494,543.675,0,14.481999999999971
0.06000000000000005,546.0375,1,14.483999999999924
-0.09999999999999964,544.4625000000001,0,14.486000000000331
0.09999999999999964,544.125,1,14.488000000000284
-0.13999999999999968,544.6125,0,14.490000000000236
0.2200000000000002,543.1500000000001,1,14.49200000000019
-0.020000000000004903,544.0875,0,14.494000000000142
-0.45999999999999996,543.5250000000001,0,14.496000000000095
-0.26000000000000023,542.625,0,14.498000000000047
-0.5,543.4124999999999,0,14.5
-0.5800000000000001,543.5625,0,14.501999999999953
-0.2999999999999998,543.45,0,14.503999999999905
-0.2999999999999998,542.3625,0,14.506000000000313
-0.10000000000000497,542.8875,0,14.508000000000266
-0.41999999999999993,543.375,0,14.510000000000218
-0.29999999999999494,543.1875,0,14.512000000000171
-0.29999999999999494,543.0375,0,14.514000000000124
-0.5799999999999952,542.325,0,14.516000000000076
-0.14000000000000012,543.375,0,14.518000000000029
-0.019999999999999574,542.9625000000001,0,14.519999999999982
0.2999999999999998,542.8875,1,14.521999999999935
-0.10000000000000497,541.35,0,14.524000000000342
-0.18000000000000016,540.075,0,14.526000000000295
-0.6600000000000001,533.925,0,14.528000000000247
-0.4600000000000002,528.0,0,14.5300000000002
-0.7799999999999998,517.5,0,14.532000000000153
0.8199999999999998,508.875,1,14.534000000000106
4.099999999999996,500.5875,1,14.536000000000058
7.220000000000001,489.3,1,14.538000000000011
12.14,481.275,1,14.539999999999964
16.1,470.475,1,14.541999999999916
21.5,457.23749999999995,1,14.544000000000324
27.9,449.8875,1,14.546000000000276
33.82,443.475,1,14.54800000000023
39.980000000000004,432.75,1,14.550000000000182
47.58,423.63750000000005,1,14.552000000000135
52.62,417.525,1,14.554000000000087
57.5,407.5125,1,14.55600000000004
60.7,399.0375,1,14.557999999999993
63.7,390.11249999999995,1,14.559999999999945
65.54,381.7125,1,14.561999999999898
66.94,370.5375,1,14.564000000000306
68.3,359.7375,1,14.566000000000258
69.58,350.0625,1,14.568000000000211
70.86,340.5375,1,14.570000000000164
70.82,326.13750000000005,1,14.572000000000116
72.14,315.7875,1,14.57400000000007
72.02000000000001,306.9375,1,14.576000000000022
72.1,300.0,1,14.577999999999975
71.54,292.2375,1,14.579999999999927
71.97999999999999,284.73749999999995,1,14.582000000000335
71.5,273.0,1,14.584000000000287
72.42,265.5375,1,14.58600000000024
71.82,256.9875,1,14.588000000000193
72.22,250.8,1,14.590000000000146
72.53999999999999,245.96249999999998,1,14.592000000000098
71.98,239.1375,1,14.594000000000051
72.14,235.16250000000002,1,14.596000000000004
71.7,230.8125,1,14.597999999999956
71.5,227.7,1,14.599999999999909
71.9,224.175,1,14.602000000000317
71.9,224.55,1,14.60400000000027
71.53999999999999,226.2,1,14.606000000000222
72.06,226.3125,1,14.608000000000175
71.9,226.8,1,14.610000000000127
71.46,226.6125,1,14.61200000000008
71.02000000000001,224.55,1,14.614000000000033
70.58,225.03750000000002,1,14.615999999999985
70.54,224.21249999999998,1,14.617999999999938
70.58,223.125,1,14.620000000000346
70.42,223.05,1,14.622000000000298
70.26,223.5375,1,14.624000000000251
70.7,222.2625,1,14.626000000000204
70.62,222.75,1,14.628000000000156
70.38,222.4125,1,14.63000000000011
70.1,222.03750000000002,1,14.632000000000062
70.38,221.325,1,14.634000000000015
70.62,221.0625,1,14.635999999999967
70.66,221.175,1,14.63799999999992
70.42,220.6875,1,14.640000000000327
70.34,220.7625,1,14.64200000000028
69.94,220.35,1,14.644000000000233
70.14,221.3625,1,14.646000000000186
70.26,220.2,1,14.648000000000138
69.66,220.35,1,14.650000000000091
69.78,220.46249999999998,1,14.652000000000044
69.58,220.72500000000002,1,14.653999999999996
69.25999999999999,220.6125,1,14.655999999999949
68.98,220.05,1,14.657999999999902
68.5,219.2625,1,14.66000000000031
68.74,219.0,1,14.662000000000262
68.66,219.3,1,14.664000000000215
68.74,218.96249999999998,1,14.666000000000167
68.42,218.25,1,14.66800000000012
69.22,219.075,1,14.670000000000073
68.34,217.2375,1,14.672000000000025
68.62,217.875,1,14.673999999999978
68.53999999999999,216.89999999999998,1,14.67599999999993
68.74000000000001,217.6875,1,14.678000000000338
69.14,216.9375,1,14.680000000000291
69.06,216.03750000000002,1,14.682000000000244
68.86,216.0,1,14.684000000000196
69.02,215.85000000000002,1,14.68600000000015
69.14,215.3625,1,14.688000000000102
68.78,215.4375,1,14.690000000000055
68.42,216.03750000000002,1,14.692000000000007
68.62,214.95,1,14.69399999999996
68.34,214.725,1,14.695999999999913
68.9,214.64999999999998,1,14.69800000000032
68.1,214.91250000000002,1,14.700000000000273
68.34,215.2125,1,14.702000000000226
68.38,214.7625,1,14.704000000000178
68.18,214.1625,1,14.706000000000131
68.1,212.77499999999998,1,14.708000000000084
66.94,212.5875,1,14.710000000000036
67.30000000000001,213.03750000000002,1,14.711999999999989
67.5,212.8875,1,14.713999999999942
67.14,212.2875,1,14.71600000000035
66.98,212.175,1,14.718000000000302
66.62,211.8,1,14.720000000000255
66.9,211.6125,1,14.722000000000207
66.82,211.46249999999998,1,14.72400000000016
66.7,212.1375,1,14.726000000000113
67.42,211.95,1,14.728000000000065
66.62,210.8625,1,14.730000000000018
67.18,211.425,1,14.731999999999971
67.02,210.8625,1,14.733999999999924
67.06,211.3875,1,14.736000000000331
67.38,211.7625,1,14.738000000000284
67.38,210.5625,1,14.740000000000236
67.82,211.875,1,14.74200000000019
68.22,211.35,1,14.744000000000142
67.42,210.89999999999998,1,14.746000000000095
67.62,211.6875,1,14.748000000000047
67.7,211.05,1,14.75
68.18,210.975,1,14.751999999999953
68.06,211.64999999999998,1,14.753999999999905
67.98,212.5875,1,14.756000000000313
68.7,211.5375,1,14.758000000000266
68.02,211.3875,1,14.760000000000218
68.14,211.575,1,14.762000000000171
69.18,211.3875,1,14.764000000000124
68.66,211.7625,1,14.766000000000076
68.94,211.2,1,14.768000000000029
70.06,211.725,1,14.769999999999982
69.18,211.3125,1,14.771999999999935
69.34,211.35000000000002,1,14.774000000000342
69.46000000000001,210.9,1,14.776000000000295
69.18,211.35000000000002,1,14.778000000000247
69.94,211.2375,1,14.7800000000002
69.5,211.0125,1,14.782000000000153
69.53999999999999,211.16250000000002,1,14.784000000000106
68.98,210.7125,1,14.786000000000058
69.7,210.675,1,14.788000000000011
69.58,210.71249999999998,1,14.789999999999964
69.78,210.45,1,14.791999999999916
69.06,210.225,1,14.794000000000324
69.5,210.4125,1,14.796000000000276
69.82,211.8,1,14.79800000000023
69.78,210.75,1,14.800000000000182
69.62,211.08749999999998,1,14.802000000000135
69.46000000000001,211.53750000000002,1,14.804000000000087
69.62,210.825,1,14.80600000000004
69.5,211.0125,1,14.807999999999993
69.66,211.0875,1,14.809999999999945
69.78,210.5625,1,14.811999999999898
70.14,210.3,1,14.814000000000306
70.42,211.16250000000002,1,14.816000000000258
69.82,211.0125,1,14.818000000000211
69.78,210.4125,1,14.820000000000164
69.9,211.125,1,14.822000000000116
70.22,210.825,1,14.82400000000007
70.25999999999999,210.89999999999998,1,14.826000000000022
70.22,210.97500000000002,1,14.827999999999975
70.34,210.22500000000002,1,14.829999999999927
70.14,210.825,1,14.832000000000335
70.1,210.75,1,14.834000000000287
70.62,211.5,1,14.83600000000024
69.82,210.525,1,14.838000000000193
70.46,210.6375,1,14.840000000000146
70.38,210.825,1,14.842000000000098
70.42,211.425,1,14.844000000000051
70.62,211.4625,1,14.846000000000004
70.7,212.0625,1,14.847999999999956
70.66,211.3125,1,14.849999999999909
70.5,211.0125,1,14.852000000000317
71.14,210.52499999999998,1,14.85400000000027
71.22,211.64999999999998,1,14.856000000000222
70.9,211.425,1,14.858000000000175
70.54,211.425,1,14.860000000000127
70.5,211.72500000000002,1,14.86200000000008
70.97999999999999,212.1,1,14.864000000000033
71.34,210.8625,1,14.865999999999985
71.25999999999999,210.8625,1,14.867999999999938
71.42,211.6875,1,14.870000000000346
71.42,211.0875,1,14.872000000000298
71.34,211.46249999999998,1,14.874000000000251
71.46000000000001,211.0125,1,14.876000000000204
71.34,210.8625,1,14.878000000000156
71.66,211.5,1,14.88000000000011
71.18,210.9375,1,14.882000000000062
71.22,210.8625,1,14.884000000000015
71.3,210.9,1,14.885999999999967
71.62,211.125,1,14.88799999999992
71.14,211.16250000000002,1,14.890000000000327
71.7,210.52499999999998,1,14.89200000000028
71.9,211.72500000000002,1,14.894000000000233
71.42,210.975,1,14.896000000000186
71.62,211.0125,1,14.898000000000138
71.69999999999999,211.875,1,14.900000000000091
72.02000000000001,211.125,1,14.902000000000044
72.62,211.6875,1,14.903999999999996
71.82000000000001,211.65,1,14.905999999999949
72.22,211.3125,1,14.907999999999902
72.1,211.725,1,14.91000000000031
71.82,210.9375,1,14.912000000000262
71.9,211.46249999999998,1,14.914000000000215
71.7,211.2,1,14.916000000000167
71.82,211.6125,1,14.91800000000012
72.1,211.35000000000002,1,14.920000000000073
72.1,211.65,1,14.922000000000025
71.82,211.275,1,14.923999999999978
71.62,210.825,1,14.92599999999993
71.98,211.575,1,14.928000000000338
71.82000000000001,210.7875,1,14.930000000000291
71.9,210.78750000000002,1,14.932000000000244
72.42,210.75,1,14.934000000000196
71.94,211.2,1,14.93600000000015
72.14,211.16250000000002,1,14.938000000000102
72.06,209.96249999999998,1,14.940000000000055
71.53999999999999,210.6,1,14.942000000000007
72.1,210.9375,1,14.94399999999996
71.62,211.3125,1,14.945999999999913
71.9,211.0125,1,14.94800000000032
71.7,210.6375,1,14.950000000000273
71.86,211.0125,1,14.952000000000226
71.66,211.6875,1,14.954000000000178
71.78,211.3125,1,14.956000000000131
71.94,211.65,1,14.958000000000084
71.82,211.7625,1,14.960000000000036
71.62,212.175,1,14.961999999999989
71.62,213.5625,1,14.963999999999942
72.22,213.52499999999998,1,14.96600000000035
73.06,213.9375,1,14.968000000000302
75.42,215.1,1,14.970000000000255
80.66,218.1375,1,14.972000000000207
90.34,223.4625,1,14.97400000000016
99.38,227.8875,1,14.976000000000113
113.66,234.6375,1,14.978000000000065
126.22,240.89999999999998,1,14.980000000000018
141.1,248.2875,1,14.981999999999971
154.38,253.3125,1,14.983999999999924
166.54000000000002,258.8625,1,14.986000000000331
178.54,264.0,1,14.988000000000284
187.86,266.5125,1,14.990000000000236
197.94,270.6,1,14.99200000000019
204.82,273.975,1,14.994000000000142
211.7,276.7125,1,14.996000000000095
216.86,280.125,1,14.998000000000047
220.42000000000002,282.975,1,15.0
221.26,283.5,1,15.001999999999953
221.74,283.2375,1,15.003999999999905
220.46,284.0625,1,15.006000000000313
219.57999999999998,283.725,1,15.008000000000266
218.5,281.475,1,15.010000000000218
217.22,282.1125,1,15.012000000000171
216.89999999999998,281.1375,1,15.014000000000124
216.98000000000002,279.48749999999995,1,15.016000000000076
217.66000000000003,280.4625,1,15.018000000000029
217.42000000000002,279.4875,1,15.019999999999982
217.3,280.01250000000005,1,15.021999999999935
217.57999999999998,280.65,1,15.024000000000342
217.01999999999998,278.6625,1,15.026000000000295
217.26,279.975,1,15.028000000000247
217.38,279.15,1,15.0300000000002
216.94,279.2625,1,15.032000000000153
217.1,277.65,1,15.034000000000106
217.38,278.1,1,15.036000000000058
217.57999999999998,277.42499999999995,1,15.038000000000011
217.1,277.7625,1,15.039999999999964
216.7,277.2,1,15.041999999999916
217.18,276.1875,1,15.044000000000324
216.86,275.9625,1,15.046000000000276
217.38,275.88750000000005,1,15.04800000000023
216.54,275.625,1,15.050000000000182
216.78,275.475,1,15.052000000000135
217.22,275.475,1,15.054000000000087
216.86,275.13750000000005,1,15.05600000000004
217.22,274.8375,1,15.057999999999993
217.42000000000002,274.6875,1,15.059999999999945
216.98000000000002,275.2875,1,15.061999999999898
216.86,273.975,1,15.064000000000306
216.98000000000002,274.8375,1,15.066000000000258
217.14,274.4625,1,15.068000000000211
216.82,272.5875,1,15.070000000000164
216.74,273.0,1,15.072000000000116
216.98000000000002,273.86249999999995,1,15.07400000000007
217.01999999999998,273.075,1,15.076000000000022
217.10000000000002,272.25,1,15.077999999999975
216.62,272.54999999999995,1,15.079999999999927
217.06,273.225,1,15.082000000000335
216.89999999999998,273.1875,1,15.084000000000287
216.66000000000003,272.9625,1,15.08600000000024
216.66000000000003,270.75,1,15.088000000000193
216.7,270.9375,1,15.090000000000146
216.98,270.975,1,15.092000000000098
216.78,270.9,1,15.094000000000051
216.89999999999998,270.9,1,15.096000000000004
216.14,270.5625,1,15.097999999999956
216.10000000000002,269.925,1,15.099999999999909
216.57999999999998,270.5625,1,15.102000000000317
216.14,269.85,1,15.10400000000027
216.3,269.70000000000005,1,15.106000000000222
215.82,269.625,1,15.108000000000175
215.94,269.1,1,15.110000000000127
215.7,269.25,1,15.11200000000008
216.02,269.6625,1,15.114000000000033
215.86,269.25,1,15.115999999999985
215.98000000000002,269.54999999999995,1,15.117999999999938
216.34,268.95000000000005,1,15.120000000000346
215.78,269.0625,1,15.122000000000298
215.57999999999998,268.9125,1,15.124000000000251
215.45999999999998,268.6875,1,15.126000000000204
215.66,269.4,1,15.128000000000156
215.38,268.875,1,15.13000000000011
215.46,268.1625,1,15.132000000000062
215.26,267.975,1,15.134000000000015
214.66000000000003,267.7875,1,15.135999999999967
214.5,267.9,1,15.13799999999992
214.7,267.6,1,15.140000000000327
215.01999999999998,267.0,1,15.14200000000028
215.38,267.825,1,15.144000000000233
214.86,267.825,1,15.146000000000186
214.74,267.15,1,15.148000000000138
215.10000000000002,266.55,1,15.150000000000091
214.7,267.4875,1,15.152000000000044
215.06,266.175,1,15.153999999999996
215.06,266.5875,1,15.155999999999949
214.74,266.51250000000005,1,15.157999999999902
214.7,266.2875,1,15.16000000000031
214.94,266.2875,1,15.162000000000262
214.5,265.95000000000005,1,15.164000000000215
214.46,266.1,1,15.166000000000167
214.82,266.325,1,15.16800000000012
214.01999999999998,266.3625,1,15.170000000000073
214.38,265.57500000000005,1,15.172000000000025
214.9,266.2125,1,15.173999999999978
214.33999999999997,265.5,1,15.17599999999993
214.26,265.8,1,15.178000000000338
214.18,265.3875,1,15.180000000000291
214.22,266.0625,1,15.182000000000244
214.9,265.8375,1,15.184000000000196
213.9,265.9125,1,15.18600000000015
213.62,265.725,1,15.188000000000102
214.01999999999998,265.3875,1,15.190000000000055
213.86,265.125,1,15.192000000000007
213.46,265.1625,1,15.19399999999996
213.78,265.4625,1,15.195999999999913
213.5,264.86249999999995,1,15.19800000000032
213.78,265.0875,1,15.200000000000273
214.1,264.4125,1,15.202000000000226
213.86,265.275,1,15.204000000000178
213.78,265.6875,1,15.206000000000131
214.1,265.01250000000005,1,15.208000000000084
213.86,264.8625,1,15.210000000000036
213.98000000000002,265.3875,1,15.211999999999989
213.98000000000002,264.9375,1,15.213999999999942
214.01999999999998,265.425,1,15.21600000000035
214.06,265.425,1,15.218000000000302
213.54000000000002,264.9375,1,15.220000000000255
213.57999999999998,264.45,1,15.222000000000207
214.01999999999998,264.7875,1,15.22400000000016
214.06,264.7125,1,15.226000000000113
213.62,265.275,1,15.228000000000065
213.98000000000002,264.975,1,15.230000000000018
213.82,264.45000000000005,1,15.231999999999971
213.98000000000002,265.6125,1,15.233999999999924
214.14,264.525,1,15.236000000000331
214.10000000000002,264.45000000000005,1,15.238000000000284
213.94,264.9375,1,15.240000000000236
213.98,264.2625,1,15.24200000000019
214.01999999999998,265.0875,1,15.244000000000142
213.45999999999998,264.15,1,15.246000000000095
213.98000000000002,265.0875,1,15.248000000000047
213.57999999999998,264.15,1,15.25
213.57999999999998,264.7875,1,15.251999999999953
213.86,264.525,1,15.253999999999905
213.7,263.4,1,15.256000000000313
213.82,263.92499999999995,1,15.258000000000266
214.26,264.48749999999995,1,15.260000000000218
214.01999999999998,264.45,1,15.262000000000171
213.18,264.29999999999995,1,15.264000000000124
213.94,264.3375,1,15.266000000000076
214.22,263.85,1,15.268000000000029
213.42000000000002,263.8125,1,15.269999999999982
213.7,264.07500000000005,1,15.271999999999935
213.94,264.1875,1,15.274000000000342
213.74,263.475,1,15.276000000000295
214.26,264.075,1,15.278000000000247
214.57999999999998,263.625,1,15.2800000000002
214.02,263.92499999999995,1,15.282000000000153
214.74,263.8125,1,15.284000000000106
214.74,264.15,1,15.286000000000058
214.34,263.55,1,15.288000000000011
214.1,263.7,1,15.289999999999964
214.26,263.1375,1,15.291999999999916
214.45999999999998,263.8875,1,15.294000000000324
215.14,263.7,1,15.296000000000276
214.18,262.9875,1,15.29800000000023
215.22,263.54999999999995,1,15.300000000000182
214.66000000000003,263.7375,1,15.302000000000135
214.94,263.2875,1,15.304000000000087
215.54,263.2125,1,15.30600000000004
215.45999999999998,264.67499999999995,1,15.307999999999993
215.34,263.8125,1,15.309999999999945
215.06,263.8125,1,15.311999999999898
215.38,263.92499999999995,1,15.314000000000306
215.62,264.3,1,15.316000000000258
215.34,264.5625,1,15.318000000000211
216.5,264.7875,1,15.320000000000164
215.06,264.15,1,15.322000000000116
215.74,264.6375,1,15.32400000000007
215.7,264.07500000000005,1,15.326000000000022
215.62,264.5625,1,15.327999999999975
215.98000000000002,264.48749999999995,1,15.329999999999927
215.3,263.6625,1,15.332000000000335
215.22,264.1125,1,15.334000000000287
215.22,263.2875,1,15.33600000000024
215.62,263.6625,1,15.338000000000193
215.06,263.5125,1,15.340000000000146
215.01999999999998,262.6875,1,15.342000000000098
215.18,262.275,1,15.344000000000051
214.9,262.9875,1,15.346000000000004
214.74,262.8375,1,15.347999999999956
215.22,262.8,1,15.349999999999909
214.18,262.5,1,15.352000000000317
214.22,263.0625,1,15.35400000000027
214.86,262.95,1,15.356000000000222
214.3,262.2,1,15.358000000000175
214.3,263.025,1,15.360000000000127
214.62,262.65,1,15.36200000000008
214.3,262.3125,1,15.364000000000033
214.42000000000002,263.25,1,15.365999999999985
214.5,262.76250000000005,1,15.367999999999938
213.86,262.275,1,15.370000000000346
213.9,264.375,1,15.372000000000298
213.9,263.025,1,15.374000000000251
213.98000000000002,263.1,1,15.376000000000204
215.02,262.6875,1,15.378000000000156
215.14,261.1125,1,15.38000000000011
218.7,259.38750000000005,1,15.382000000000062
222.02,256.35,1,15.384000000000015
226.9,250.425,1,15.385999999999967
232.18,244.35000000000002,1,15.38799999999992
237.9,237.41250000000002,1,15.390000000000327
244.54000000000002,232.05,1,15.39200000000028
250.3,227.10000000000002,1,15.394000000000233
256.14,221.1375,1,15.396000000000186
264.22,213.3375,1,15.398000000000138
273.02,210.2625,1,15.400000000000091
280.34000000000003,208.125,1,15.402000000000044
289.22,204.15,1,15.403999999999996
297.9,198.6375,1,15.405999999999949
306.26,192.4875,1,15.407999999999902
314.3,190.425,1,15.41000000000031
320.62,183.9,1,15.412000000000262
327.34000000000003,178.5375,1,15.414000000000215
333.74,172.2375,1,15.416000000000167
338.06,167.58749999999998,1,15.41800000000012
342.98,164.10000000000002,1,15.420000000000073
347.1,159.3,1,15.422000000000025
349.94,156.7875,1,15.423999999999978
350.62,154.4625,1,15.42599999999993
351.46000000000004,151.9875,1,15.428000000000338
352.53999999999996,149.0625,1,15.430000000000291
352.70000000000005,149.55,1,15.432000000000244
352.58000000000004,149.02499999999998,1,15.434000000000196
351.78,150.41250000000002,1,15.43600000000015
351.02,150.9375,1,15.438000000000102
350.98,150.8625,1,15.440000000000055
350.98,150.75,1,15.442000000000007
350.14,150.3,1,15.44399999999996
351.34000000000003,149.625,1,15.445999999999913
350.82,148.6875,1,15.44800000000032
350.94000000000005,150.075,1,15.450000000000273
351.02,148.725,1,15.452000000000226
350.9,148.95,1,15.454000000000178
350.58000000000004,148.6875,1,15.456000000000131
351.62,149.1375,1,15.458000000000084
351.3,147.9375,1,15.460000000000036
351.46000000000004,148.3875,1,15.461999999999989
351.34000000000003,147.3,1,15.463999999999942
350.94,147.225,1,15.46600000000035
351.02,146.85000000000002,1,15.468000000000302
351.5,146.5875,1,15.470000000000255
351.34000000000003,146.4375,1,15.472000000000207
351.18,145.425,1,15.47400000000016
351.3,146.25,1,15.476000000000113
351.53999999999996,145.5,1,15.478000000000065
351.82000000000005,145.6125,1,15.480000000000018
351.42,145.3875,1,15.481999999999971
351.42,144.2625,1,15.483999999999924
351.98,143.775,1,15.486000000000331
351.86,142.95,1,15.488000000000284
352.02,143.325,1,15.490000000000236
352.41999999999996,142.5,1,15.49200000000019
352.5,142.5,1,15.494000000000142
352.26,142.5,1,15.496000000000095
352.42,141.14999999999998,1,15.498000000000047
352.5,141.33749999999998,1,15.5
352.22,140.8875,1,15.501999999999953
352.17999999999995,140.10000000000002,1,15.503999999999905
352.58,140.4,1,15.506000000000313
352.14,140.7375,1,15.508000000000266
352.3,139.0875,1,15.510000000000218
352.54,138.8625,1,15.512000000000171
352.7,139.0875,1,15.514000000000124
352.22,138.41250000000002,1,15.516000000000076
352.62,138.6,1,15.518000000000029
353.17999999999995,138.1125,1,15.519999999999982
353.14,138.22500000000002,1,15.521999999999935
352.5,138.0375,1,15.524000000000342
352.46000000000004,138.225,1,15.526000000000295
352.22,138.15,1,15.528000000000247
352.58,137.7375,1,15.5300000000002
352.18,137.9625,1,15.532000000000153
352.3,136.8375,1,15.534000000000106
352.34000000000003,137.2875,1,15.536000000000058
352.1,136.64999999999998,1,15.538000000000011
352.22,136.72500000000002,1,15.539999999999964
351.82,136.575,1,15.541999999999916
351.65999999999997,137.5125,1,15.544000000000324
351.62,136.425,1,15.546000000000276
351.58000000000004,136.3875,1,15.54800000000023
351.65999999999997,136.53750000000002,1,15.550000000000182
351.5,136.3875,1,15.552000000000135
351.34000000000003,136.6875,1,15.554000000000087
351.38,137.3625,1,15.55600000000004
351.70000000000005,137.025,1,15.557999999999993
351.14,137.1375,1,15.559999999999945
351.34000000000003,138.075,1,15.561999999999898
351.62,137.3625,1,15.564000000000306
351.41999999999996,137.9625,1,15.566000000000258
350.58000000000004,138.14999999999998,1,15.568000000000211
351.5,137.175,1,15.570000000000164
351.14,138.075,1,15.572000000000116
350.86,138.075,1,15.57400000000007
350.86,138.15,1,15.576000000000022
350.53999999999996,138.3375,1,15.577999999999975
351.14,137.39999999999998,1,15.579999999999927
350.82000000000005,137.7375,1,15.582000000000335
350.78,137.8125,1,15.584000000000287
350.86,137.2125,1,15.58600000000024
350.7,137.25,1,15.588000000000193
351.46000000000004,136.3125,1,15.590000000000146
350.9,136.9875,1,15.592000000000098
351.02,136.6125,1,15.594000000000051
350.98,136.125,1,15.596000000000004
350.74,136.3875,1,15.597999999999956
351.14,135.4125,1,15.599999999999909
349.7,135.1875,1,15.602000000000317
345.38,135.15,1,15.60400000000027
340.53999999999996,133.9875,1,15.606000000000222
331.86,132.075,1,15.608000000000175
320.78,132.2625,1,15.610000000000127
309.58000000000004,128.175,1,15.61200000000008
295.5,125.4,1,15.614000000000033
282.38,121.5375,1,15.615999999999985
269.34000000000003,118.1625,1,15.617999999999938
255.5,116.325,1,15.620000000000346
242.78,113.73750000000001,1,15.622000000000298
228.78,112.2,1,15.624000000000251
215.06,111.0375,1,15.626000000000204
200.26,109.6875,1,15.628000000000156
187.5,110.925,1,15.63000000000011
174.18,108.375,1,15.632000000000062
165.22,107.4375,1,15.634000000000015
155.57999999999998,105.6375,1,15.635999999999967
149.3,104.55,1,15.63799999999992
144.74,102.11250000000001,1,15.640000000000327
140.98000000000002,100.57499999999999,1,15.64200000000028
136.38,100.275,1,15.644000000000233
132.02,98.85,1,15.646000000000186
127.34,98.85,1,15.648000000000138
123.06,99.2625,1,15.650000000000091
120.89999999999999,97.98750000000001,1,15.652000000000044
119.9,95.55,1,15.653999999999996
119.14000000000001,93.75,1,15.655999999999949
119.74,93.6,1,15.657999999999902
121.41999999999999,93.75,1,15.66000000000031
122.34,92.625,1,15.662000000000262
122.78,92.4,1,15.664000000000215
123.34,92.625,1,15.666000000000167
122.42,92.175,1,15.66800000000012
123.1,91.65,1,15.670000000000073
122.58,90.7875,1,15.672000000000025
122.5,90.44999999999999,1,15.673999999999978
122.30000000000001,90.6,1,15.67599999999993
122.38,90.15,1,15.678000000000338
122.18,89.775,1,15.680000000000291
122.9,89.92500000000001,1,15.682000000000244
122.5,89.73750000000001,1,15.684000000000196
122.34,89.4375,1,15.68600000000015
122.34,88.1625,1,15.688000000000102
121.46,88.35,1,15.690000000000055
121.34,88.3125,1,15.692000000000007
121.3,87.675,1,15.69399999999996
121.54,87.5625,1,15.695999999999913
121.46,87.7875,1,15.69800000000032
121.58,87.3,1,15.700000000000273
120.74000000000001,86.5875,1,15.702000000000226
121.78,86.51249999999999,1,15.704000000000178
121.02,85.38749999999999,1,15.706000000000131
120.82,84.45,1,15.708000000000084
120.82000000000001,84.525,1,15.710000000000036
120.62,83.775,1,15.711999999999989
119.66,82.0125,1,15.713999999999942
120.30000000000001,82.5375,1,15.71600000000035
120.02000000000001,82.725,1,15.718000000000302
119.7,82.0125,1,15.720000000000255
120.02,81.5625,1,15.722000000000207
119.62,79.5,1,15.72400000000016
119.7,80.4375,1,15.726000000000113
119.06,79.125,1,15.728000000000065
119.46000000000001,79.0125,1,15.730000000000018
119.30000000000001,79.2,1,15.731999999999971
119.5,79.3125,1,15.733999999999924
118.86000000000001,79.575,1,15.736000000000331
118.82000000000001,78.975,1,15.738000000000284
119.1,78.67500000000001,1,15.740000000000236
119.06,79.5,1,15.74200000000019
119.42,79.5375,1,15.744000000000142
119.13999999999999,78.75,1,15.746000000000095
119.02000000000001,78.9,1,15.748000000000047
119.22,78.9,1,15.75
119.1,79.05,1,15.751999999999953
118.86,79.425,1,15.753999999999905
118.18,79.5,1,15.756000000000313
118.62,78.525,1,15.758000000000266
119.14,79.5,1,15.760000000000218
118.62,78.825,1,15.762000000000171
119.62,81.15,1,15.764000000000124
119.41999999999999,79.1625,1,15.766000000000076
118.98,79.425,1,15.768000000000029
118.46000000000001,79.65,1,15.769999999999982
118.38,79.98750000000001,1,15.771999999999935
118.58000000000001,80.775,1,15.774000000000342
118.5,78.67500000000001,1,15.776000000000295
117.66,79.575,1,15.778000000000247
117.62,79.9125,1,15.7800000000002
117.46000000000001,79.3125,1,15.782000000000153
117.7,79.125,1,15.784000000000106
117.34,79.8375,1,15.786000000000058
117.7,79.5375,1,15.788000000000011
117.02,78.9,1,15.789999999999964
117.14,78.2625,1,15.791999999999916
117.38,78.5625,1,15.794000000000324
117.46,77.925,1,15.796000000000276
118.02000000000001,77.475,1,15.79800000000023
117.3,77.1,1,15.800000000000182
117.5,77.625,1,15.802000000000135
117.17999999999999,76.5,1,15.804000000000087
117.7,76.35,1,15.80600000000004
117.3,76.05,1,15.807999999999993
118.06,73.65,1,15.809999999999945
117.94,74.625,1,15.811999999999898
117.9,74.25,1,15.814000000000306
117.98,74.4375,1,15.816000000000258
118.06,73.2375,1,15.818000000000211
118.30000000000001,73.35,1,15.820000000000164
118.34,74.4,1,15.822000000000116
117.66,73.65,1,15.82400000000007
118.38,73.2,1,15.826000000000022
118.46000000000001,74.1375,1,15.827999999999975
118.53999999999999,74.775,1,15.829999999999927
118.18,74.55000000000001,1,15.832000000000335
118.1,74.1,1,15.834000000000287
118.38,74.6625,1,15.83600000000024
118.38,75.1125,1,15.838000000000193
118.3,75.225,1,15.840000000000146
118.66,74.8125,1,15.842000000000098
118.1,76.6125,1,15.844000000000051
118.38,75.26249999999999,1,15.846000000000004
118.5,76.725,1,15.847999999999956
118.78,76.875,1,15.849999999999909
118.58,76.42500000000001,1,15.852000000000317
118.74000000000001,76.42500000000001,1,15.85400000000027
118.66,77.2125,1,15.856000000000222
118.34,76.9125,1,15.858000000000175
118.78,76.725,1,15.860000000000127
118.7,77.13749999999999,1,15.86200000000008
118.89999999999999,77.2125,1,15.864000000000033
119.1,77.4375,1,15.865999999999985
118.94,76.275,1,15.867999999999938
118.53999999999999,76.8,1,15.870000000000346
118.78,75.975,1,15.872000000000298
119.1,76.65,1,15.874000000000251
119.25999999999999,76.80000000000001,1,15.876000000000204
118.66,75.9,1,15.878000000000156
119.22,75.375,1,15.88000000000011
119.38,75.7875,1,15.882000000000062
118.98,75.075,1,15.884000000000015
119.62,75.825,1,15.885999999999967
119.3,75.0,1,15.88799999999992
119.46,74.7,1,15.890000000000327
120.58,74.4375,1,15.89200000000028
120.46000000000001,74.2875,1,15.894000000000233
120.3,74.25,1,15.896000000000186
119.86,74.0625,1,15.898000000000138
119.14,74.175,1,15.900000000000091
117.74000000000001,74.4,1,15.902000000000044
114.86,74.88749999999999,1,15.903999999999996
110.38,73.5375,1,15.905999999999949
103.5,73.95,1,15.907999999999902
96.66,72.75,1,15.91000000000031
89.25999999999999,72.3375,1,15.912000000000262
81.3,72.375,1,15.914000000000215
75.9,72.45,1,15.916000000000167
70.5,74.4,1,15.91800000000012
64.38,76.05,1,15.920000000000073
60.54,75.9375,1,15.922000000000025
56.38,75.75,1,15.923999999999978
52.78,78.1125,1,15.92599999999993
50.22,77.5875,1,15.928000000000338
48.46,78.15,1,15.930000000000291
47.66,78.67500000000001,1,15.932000000000244
47.019999999999996,79.425,1,15.934000000000196
47.7,78.675,1,15.93600000000015
48.58,78.7125,1,15.938000000000102
49.7,79.80000000000001,1,15.940000000000055
50.26,79.35,1,15.942000000000007
49.5,79.1625,1,15.94399999999996
50.82,79.01249999999999,1,15.945999999999913
50.06,78.4875,1,15.94800000000032
50.26,78.1875,1,15.950000000000273
50.620000000000005,77.7375,1,15.952000000000226
50.7,76.98750000000001,1,15.954000000000178
50.9,76.9875,1,15.956000000000131
50.22,77.5875,1,15.958000000000084
50.42,76.65,1,15.960000000000036
50.58,76.1625,1,15.961999999999989
49.900000000000006,75.525,1,15.963999999999942
49.74,75.0375,1,15.96600000000035
50.019999999999996,74.4375,1,15.968000000000302
49.82,75.2625,1,15.970000000000255
50.14,73.8,1,15.972000000000207
48.980000000000004,72.5625,1,15.97400000000016
49.42,72.82499999999999,1,15.976000000000113
48.98,73.42500000000001,1,15.978000000000065
49.14,71.2875,1,15.980000000000018
49.14,72.0,1,15.981999999999971
48.7,71.0625,1,15.983999999999924
48.7,71.475,1,15.986000000000331
49.66,70.95,1,15.988000000000284
49.18,70.6125,1,15.990000000000236
48.94,71.175,1,15.99200000000019
48.7,71.92500000000001,1,15.994000000000142
49.019999999999996,72.2625,1,15.996000000000095
49.099999999999994,72.3375,1,15.998000000000047
49.22,72.6,1,16.0
49.42,72.9375,1,16.001999999999953
49.980000000000004,72.7875,1,16.003999999999905
48.900000000000006,73.57499999999999,1,16.006000000000313
48.82,73.42500000000001,1,16.008000000000266
49.14,74.325,1,16.01000000000022
49.7,72.7875,1,16.01200000000017
49.5,74.475,1,16.014000000000124
49.86,74.025,1,16.016000000000076
50.26,74.3625,1,16.01800000000003
49.099999999999994,74.4,1,16.019999999999982
49.54,73.8375,1,16.021999999999935
49.42,73.425,1,16.024000000000342
49.34,74.5875,1,16.026000000000295
49.94,73.9125,1,16.028000000000247
50.34,73.5375,1,16.0300000000002
49.5,73.0125,1,16.032000000000153
49.900000000000006,73.0875,1,16.034000000000106
49.54,73.275,1,16.036000000000058
49.620000000000005,72.1125,1,16.03800000000001
49.459999999999994,71.32499999999999,1,16.039999999999964
49.58,71.1375,1,16.041999999999916
49.22,71.3625,1,16.044000000000324
50.22,70.875,1,16.046000000000276
49.82,70.9875,1,16.04800000000023
50.06,70.425,1,16.050000000000182
49.66,70.875,1,16.052000000000135
50.099999999999994,70.8375,1,16.054000000000087
49.86,71.4375,1,16.05600000000004
50.06,71.1,1,16.057999999999993
49.9,70.425,1,16.059999999999945
49.5,70.2375,1,16.061999999999898
50.34,70.275,1,16.064000000000306
49.78,71.025,1,16.06600000000026
50.019999999999996,70.875,1,16.06800000000021
50.22,69.825,1,16.070000000000164
50.3,70.8375,1,16.072000000000116
50.099999999999994,70.8,1,16.07400000000007
50.1,70.6875,1,16.076000000000022
50.62,70.35,1,16.077999999999975
50.099999999999994,70.8,1,16.079999999999927
50.46,69.825,1,16.082000000000335
50.22,70.3875,1,16.084000000000287
49.82,71.325,1,16.08600000000024
50.46,71.3625,1,16.088000000000193
50.66,70.125,1,16.090000000000146
50.14,70.0875,1,16.0920000000001
49.980000000000004,70.875,1,16.09400000000005
50.260000000000005,70.5,1,16.096000000000004
50.3,70.35,1,16.097999999999956
50.34,70.125,1,16.09999999999991
50.54,69.75,1,16.102000000000317
50.38,70.3125,1,16.10400000000027
50.78,70.1625,1,16.106000000000222
50.7,70.42500000000001,1,16.108000000000175
50.58,71.025,1,16.110000000000127
50.540000000000006,70.6875,1,16.11200000000008
50.459999999999994,70.425,1,16.114000000000033
50.74,70.35,1,16.115999999999985
50.620000000000005,71.0625,1,16.117999999999938
50.86,69.975,1,16.120000000000346
50.1,70.23750000000001,1,16.1220000000003
51.22,70.35,1,16.12400000000025
50.42,70.3875,1,16.126000000000204
51.22,69.6,1,16.128000000000156
50.78,69.6375,1,16.13000000000011
50.18,69.8625,1,16.132000000000062
51.3,70.0125,1,16.134000000000015
50.980000000000004,69.3,1,16.135999999999967
50.74,68.9625,1,16.13799999999992
51.18,69.2625,1,16.140000000000327
50.5,68.9625,1,16.14200000000028
50.9,68.475,1,16.144000000000233
50.739999999999995,69.5625,1,16.146000000000186
50.54,68.8125,1,16.14800000000014
50.34,68.2125,1,16.15000000000009
50.78,68.25,1,16.152000000000044
50.66,69.1125,1,16.153999999999996
50.98,69.0,1,16.15599999999995
50.9,68.6625,1,16.1579999999999
52.18,69.3375,1,16.16000000000031
54.14,69.6,1,16.162000000000262
59.379999999999995,70.2375,1,16.164000000000215
67.66,72.1875,1,16.166000000000167
78.86000000000001,72.075,1,16.16800000000012
93.46000000000001,74.2125,1,16.170000000000073
109.97999999999999,76.2375,1,16.172000000000025
129.5,82.35,1,16.173999999999978
149.06,85.5375,1,16.17599999999993
169.5,86.625,1,16.17800000000034
191.62,88.9125,1,16.18000000000029
214.06,90.5625,1,16.182000000000244
236.78,94.725,1,16.184000000000196
258.9,98.475,1,16.18600000000015
281.9,103.05,1,16.188000000000102
303.18,105.825,1,16.190000000000055
322.46,108.3375,1,16.192000000000007
342.26,110.55,1,16.19399999999996
359.98,112.91250000000001,1,16.195999999999913
376.74,113.1375,1,16.19800000000032
392.82,115.3875,1,16.200000000000273
406.65999999999997,115.2375,1,16.202000000000226
421.02,115.275,1,16.20400000000018
431.98,114.825,1,16.20600000000013
441.82,114.225,1,16.208000000000084
449.58000000000004,113.25,1,16.210000000000036
455.82,111.45,1,16.21199999999999
459.9,109.4625,1,16.213999999999942
459.38,108.6375,1,16.21600000000035
459.42,106.425,1,16.218000000000302
458.34000000000003,106.1625,1,16.220000000000255
457.78,105.2625,1,16.222000000000207
456.78,104.5875,1,16.22400000000016
456.74,104.475,1,16.226000000000113
456.58000000000004,104.25,1,16.228000000000065
457.34000000000003,104.2125,1,16.230000000000018
456.62,105.3375,1,16.23199999999997
456.58000000000004,104.9625,1,16.233999999999924
456.38,104.8125,1,16.23600000000033
456.42,104.775,1,16.238000000000284
456.38,104.4375,1,16.240000000000236
456.98,104.4375,1,16.24200000000019
457.06,104.4,1,16.244000000000142
456.94,103.9125,1,16.246000000000095
457.18,103.9125,1,16.248000000000047
457.3,103.7625,1,16.25
457.53999999999996,103.125,1,16.251999999999953
457.53999999999996,103.05000000000001,1,16.253999999999905
457.9,102.48750000000001,1,16.256000000000313
458.22,101.92500000000001,1,16.258000000000266
457.86,102.0375,1,16.26000000000022
458.18,101.36250000000001,1,16.26200000000017
458.65999999999997,101.55000000000001,1,16.264000000000124
458.22,101.2875,1,16.266000000000076
458.34000000000003,101.2875,1,16.26800000000003
458.62,100.875,1,16.269999999999982
458.74,100.725,1,16.271999999999935
459.1,100.3875,1,16.274000000000342
458.9,99.975,1,16.276000000000295
459.70000000000005,99.225,1,16.278000000000247
459.5,98.9625,1,16.2800000000002
459.46000000000004,98.2875,1,16.282000000000153
459.7,97.65,1,16.284000000000106
460.17999999999995,98.2875,1,16.286000000000058
460.65999999999997,97.35,1,16.28800000000001
460.06,97.23750000000001,1,16.289999999999964
460.46000000000004,97.5375,1,16.291999999999916
460.58000000000004,96.4875,1,16.294000000000324
460.70000000000005,96.7125,1,16.296000000000276
460.22,96.525,1,16.29800000000023
460.5,96.0,1,16.300000000000182
460.58000000000004,95.9625,1,16.302000000000135
460.94,95.88749999999999,1,16.304000000000087
460.94,96.0375,1,16.30600000000004
460.74,95.36250000000001,1,16.307999999999993
460.58,94.0875,1,16.309999999999945
460.5,94.9125,1,16.311999999999898
460.9,94.5,1,16.314000000000306
460.70000000000005,94.19999999999999,1,16.31600000000026
460.26,93.6,1,16.31800000000021
460.34000000000003,93.15,1,16.320000000000164
460.22,93.75,1,16.322000000000116
459.98,92.55,1,16.32400000000007
460.65999999999997,92.4375,1,16.326000000000022
459.62,92.17500000000001,1,16.327999999999975
459.46000000000004,92.2125,1,16.329999999999927
460.65999999999997,91.4625,1,16.332000000000335
459.53999999999996,91.94999999999999,1,16.334000000000287
460.38,91.725,1,16.33600000000024
460.14,91.7625,1,16.338000000000193
459.94,91.05,1,16.340000000000146
460.14,91.6875,1,16.3420000000001
460.18,91.01249999999999,1,16.34400000000005
459.70000000000005,91.725,1,16.346000000000004
459.86,92.2875,1,16.347999999999956
460.38,92.1,1,16.34999999999991
460.5,92.1,1,16.352000000000317
460.5,92.2875,1,16.35400000000027
460.38,92.1,1,16.356000000000222
460.26,92.25,1,16.358000000000175
460.3,92.3625,1,16.360000000000127
459.5,92.4375,1,16.36200000000008
460.02,91.65,1,16.364000000000033
460.34000000000003,91.5,1,16.365999999999985
459.78,91.1625,1,16.367999999999938
460.06,91.8375,1,16.370000000000346
460.46000000000004,91.0875,1,16.3720000000003
460.02,91.0875,1,16.37400000000025
460.41999999999996,90.45,1,16.376000000000204
460.65999999999997,89.88749999999999,1,16.378000000000156
460.38,90.15,1,16.38000000000011
460.38,90.07499999999999,1,16.382000000000062
460.65999999999997,89.85,1,16.384000000000015
461.14,88.4625,1,16.385999999999967
460.26,87.9375,1,16.38799999999992
460.82,88.8375,1,16.390000000000327
460.54,87.0,1,16.39200000000028
460.46000000000004,86.4,1,16.394000000000233
460.9,85.8375,1,16.396000000000186
460.41999999999996,85.3875,1,16.39800000000014
460.7,85.125,1,16.40000000000009
460.1,85.0125,1,16.402000000000044
460.58000000000004,84.975,1,16.403999999999996
461.14,83.7,1,16.40599999999995
460.42,83.025,1,16.4079999999999
461.38,83.775,1,16.41000000000031
461.18,83.25,1,16.412000000000262
460.78,83.4375,1,16.414000000000215
461.26,84.07499999999999,1,16.416000000000167
460.86,82.725,1,16.41800000000012
461.26,83.6625,1,16.420000000000073
461.46,84.26249999999999,1,16.422000000000025
461.14,84.525,1,16.423999999999978
461.34000000000003,85.0125,1,16.42599999999993
461.42,84.975,1,16.42800000000034
461.3,86.4375,1,16.43000000000029
461.34000000000003,85.9125,1,16.432000000000244
461.41999999999996,86.025,1,16.434000000000196
462.02,86.625,1,16.43600000000015
461.98,87.1875,1,16.438000000000102
462.22,86.5125,1,16.440000000000055
462.34000000000003,87.3,1,16.442000000000007
462.29999999999995,88.6125,1,16.44399999999996
462.06,86.51249999999999,1,16.445999999999913
461.82,88.425,1,16.44800000000032
462.1,88.0125,1,16.450000000000273
462.65999999999997,87.75,1,16.452000000000226
462.22,87.63749999999999,1,16.45400000000018
462.42,86.0625,1,16.45600000000013
462.22,86.85,1,16.458000000000084
463.06,86.4,1,16.460000000000036
462.42,85.575,1,16.46199999999999
462.14,85.6875,1,16.463999999999942
462.42,84.825,1,16.46600000000035
462.62,84.225,1,16.468000000000302
462.22,83.6625,1,16.470000000000255
462.14,83.625,1,16.472000000000207
461.74,82.3875,1,16.47400000000016
462.22,82.05,1,16.476000000000113
462.22,81.9,1,16.478000000000065
462.3,81.7875,1,16.480000000000018
461.42,81.525,1,16.48199999999997
461.5,81.5625,1,16.483999999999924
461.5,80.85,1,16.48600000000033
461.34000000000003,80.7,1,16.488000000000284
461.78,80.4375,1,16.490000000000236
461.74,81.1125,1,16.49200000000019
461.46000000000004,80.51249999999999,1,16.494000000000142
461.29999999999995,80.4375,1,16.496000000000095
461.94,80.17500000000001,1,16.498000000000047
461.98,80.025,1,16.5
461.41999999999996,80.4,1,16.501999999999953
461.02,79.575,1,16.503999999999905
461.42,80.36250000000001,1,16.506000000000313
462.14,80.2875,1,16.508000000000266
461.18,81.15,1,16.51000000000022
461.14,81.15,1,16.51200000000017
462.22,80.625,1,16.514000000000124
461.34,81.3375,1,16.516000000000076
461.98,81.4125,1,16.51800000000003
461.98,81.11250000000001,1,16.519999999999982
461.65999999999997,81.45,1,16.521999999999935
462.06,81.1875,1,16.524000000000342
461.62,81.7875,1,16.526000000000295
462.1,82.05,1,16.528000000000247
462.17999999999995,81.975,1,16.5300000000002
462.02,82.05,1,16.532000000000153
462.34,81.45,1,16.534000000000106
462.06,82.6875,1,16.536000000000058
461.78,81.8625,1,16.53800000000001
462.62,81.975,1,16.539999999999964
461.98,82.3125,1,16.541999999999916
462.53999999999996,81.63749999999999,1,16.544000000000324
462.62,82.2375,1,16.546000000000276
462.86,81.48750000000001,1,16.54800000000023
462.9,81.9,1,16.550000000000182
462.42,82.275,1,16.552000000000135
462.86,81.3375,1,16.554000000000087
462.65999999999997,81.675,1,16.55600000000004
462.65999999999997,82.05,1,16.557999999999993
462.26,82.57499999999999,1,16.559999999999945
462.58000000000004,82.425,1,16.561999999999898
462.78,82.65,1,16.564000000000306
462.98,82.5375,1,16.56600000000026
463.02,82.6875,1,16.56800000000021
463.86,83.25,1,16.570000000000164
465.1,84.11250000000001,1,16.572000000000116
469.22,85.3125,1,16.57400000000007
475.46000000000004,88.0125,1,16.576000000000022
483.62,89.85,1,16.577999999999975
491.94,92.7,1,16.579999999999927
502.41999999999996,93.4875,1,16.582000000000335
511.70000000000005,95.1375,1,16.584000000000287
521.98,95.175,1,16.58600000000024
530.22,97.65,1,16.588000000000193
540.94,101.175,1,16.590000000000146
550.4200000000001,103.1625,1,16.5920000000001
559.9,105.975,1,16.59400000000005
568.94,109.2375,1,16.596000000000004
576.46,110.85,1,16.597999999999956
584.06,113.1375,1,16.59999999999991
590.1,115.05,1,16.602000000000317
593.7,116.8125,1,16.60400000000027
595.7,119.0625,1,16.606000000000222
597.86,120.1875,1,16.608000000000175
597.5799999999999,120.1875,1,16.610000000000127
597.3,120.5625,1,16.61200000000008
596.22,119.55,1,16.614000000000033
594.94,118.95,1,16.615999999999985
594.6199999999999,117.7875,1,16.617999999999938
594.06,117.15,1,16.620000000000346
594.26,118.0875,1,16.6220000000003
594.06,116.4,1,16.62400000000025
594.26,117.3,1,16.626000000000204
594.5,118.0875,1,16.628000000000156
593.98,118.61250000000001,1,16.63000000000011
594.06,118.5375,1,16.632000000000062
594.3,117.975,1,16.634000000000015
594.22,118.575,1,16.635999999999967
594.66,118.83749999999999,1,16.63799999999992
594.58,117.15,1,16.640000000000327
594.94,118.5,1,16.64200000000028
594.8199999999999,118.38749999999999,1,16.644000000000233
594.66,116.4375,1,16.646000000000186
595.06,115.95,1,16.64800000000014
595.46,116.1375,1,16.65000000000009
595.54,115.19999999999999,1,16.652000000000044
596.06,115.0875,1,16.653999999999996
595.8599999999999,114.15,1,16.65599999999995
595.98,114.0,1,16.6579999999999
595.4200000000001,113.7375,1,16.66000000000031
596.46,112.65,1,16.662000000000262
596.4200000000001,112.80000000000001,1,16.664000000000215
596.3,113.2875,1,16.666000000000167
596.06,112.0875,1,16.66800000000012
596.1400000000001,112.65,1,16.670000000000073
596.78,112.38749999999999,1,16.672000000000025
596.62,111.5625,1,16.673999999999978
596.8199999999999,112.6125,1,16.67599999999993
597.06,112.5375,1,16.67800000000034
596.5799999999999,111.3,1,16.68000000000029
596.78,111.825,1,16.682000000000244
596.7,111.5625,1,16.684000000000196
597.42,111.15,1,16.68600000000015
597.02,111.67500000000001,1,16.688000000000102
597.1,111.9375,1,16.690000000000055
597.06,111.3375,1,16.692000000000007
596.1800000000001,110.9625,1,16.69399999999996
597.02,110.7375,1,16.695999999999913
596.26,110.5875,1,16.69800000000032
596.94,109.95,1,16.700000000000273
597.4200000000001,109.94999999999999,1,16.702000000000226
596.9000000000001,110.25,1,16.70400000000018
597.22,110.5875,1,16.70600000000013
598.02,109.05,1,16.708000000000084
597.26,110.1375,1,16.710000000000036
597.62,109.725,1,16.71199999999999
597.02,109.275,1,16.713999999999942
597.42,110.025,1,16.71600000000035
597.54,109.38749999999999,1,16.718000000000302
597.5799999999999,110.175,1,16.720000000000255
597.1,110.4,1,16.722000000000207
597.9,110.51249999999999,1,16.72400000000016
597.5,110.55,1,16.726000000000113
597.1800000000001,109.8,1,16.728000000000065
597.22,110.025,1,16.730000000000018
597.5,110.175,1,16.73199999999997
598.3399999999999,110.1,1,16.733999999999924
597.9000000000001,110.25,1,16.73600000000033
597.8199999999999,110.3625,1,16.738000000000284
597.5,110.55,1,16.740000000000236
597.34,109.9875,1,16.74200000000019
598.38,109.76249999999999,1,16.744000000000142
598.06,108.975,1,16.746000000000095
598.46,109.5,1,16.748000000000047
598.4200000000001,109.42500000000001,1,16.75
597.94,109.125,1,16.751999999999953
599.1800000000001,108.825,1,16.753999999999905
598.98,108.375,1,16.756000000000313
598.74,108.1875,1,16.758000000000266
599.26,108.82499999999999,1,16.76000000000022
598.74,109.425,1,16.76200000000017
598.98,108.30000000000001,1,16.764000000000124
598.62,109.125,1,16.766000000000076
598.14,108.6,1,16.76800000000003
599.4200000000001,108.67500000000001,1,16.769999999999982
599.1800000000001,108.0,1,16.771999999999935
599.1800000000001,107.775,1,16.774000000000342
598.62,109.275,1,16.776000000000295
599.38,108.825,1,16.778000000000247
599.1,107.88749999999999,1,16.7800000000002
598.34,108.44999999999999,1,16.782000000000153
598.8599999999999,108.1875,1,16.784000000000106
598.3,107.85,1,16.786000000000058
598.62,108.3375,1,16.78800000000001
598.34,107.25,1,16.789999999999964
598.4200000000001,107.025,1,16.791999999999916
598.26,107.85,1,16.794000000000324
598.1800000000001,107.55,1,16.796000000000276
598.46,106.80000000000001,1,16.79800000000023
597.98,107.5125,1,16.800000000000182
598.06,106.3875,1,16.802000000000135
597.82,107.0625,1,16.804000000000087
598.06,107.025,1,16.80600000000004
598.26,106.275,1,16.807999999999993
598.3,106.35,1,16.809999999999945
597.78,106.6125,1,16.811999999999898
598.02,107.025,1,16.814000000000306
598.3,106.725,1,16.81600000000026
597.7,106.5375,1,16.81800000000021
598.1400000000001,106.9125,1,16.820000000000164
598.42,105.825,1,16.822000000000116
598.22,106.3125,1,16.82400000000007
598.06,106.3875,1,16.826000000000022
598.38,106.1625,1,16.827999999999975
597.94,107.1,1,16.829999999999927
598.62,106.9125,1,16.832000000000335
598.4200000000001,106.2375,1,16.834000000000287
598.34,106.98750000000001,1,16.83600000000024
598.3,107.1375,1,16.838000000000193
598.5,107.25,1,16.840000000000146
598.3,107.25,1,16.8420000000001
597.98,107.325,1,16.84400000000005
599.02,106.5,1,16.846000000000004
598.74,107.85,1,16.847999999999956
598.62,107.5125,1,16.84999999999991
599.5,107.625,1,16.852000000000317
598.8199999999999,107.6625,1,16.85400000000027
599.22,107.0625,1,16.856000000000222
599.22,107.625,1,16.858000000000175
599.5,108.1125,1,16.860000000000127
599.5,108.825,1,16.86200000000008
599.26,107.5125,1,16.864000000000033
599.38,107.7375,1,16.865999999999985
599.3399999999999,107.2875,1,16.867999999999938
599.5,106.7625,1,16.870000000000346
599.94,107.51249999999999,1,16.8720000000003
599.98,108.225,1,16.87400000000025
599.94,107.5875,1,16.876000000000204
599.78,108.67500000000001,1,16.878000000000156
600.02,107.4375,1,16.88000000000011
600.06,107.85,1,16.882000000000062
599.78,106.9125,1,16.884000000000015
600.5,107.32499999999999,1,16.885999999999967
600.34,107.1,1,16.88799999999992
599.94,106.875,1,16.890000000000327
600.22,107.85,1,16.89200000000028
599.9,107.1,1,16.894000000000233
599.66,105.8625,1,16.896000000000186
599.98,107.2875,1,16.89800000000014
600.18,106.65,1,16.90000000000009
599.9,106.725,1,16.902000000000044
600.0999999999999,107.325,1,16.903999999999996
599.26,107.17500000000001,1,16.90599999999995
599.62,105.825,1,16.9079999999999
600.5,107.025,1,16.91000000000031
600.3399999999999,106.9125,1,16.912000000000262
599.6600000000001,106.0875,1,16.914000000000215
600.22,108.225,1,16.916000000000167
599.86,108.3,1,16.91800000000012
599.66,108.0375,1,16.920000000000073
599.8199999999999,108.07499999999999,1,16.922000000000025
600.22,108.375,1,16.923999999999978
599.78,108.375,1,16.92599999999993
600.46,107.7375,1,16.92800000000034
599.94,108.6,1,16.93000000000029
599.46,108.375,1,16.932000000000244
599.98,109.3125,1,16.934000000000196
599.8199999999999,108.7875,1,16.93600000000015
599.54,109.3875,1,16.938000000000102
600.3,109.725,1,16.940000000000055
601.3399999999999,110.4375,1,16.942000000000007
603.58,112.42500000000001,1,16.94399999999996
607.5799999999999,114.7125,1,16.945999999999913
612.02,115.01249999999999,1,16.94800000000032
618.86,116.6625,1,16.950000000000273
627.22,116.8875,1,16.952000000000226
636.3399999999999,115.98750000000001,1,16.95400000000018
645.66,115.65,1,16.95600000000013
656.38,117.225,1,16.958000000000084
665.1800000000001,117.3,1,16.960000000000036
676.98,118.53750000000001,1,16.96199999999999
684.9,121.35,1,16.963999999999942
695.5799999999999,121.125,1,16.96600000000035
704.8199999999999,122.36250000000001,1,16.968000000000302
714.22,123.9375,1,16.970000000000255
724.46,124.2,1,16.972000000000207
733.74,124.2375,1,16.97400000000016
743.54,124.65,1,16.976000000000113
749.94,125.2875,1,16.978000000000065
757.38,126.0,1,16.980000000000018
763.42,126.4875,1,16.98199999999997
770.26,126.075,1,16.983999999999924
775.02,127.0875,1,16.98600000000033
779.18,126.9,1,16.988000000000284
779.94,125.8125,1,16.990000000000236
781.06,125.55000000000001,1,16.99200000000019
779.94,124.425,1,16.994000000000142
779.5799999999999,124.2,1,16.996000000000095
778.58,124.6875,1,16.998000000000047
777.8199999999999,124.8,1,17.0
777.14,124.725,1,17.001999999999953
776.86,123.75,1,17.003999999999905
776.14,124.3875,1,17.006000000000313
776.34,124.2375,1,17.008000000000266
775.5799999999999,124.57499999999999,1,17.01000000000022
776.26,123.7875,1,17.01200000000017
775.94,124.53750000000001,1,17.014000000000124
776.02,125.85,1,17.016000000000076
776.66,124.275,1,17.01800000000003
776.5,124.6125,1,17.019999999999982
777.0999999999999,124.2,1,17.021999999999935
776.94,124.0125,1,17.024000000000342
777.7,123.41250000000001,1,17.026000000000295
778.1,123.975,1,17.028000000000247
777.86,123.7875,1,17.0300000000002
776.98,122.66250000000001,1,17.032000000000153
778.1,123.15,1,17.034000000000106
778.3,121.5375,1,17.036000000000058
777.8199999999999,121.38749999999999,1,17.03800000000001
778.86,121.65,1,17.039999999999964
778.1800000000001,120.9,1,17.041999999999916
778.94,120.9,1,17.044000000000324
778.94,121.80000000000001,1,17.046000000000276
778.94,120.75,1,17.04800000000023
778.78,120.26249999999999,1,17.050000000000182
778.9000000000001,120.075,1,17.052000000000135
778.7,120.075,1,17.054000000000087
779.26,120.3,1,17.05600000000004
779.0999999999999,120.67500000000001,1,17.057999999999993
779.3399999999999,119.69999999999999,1,17.059999999999945
779.26,119.69999999999999,1,17.061999999999898
779.22,119.0625,1,17.064000000000306
779.26,119.625,1,17.06600000000026
779.54,119.325,1,17.06800000000021
779.5799999999999,119.5125,1,17.070000000000164
778.8199999999999,119.7375,1,17.072000000000116
779.02,119.7375,1,17.07400000000007
779.26,118.4625,1,17.076000000000022
779.26,118.95,1,17.077999999999975
779.8199999999999,118.38749999999999,1,17.079999999999927
780.1,118.19999999999999,1,17.082000000000335
779.98,116.9625,1,17.084000000000287
780.22,117.0,1,17.08600000000024
780.22,117.525,1,17.088000000000193
780.1,116.475,1,17.090000000000146
780.94,116.8875,1,17.0920000000001
781.02,116.3625,1,17.09400000000005
781.06,115.875,1,17.096000000000004
781.9,115.0875,1,17.097999999999956
781.6600000000001,115.725,1,17.09999999999991
782.38,115.9875,1,17.102000000000317
781.5,115.42500000000001,1,17.10400000000027
781.1400000000001,115.575,1,17.106000000000222
781.94,114.525,1,17.108000000000175
782.3,114.675,1,17.110000000000127
782.38,114.7125,1,17.11200000000008
781.74,114.15,1,17.114000000000033
781.62,115.27499999999999,1,17.115999999999985
781.9,114.97500000000001,1,17.117999999999938
781.98,114.0375,1,17.120000000000346
782.0999999999999,114.9,1,17.1220000000003
782.46,115.4625,1,17.12400000000025
781.7,115.125,1,17.126000000000204
782.74,114.75,1,17.128000000000156
782.6600000000001,115.35,1,17.13000000000011
782.46,114.78750000000001,1,17.132000000000062
781.98,115.725,1,17.134000000000015
782.1800000000001,115.2,1,17.135999999999967
782.38,115.64999999999999,1,17.13799999999992
782.1400000000001,115.5375,1,17.140000000000327
782.26,116.325,1,17.14200000000028
782.66,115.2375,1,17.144000000000233
782.3,115.275,1,17.146000000000186
782.14,115.2375,1,17.14800000000014
782.5,114.5625,1,17.15000000000009
781.98,114.8625,1,17.152000000000044
781.98,114.525,1,17.153999999999996
782.1800000000001,114.63749999999999,1,17.15599999999995
782.1800000000001,114.6375,1,17.1579999999999
781.7,114.375,1,17.16000000000031
782.3,114.7125,1,17.162000000000262
782.46,115.275,1,17.164000000000215
781.78,114.22500000000001,1,17.166000000000167
781.98,114.30000000000001,1,17.16800000000012
782.0999999999999,114.6,1,17.170000000000073
782.1,114.75,1,17.172000000000025
781.82,115.0125,1,17.173999999999978
781.86,115.01249999999999,1,17.17599999999993
781.7,114.525,1,17.17800000000034
781.6600000000001,114.825,1,17.18000000000029
781.5799999999999,115.0125,1,17.182000000000244
782.06,115.38749999999999,1,17.184000000000196
781.5,115.3125,1,17.18600000000015
781.4200000000001,115.5375,1,17.188000000000102
781.6600000000001,114.6,1,17.190000000000055
781.82,113.9625,1,17.192000000000007
781.26,114.07499999999999,1,17.19399999999996
781.18,114.5625,1,17.195999999999913
781.06,114.825,1,17.19800000000032
780.8199999999999,114.7125,1,17.200000000000273
780.98,113.775,1,17.202000000000226
780.98,113.6625,1,17.20400000000018
780.98,113.55,1,17.20600000000013
781.14,114.225,1,17.208000000000084
780.9,113.475,1,17.210000000000036
781.02,112.95,1,17.21199999999999
780.9,112.8,1,17.213999999999942
781.02,112.35,1,17.21600000000035
781.14,112.65,1,17.218000000000302
780.54,112.35,1,17.220000000000255
780.8199999999999,112.3125,1,17.222000000000207
780.46,111.975,1,17.22400000000016
780.42,112.1625,1,17.226000000000113
780.5799999999999,112.425,1,17.228000000000065
780.6600000000001,112.0875,1,17.230000000000018
780.54,111.82499999999999,1,17.23199999999997
780.98,112.1625,1,17.233999999999924
780.58,112.4625,1,17.23600000000033
780.26,113.475,1,17.238000000000284
780.1800000000001,113.55,1,17.240000000000236
779.5,113.36250000000001,1,17.24200000000019
779.34,112.9875,1,17.244000000000142
780.22,114.9375,1,17.246000000000095
780.02,114.9,1,17.248000000000047
779.7,114.9,1,17.25
779.78,115.7625,1,17.251999999999953
779.22,116.1375,1,17.253999999999905
779.0999999999999,115.8375,1,17.256000000000313
778.5,116.13749999999999,1,17.258000000000266
779.06,115.7625,1,17.26000000000022
779.0999999999999,115.6125,1,17.26200000000017
778.46,116.3625,1,17.264000000000124
778.54,115.9125,1,17.266000000000076
778.26,115.8375,1,17.26800000000003
779.02,115.575,1,17.269999999999982
778.54,115.275,1,17.271999999999935
778.7,114.6375,1,17.274000000000342
778.1800000000001,115.125,1,17.276000000000295
778.9,114.30000000000001,1,17.278000000000247
778.5799999999999,114.0,1,17.2800000000002
778.5,114.1125,1,17.282000000000153
778.5,112.8,1,17.284000000000106
778.7,113.1,1,17.286000000000058
778.22,113.25,1,17.28800000000001
778.74,113.32499999999999,1,17.289999999999964
778.26,113.17500000000001,1,17.291999999999916
778.9000000000001,113.5875,1,17.294000000000324
778.5799999999999,112.8,1,17.296000000000276
778.6600000000001,112.7625,1,17.29800000000023
779.26,112.7625,1,17.300000000000182
778.22,112.65,1,17.302000000000135
778.54,112.61250000000001,1,17.304000000000087
778.5,113.1375,1,17.30600000000004
778.1,113.775,1,17.307999999999993
778.4200000000001,113.325,1,17.309999999999945
778.3399999999999,113.6625,1,17.311999999999898
778.54,113.4,1,17.314000000000306
778.14,113.9625,1,17.31600000000026
778.5,114.075,1,17.31800000000021
778.86,114.15,1,17.320000000000164
778.9,113.9625,1,17.322000000000116
778.66,114.75,1,17.32400000000007
778.5,114.6375,1,17.326000000000022
778.38,114.6,1,17.327999999999975
778.78,114.525,1,17.329999999999927
778.4200000000001,114.6375,1,17.332000000000335
778.74,114.225,1,17.334000000000287
778.9,114.075,1,17.33600000000024
778.38,113.1,1,17.338000000000193
778.6600000000001,114.45,1,17.340000000000146
779.06,113.5125,1,17.3420000000001
778.74,113.025,1,17.34400000000005
778.38,112.76249999999999,1,17.346000000000004
778.62,112.275,1,17.347999999999956
778.5799999999999,112.5,1,17.34999999999991
779.4200000000001,112.5375,1,17.352000000000317
778.98,111.6375,1,17.35400000000027
778.94,111.8625,1,17.356000000000222
778.54,112.94999999999999,1,17.358000000000175
778.54,111.675,1,17.360000000000127
778.94,111.9,1,17.36200000000008
779.1800000000001,112.5375,1,17.364000000000033
779.26,111.67500000000001,1,17.365999999999985
778.7,111.8625,1,17.367999999999938
778.5,111.975,1,17.370000000000346
778.66,112.5,1,17.3720000000003
778.54,111.15,1,17.37400000000025
778.5,111.0,1,17.376000000000204
778.3399999999999,112.57499999999999,1,17.378000000000156
778.62,110.4375,1,17.38000000000011
777.8599999999999,110.85,1,17.382000000000062
778.4200000000001,111.07499999999999,1,17.384000000000015
778.02,111.0,1,17.385999999999967
777.78,111.4125,1,17.38799999999992
777.1800000000001,111.15,1,17.390000000000327
777.6600000000001,112.23750000000001,1,17.39200000000028
777.6600000000001,110.025,1,17.394000000000233
778.1800000000001,111.1875,1,17.396000000000186
777.58,112.35,1,17.39800000000014
777.6600000000001,111.1875,1,17.40000000000009
777.42,112.575,1,17.402000000000044
777.38,112.275,1,17.403999999999996
777.46,110.85,1,17.40599999999995
777.22,112.95,1,17.4079999999999
777.4200000000001,112.3125,1,17.41000000000031
777.7,112.65,1,17.412000000000262
777.54,113.7375,1,17.414000000000215
777.5799999999999,113.625,1,17.416000000000167
777.6600000000001,114.675,1,17.41800000000012
776.1800000000001,116.17500000000001,1,17.420000000000073
773.02,120.675,1,17.422000000000025
768.94,126.97500000000001,1,17.423999999999978
761.9,134.77499999999998,1,17.42599999999993
752.4200000000001,142.575,1,17.42800000000034
740.34,153.075,1,17.43000000000029
728.42,166.575,1,17.432000000000244
716.9,179.66250000000002,1,17.434000000000196
703.3,189.1125,1,17.43600000000015
690.9000000000001,200.775,1,17.438000000000102
679.5799999999999,208.16250000000002,1,17.440000000000055
669.8199999999999,218.1375,1,17.442000000000007
661.5,226.6125,1,17.44399999999996
656.78,233.96249999999998,1,17.445999999999913
654.1,238.8,1,17.44800000000032
651.94,241.875,1,17.450000000000273
652.0999999999999,245.58749999999998,1,17.452000000000226
653.3,246.1875,1,17.45400000000018
653.74,244.64999999999998,1,17.45600000000013
654.5,243.525,1,17.458000000000084
654.94,242.325,1,17.460000000000036
655.8199999999999,240.6375,1,17.46199999999999
656.74,240.0,1,17.463999999999942
657.3,239.2875,1,17.46600000000035
656.74,238.575,1,17.468000000000302
656.46,238.575,1,17.470000000000255
656.3,238.2375,1,17.472000000000207
656.0999999999999,238.275,1,17.47400000000016
655.54,237.4875,1,17.476000000000113
655.54,238.35,1,17.478000000000065
654.74,238.125,1,17.480000000000018
654.62,237.525,1,17.48199999999997
654.14,237.33749999999998,1,17.483999999999924
653.5799999999999,237.3375,1,17.48600000000033
654.26,236.7375,1,17.488000000000284
653.9,236.7,1,17.490000000000236
653.0999999999999,236.775,1,17.49200000000019
653.62,236.925,1,17.494000000000142
653.22,235.8375,1,17.496000000000095
653.4200000000001,235.875,1,17.498000000000047
653.1,236.2125,1,17.5
652.9,236.4,1,17.501999999999953
653.1800000000001,235.95,1,17.503999999999905
652.7,236.21249999999998,1,17.506000000000313
652.98,236.325,1,17.508000000000266
652.3399999999999,236.4375,1,17.51000000000022
652.62,235.875,1,17.51200000000017
652.66,235.8375,1,17.514000000000124
652.54,236.175,1,17.516000000000076
652.38,235.6875,1,17.51800000000003
652.26,236.1,1,17.519999999999982
652.46,235.6875,1,17.521999999999935
652.14,235.8,1,17.524000000000342
651.86,235.5375,1,17.526000000000295
651.7,235.65,1,17.528000000000247
651.8599999999999,235.0125,1,17.5300000000002
651.78,235.2,1,17.532000000000153
651.3,235.275,1,17.534000000000106
651.6600000000001,235.0875,1,17.536000000000058
650.78,235.425,1,17.53800000000001
651.06,235.125,1,17.539999999999964
651.26,235.05,1,17.541999999999916
650.98,235.5,1,17.544000000000324
650.62,234.75,1,17.546000000000276
651.02,234.975,1,17.54800000000023
650.74,235.2,1,17.550000000000182
650.7,233.9625,1,17.552000000000135
650.46,234.45,1,17.554000000000087
650.4200000000001,233.925,1,17.55600000000004
650.74,233.925,1,17.557999999999993
650.78,233.4375,1,17.559999999999945
651.1,233.475,1,17.561999999999898
650.98,234.225,1,17.564000000000306
651.4200000000001,234.0,1,17.56600000000026
651.22,233.325,1,17.56800000000021
651.5799999999999,233.58749999999998,1,17.570000000000164
651.8599999999999,232.95,1,17.572000000000116
652.02,232.9875,1,17.57400000000007
651.86,232.95,1,17.576000000000022
651.98,233.1,1,17.577999999999975
652.26,232.6875,1,17.579999999999927
652.54,232.0125,1,17.582000000000335
652.5,232.425,1,17.584000000000287
652.6199999999999,231.97500000000002,1,17.58600000000024
652.98,231.9,1,17.588000000000193
652.8199999999999,231.525,1,17.590000000000146
653.5799999999999,231.1125,1,17.5920000000001
653.46,231.14999999999998,1,17.59400000000005
654.1,230.8125,1,17.596000000000004
654.5,230.5125,1,17.597999999999956
654.8199999999999,231.2625,1,17.59999999999991
655.1,230.8875,1,17.602000000000317
655.58,230.325,1,17.60400000000027
655.9000000000001,230.7,1,17.606000000000222
655.26,231.22500000000002,1,17.608000000000175
655.7,230.325,1,17.610000000000127
656.1800000000001,230.475,1,17.61200000000008
656.3,229.7625,1,17.614000000000033
656.34,229.6125,1,17.615999999999985
656.86,230.02499999999998,1,17.617999999999938
656.98,229.2,1,17.620000000000346
656.8199999999999,229.8375,1,17.6220000000003
657.1800000000001,229.5,1,17.62400000000025
656.5,229.425,1,17.626000000000204
656.74,229.35,1,17.628000000000156
657.1800000000001,229.275,1,17.63000000000011
657.02,228.6,1,17.632000000000062
656.38,229.1625,1,17.634000000000015
656.94,228.97500000000002,1,17.635999999999967
656.86,229.08749999999998,1,17.63799999999992
656.86,228.97500000000002,1,17.640000000000327
656.62,228.3375,1,17.64200000000028
656.4200000000001,228.7125,1,17.644000000000233
656.46,228.75,1,17.646000000000186
656.26,228.60000000000002,1,17.64800000000014
655.6600000000001,228.6,1,17.65000000000009
656.58,228.6375,1,17.652000000000044
655.94,228.1875,1,17.653999999999996
655.46,228.6375,1,17.65599999999995
655.54,228.525,1,17.6579999999999
655.22,228.375,1,17.66000000000031
655.26,228.6375,1,17.662000000000262
655.06,228.975,1,17.664000000000215
654.4200000000001,228.1875,1,17.666000000000167
654.5799999999999,228.225,1,17.66800000000012
654.3,228.225,1,17.670000000000073
654.5799999999999,228.3,1,17.672000000000025
654.22,227.9625,1,17.673999999999978
653.46,228.375,1,17.67599999999993
652.94,228.4875,1,17.67800000000034
652.94,227.7375,1,17.68000000000029
652.98,228.14999999999998,1,17.682000000000244
652.78,228.675,1,17.684000000000196
652.98,227.6625,1,17.68600000000015
652.3399999999999,228.60000000000002,1,17.688000000000102
652.0999999999999,228.3,1,17.690000000000055
651.5799999999999,228.225,1,17.692000000000007
652.02,229.0125,1,17.69399999999996
651.42,227.925,1,17.695999999999913
651.3,227.85000000000002,1,17.69800000000032
651.5,228.3,1,17.700000000000273
651.34,227.6625,1,17.702000000000226
651.1800000000001,228.15,1,17.70400000000018
651.26,228.6375,1,17.70600000000013
650.5799999999999,228.7125,1,17.708000000000084
651.22,228.03750000000002,1,17.710000000000036
650.5,227.925,1,17.71199999999999
650.9,228.2625,1,17.713999999999942
650.5,228.45,1,17.71600000000035
650.5799999999999,228.075,1,17.718000000000302
650.4200000000001,228.22500000000002,1,17.720000000000255
650.74,227.5125,1,17.722000000000207
650.7,228.1125,1,17.72400000000016
650.3399999999999,228.15,1,17.726000000000113
650.46,227.1375,1,17.728000000000065
650.38,228.0,1,17.730000000000018
649.9,228.3,1,17.73199999999997
650.3,228.1875,1,17.733999999999924
650.22,229.05,1,17.73600000000033
650.3399999999999,229.425,1,17.738000000000284
650.02,230.3625,1,17.740000000000236
650.22,230.55,1,17.74200000000019
649.9,231.5625,1,17.744000000000142
649.58,232.2375,1,17.746000000000095
649.38,233.3625,1,17.748000000000047
649.02,234.3375,1,17.75
648.58,234.22500000000002,1,17.751999999999953
648.1,234.525,1,17.753999999999905
647.94,235.4625,1,17.756000000000313
647.98,236.6625,1,17.758000000000266
647.5799999999999,236.66250000000002,1,17.76000000000022
648.02,236.8875,1,17.76200000000017
648.7,237.075,1,17.764000000000124
649.58,235.875,1,17.766000000000076
652.06,235.125,1,17.76800000000003
654.26,240.525,1,17.769999999999982
659.5,254.58749999999998,1,17.771999999999935
663.74,269.55,1,17.774000000000342
669.42,283.61249999999995,1,17.776000000000295
674.5799999999999,314.0625,1,17.778000000000247
683.5799999999999,343.0125,1,17.7800000000002
683.98,375.67499999999995,1,17.782000000000153
687.1653658536585,377.2518292682926,0,17.784000000000106
690.3507317073171,378.82865853658535,0,17.786000000000058
693.5360975609757,380.405487804878,0,17.78800000000001
696.7214634146342,381.9823170731707,0,17.789999999999964
699.9068292682928,383.55914634146336,0,17.791999999999916
703.0921951219512,385.13597560975603,0,17.794000000000324
706.2775609756098,386.71280487804876,0,17.796000000000276
709.4629268292684,388.2896341463415,0,17.79800000000023
712.6482926829269,389.86646341463415,0,17.800000000000182
715.8336585365853,391.44329268292677,0,17.802000000000135
719.0190243902439,393.02012195121944,0,17.804000000000087
722.2043902439026,394.59695121951216,0,17.80600000000004
725.3897560975611,396.1737804878049,0,17.807999999999993
728.5751219512196,397.75060975609756,0,17.809999999999945
731.760487804878,399.32743902439023,0,17.811999999999898
734.9458536585366,400.9042682926829,0,17.814000000000306
738.1312195121952,402.4810975609756,0,17.81600000000026
741.3165853658537,404.0579268292683,0,17.81800000000021
744.5019512195122,405.63475609756097,0,17.820000000000164
747.6873170731708,407.21158536585364,0,17.822000000000116
750.8726829268293,408.7884146341463,0,17.82400000000007
754.0580487804879,410.36524390243903,0,17.826000000000022
757.2434146341465,411.9420731707317,0,17.827999999999975
760.4287804878049,413.5189024390244,0,17.829999999999927
763.6141463414634,415.0957317073171,0,17.832000000000335
766.799512195122,416.6725609756097,0,17.834000000000287
769.9848780487806,418.24939024390244,0,17.83600000000024
773.1702439024391,419.82621951219517,0,17.838000000000193
776.3556097560977,421.40304878048784,0,17.840000000000146
779.5409756097561,422.9798780487805,0,17.8420000000001
782.7263414634147,424.5567073170732,0,17.84400000000005
785.9117073170733,426.13353658536585,0,17.846000000000004
789.0970731707318,427.7103658536586,0,17.847999999999956
792.2824390243903,429.28719512195124,0,17.84999999999991
795.4678048780488,430.8640243902439,0,17.852000000000317
798.6531707317073,432.4408536585366,0,17.85400000000027
801.8385365853659,434.01768292682925,0,17.856000000000222
805.0239024390244,435.594512195122,0,17.858000000000175
808.2092682926831,437.17134146341465,0,17.860000000000127
811.3946341463414,438.7481707317073,0,17.86200000000008
814.58,440.325,1,17.864000000000033
814.98,430.8375,1,17.865999999999985
811.46,413.1,1,17.867999999999938
808.02,395.13750000000005,1,17.870000000000346
803.9000000000001,378.2625,1,17.8720000000003
801.54,361.42499999999995,1,17.87400000000025
802.06,345.8625,1,17.876000000000204
798.78,330.7875,1,17.878000000000156
797.22,318.6,1,17.88000000000011
794.54,306.3,1,17.882000000000062
791.5799999999999,290.92499999999995,1,17.884000000000015
790.06,283.2,1,17.885999999999967
788.1,273.3375,1,17.88799999999992
788.02,265.65,1,17.890000000000327
785.9,262.5375,1,17.89200000000028
785.78,259.7625,1,17.894000000000233
785.5,257.775,1,17.896000000000186
785.5,255.0375,1,17.89800000000014
785.94,256.65,1,17.90000000000009
785.94,256.0125,1,17.902000000000044
786.14,255.7125,1,17.903999999999996
786.26,255.9375,1,17.90599999999995
786.34,256.01250000000005,1,17.9079999999999
786.58,255.97500000000002,1,17.91000000000031
787.3,256.9875,1,17.912000000000262
786.98,257.8875,1,17.914000000000215
786.62,258.0375,1,17.916000000000167
787.4200000000001,258.15,1,17.91800000000012
787.38,258.975,1,17.920000000000073
787.22,259.23749999999995,1,17.922000000000025
787.3,260.475,1,17.923999999999978
787.14,262.275,1,17.92599999999993
787.58,262.5,1,17.92800000000034
786.8599999999999,262.725,1,17.93000000000029
786.78,263.175,1,17.932000000000244
787.38,263.475,1,17.934000000000196
787.1800000000001,265.6125,1,17.93600000000015
786.94,264.525,1,17.938000000000102
787.3,266.25,1,17.940000000000055
787.3,266.925,1,17.942000000000007
787.0999999999999,267.15,1,17.94399999999996
787.58,268.575,1,17.945999999999913
787.74,269.325,1,17.94800000000032
787.62,270.0,1,17.950000000000273
787.5,269.88750000000005,1,17.952000000000226
788.1,270.4875,1,17.95400000000018
787.78,270.6375,1,17.95600000000013
787.5,271.8,1,17.958000000000084
787.3399999999999,271.35,1,17.960000000000036
787.98,271.8375,1,17.96199999999999
787.78,272.2125,1,17.963999999999942
787.9000000000001,273.7125,1,17.96600000000035
788.1800000000001,272.925,1,17.968000000000302
787.8199999999999,273.7875,1,17.970000000000255
788.14,274.275,1,17.972000000000207
787.78,274.3125,1,17.97400000000016
788.5799999999999,274.725,1,17.976000000000113
787.62,274.5375,1,17.978000000000065
787.62,276.1875,1,17.980000000000018
787.98,275.4,1,17.98199999999997
787.62,276.675,1,17.983999999999924
787.5,275.625,1,17.98600000000033
787.06,276.67499999999995,1,17.988000000000284
787.38,275.0625,1,17.990000000000236
787.62,276.3375,1,17.99200000000019
786.6600000000001,276.9375,1,17.994000000000142
787.54,276.1875,1,17.996000000000095
787.1,276.525,1,17.998000000000047
787.54,276.5625,1,18.0
787.38,275.85,1,18.001999999999953
787.6600000000001,276.6,1,18.003999999999905
787.3399999999999,276.9,1,18.006000000000313
787.4200000000001,276.0,1,18.008000000000266
788.22,276.6,1,18.01000000000022
788.46,276.5625,1,18.01200000000017
787.86,276.67499999999995,1,18.014000000000124
788.54,276.375,1,18.016000000000076
788.62,276.75,1,18.01800000000003
789.06,276.15,1,18.019999999999982
789.46,275.55,1,18.021999999999935
789.1800000000001,275.17499999999995,1,18.024000000000342
789.38,275.625,1,18.026000000000295
789.94,275.625,1,18.028000000000247
789.4200000000001,275.775,1,18.0300000000002
789.9000000000001,276.0375,1,18.032000000000153
790.26,275.5875,1,18.034000000000106
790.6600000000001,276.075,1,18.036000000000058
790.38,276.075,1,18.03800000000001
790.34,276.0,1,18.039999999999964
790.74,275.3625,1,18.041999999999916
790.7,276.26250000000005,1,18.044000000000324
790.86,275.88750000000005,1,18.046000000000276
790.66,276.1875,1,18.04800000000023
791.22,275.475,1,18.050000000000182
791.34,275.775,1,18.052000000000135
791.58,275.175,1,18.054000000000087
791.22,276.67499999999995,1,18.05600000000004
791.26,275.70000000000005,1,18.057999999999993
791.62,275.625,1,18.059999999999945
791.74,275.625,1,18.061999999999898
791.6600000000001,276.0,1,18.064000000000306
791.74,275.2125,1,18.06600000000026
791.98,275.1,1,18.06800000000021
791.62,275.9625,1,18.070000000000164
791.6199999999999,275.775,1,18.072000000000116
791.62,275.475,1,18.07400000000007
791.7,275.51250000000005,1,18.076000000000022
791.46,275.775,1,18.077999999999975
791.38,275.4375,1,18.079999999999927
791.62,276.4125,1,18.082000000000335
791.74,275.6625,1,18.084000000000287
791.22,275.8125,1,18.08600000000024
791.1,275.925,1,18.088000000000193
791.4200000000001,275.9625,1,18.090000000000146
790.62,276.4125,1,18.0920000000001
790.86,276.375,1,18.09400000000005
791.06,277.0875,1,18.096000000000004
790.7,276.675,1,18.097999999999956
791.02,277.3125,1,18.09999999999991
790.38,277.65,1,18.102000000000317
790.22,277.5375,1,18.10400000000027
790.14,277.725,1,18.106000000000222
790.62,278.1375,1,18.108000000000175
790.26,278.25,1,18.110000000000127
790.22,278.3625,1,18.11200000000008
790.14,277.95000000000005,1,18.114000000000033
789.74,278.2125,1,18.115999999999985
789.74,277.98749999999995,1,18.117999999999938
790.3,278.4,1,18.120000000000346
790.1,277.6125,1,18.1220000000003
790.14,277.98749999999995,1,18.12400000000025
790.1800000000001,278.51250000000005,1,18.126000000000204
790.26,277.875,1,18.128000000000156
789.94,278.2875,1,18.13000000000011
790.3399999999999,277.61249999999995,1,18.132000000000062
790.22,278.625,1,18.134000000000015
790.62,278.775,1,18.135999999999967
789.98,278.3625,1,18.13799999999992
790.1,278.55,1,18.140000000000327
790.1800000000001,278.8875,1,18.14200000000028
789.54,278.925,1,18.144000000000233
790.06,278.775,1,18.146000000000186
790.3399999999999,279.11249999999995,1,18.14800000000014
790.1800000000001,279.9375,1,18.15000000000009
789.7,280.4625,1,18.152000000000044
790.38,280.76250000000005,1,18.153999999999996
789.5,280.5375,1,18.15599999999995
790.26,280.7625,1,18.1579999999999
790.58,281.32500000000005,1,18.16000000000031
790.4200000000001,280.6125,1,18.162000000000262
790.02,282.15,1,18.164000000000215
789.94,281.2125,1,18.166000000000167
790.26,281.8125,1,18.16800000000012
790.22,281.7375,1,18.170000000000073
790.1,281.1375,1,18.172000000000025
790.1800000000001,281.9625,1,18.173999999999978
790.8599999999999,281.5875,1,18.17599999999993
790.34,280.95000000000005,1,18.17800000000034
790.78,281.325,1,18.18000000000029
790.1800000000001,280.725,1,18.182000000000244
790.46,281.4,1,18.184000000000196
790.5,280.3875,1,18.18600000000015
790.1800000000001,280.8,1,18.188000000000102
790.66,280.6875,1,18.190000000000055
791.38,280.8,1,18.192000000000007
794.4200000000001,282.4125,1,18.19399999999996
799.1800000000001,283.0125,1,18.195999999999913
804.98,286.0125,1,18.19800000000032
810.62,288.9375,1,18.200000000000273
818.94,291.375,1,18.202000000000226
826.5799999999999,294.225,1,18.20400000000018
835.22,295.9875,1,18.20600000000013
842.94,300.375,1,18.208000000000084
851.5,303.11249999999995,1,18.210000000000036
859.86,308.625,1,18.21199999999999
868.8199999999999,315.0,1,18.213999999999942
875.9,320.36249999999995,1,18.21600000000035
882.94,324.4125,1,18.218000000000302
888.14,327.0375,1,18.220000000000255
894.02,332.1,1,18.222000000000207
898.06,334.0125,1,18.22400000000016
900.74,338.175,1,18.226000000000113
901.1800000000001,341.9625,1,18.228000000000065
901.4200000000001,343.05,1,18.230000000000018
900.26,344.175,1,18.23199999999997
899.1,344.73749999999995,1,18.233999999999924
898.14,343.9125,1,18.23600000000033
897.5,342.7125,1,18.238000000000284
897.1800000000001,342.4125,1,18.240000000000236
896.54,341.625,1,18.24200000000019
896.94,341.7375,1,18.244000000000142
896.78,341.25,1,18.246000000000095
896.4200000000001,341.625,1,18.248000000000047
896.3,340.875,1,18.25
896.5,340.76250000000005,1,18.251999999999953
896.22,341.175,1,18.253999999999905
896.74,340.4625,1,18.256000000000313
896.4200000000001,340.7625,1,18.258000000000266
896.4200000000001,340.9125,1,18.26000000000022
896.62,340.2375,1,18.26200000000017
896.3399999999999,340.425,1,18.264000000000124
896.8599999999999,339.525,1,18.266000000000076
897.1800000000001,339.48749999999995,1,18.26800000000003
896.66,339.9,1,18.269999999999982
896.4200000000001,339.15,1,18.271999999999935
896.02,339.4125,1,18.274000000000342
895.9,339.1125,1,18.276000000000295
895.74,338.4375,1,18.278000000000247
896.02,338.70000000000005,1,18.2800000000002
896.3,338.775,1,18.282000000000153
895.9,339.63750000000005,1,18.284000000000106
895.74,338.5125,1,18.286000000000058
895.9,339.45,1,18.28800000000001
896.0999999999999,338.55,1,18.289999999999964
896.1800000000001,339.375,1,18.291999999999916
896.22,339.225,1,18.294000000000324
896.3,338.9625,1,18.296000000000276
896.26,338.88750000000005,1,18.29800000000023
895.9,338.325,1,18.300000000000182
895.9,339.225,1,18.302000000000135
896.1800000000001,339.075,1,18.304000000000087
896.02,339.26250000000005,1,18.30600000000004
895.8199999999999,338.36249999999995,1,18.307999999999993
895.34,338.775,1,18.309999999999945
895.94,338.92499999999995,1,18.311999999999898
895.5799999999999,338.55,1,18.314000000000306
895.98,338.55,1,18.31600000000026
896.1800000000001,339.5625,1,18.31800000000021
896.14,339.375,1,18.320000000000164
895.8199999999999,339.225,1,18.322000000000116
895.98,339.3375,1,18.32400000000007
895.74,339.07500000000005,1,18.326000000000022
895.9,339.0375,1,18.327999999999975
896.22,337.725,1,18.329999999999927
896.26,338.70000000000005,1,18.332000000000335
896.54,339.0375,1,18.334000000000287
895.98,338.32500000000005,1,18.33600000000024
896.1800000000001,338.36249999999995,1,18.338000000000193
896.38,337.1625,1,18.340000000000146
896.5799999999999,336.7875,1,18.3420000000001
896.14,337.42499999999995,1,18.34400000000005
896.42,337.05,1,18.346000000000004
896.5,336.9375,1,18.347999999999956
896.46,336.6375,1,18.34999999999991
896.5,336.675,1,18.352000000000317
896.54,336.6375,1,18.35400000000027
896.78,335.8125,1,18.356000000000222
896.6600000000001,336.0,1,18.358000000000175
896.9000000000001,336.75,1,18.360000000000127
896.22,336.0375,1,18.36200000000008
896.54,336.4125,1,18.364000000000033
896.62,336.4875,1,18.365999999999985
896.46,336.0375,1,18.367999999999938
896.78,336.26250000000005,1,18.370000000000346
896.62,335.7375,1,18.3720000000003
896.78,336.0,1,18.37400000000025
896.5,335.925,1,18.376000000000204
896.74,335.51250000000005,1,18.378000000000156
896.94,335.2875,1,18.38000000000011
896.22,335.4,1,18.382000000000062
896.94,335.25,1,18.384000000000015
896.7,334.95,1,18.385999999999967
896.42,334.875,1,18.38799999999992
896.3,335.17499999999995,1,18.390000000000327
896.94,334.35,1,18.39200000000028
897.1,335.025,1,18.394000000000233
896.98,334.0125,1,18.396000000000186
897.1,334.61249999999995,1,18.39800000000014
896.78,334.65,1,18.40000000000009
896.5,334.76250000000005,1,18.402000000000044
896.8199999999999,334.9875,1,18.403999999999996
896.34,334.725,1,18.40599999999995
896.66,334.57500000000005,1,18.4079999999999
896.9,334.61249999999995,1,18.41000000000031
896.62,334.275,1,18.412000000000262
896.7,334.725,1,18.414000000000215
896.06,334.7625,1,18.416000000000167
896.6600000000001,334.61249999999995,1,18.41800000000012
896.94,334.5,1,18.420000000000073
897.1,334.6875,1,18.422000000000025
896.94,334.76250000000005,1,18.423999999999978
896.9000000000001,334.425,1,18.42599999999993
896.5799999999999,334.575,1,18.42800000000034
896.74,334.35,1,18.43000000000029
896.46,335.1,1,18.432000000000244
896.8199999999999,334.2,1,18.434000000000196
897.14,334.3125,1,18.43600000000015
897.02,334.0875,1,18.438000000000102
897.38,334.0125,1,18.440000000000055
897.02,334.1625,1,18.442000000000007
896.94,334.1625,1,18.44399999999996
897.0999999999999,334.0125,1,18.445999999999913
896.7,333.9,1,18.44800000000032
896.98,333.6,1,18.450000000000273
897.14,333.3375,1,18.452000000000226
896.8599999999999,333.1875,1,18.45400000000018
896.86,334.275,1,18.45600000000013
896.74,333.9,1,18.458000000000084
896.46,334.3875,1,18.460000000000036
897.34,334.1625,1,18.46199999999999
896.66,334.20000000000005,1,18.463999999999942
896.3399999999999,334.2,1,18.46600000000035
896.6600000000001,334.05,1,18.468000000000302
896.4200000000001,333.525,1,18.470000000000255
896.6600000000001,333.4875,1,18.472000000000207
896.5,333.3375,1,18.47400000000016
896.3,333.6,1,18.476000000000113
896.26,333.2625,1,18.478000000000065
896.38,333.225,1,18.480000000000018
896.4200000000001,332.775,1,18.48199999999997
895.8599999999999,333.48749999999995,1,18.483999999999924
896.3399999999999,333.45,1,18.48600000000033
895.98,333.07500000000005,1,18.488000000000284
895.98,332.8875,1,18.490000000000236
896.34,333.5625,1,18.49200000000019
896.4200000000001,333.3375,1,18.494000000000142
896.4200000000001,333.48749999999995,1,18.496000000000095
895.98,333.3375,1,18.498000000000047
896.14,332.17499999999995,1,18.5
895.82,332.8125,1,18.501999999999953
895.66,332.475,1,18.503999999999905
895.94,332.70000000000005,1,18.506000000000313
895.66,332.92499999999995,1,18.508000000000266
895.8199999999999,332.73749999999995,1,18.51000000000022
895.9000000000001,332.6625,1,18.51200000000017
895.7,332.7,1,18.514000000000124
895.3,332.775,1,18.516000000000076
896.1,332.3625,1,18.51800000000003
895.6600000000001,332.88750000000005,1,18.519999999999982
896.1800000000001,332.13750000000005,1,18.521999999999935
895.6600000000001,333.2625,1,18.524000000000342
895.6600000000001,333.0375,1,18.526000000000295
895.54,332.7,1,18.528000000000247
895.46,332.7,1,18.5300000000002
896.02,333.26250000000005,1,18.532000000000153
896.22,331.9875,1,18.534000000000106
896.06,332.8875,1,18.536000000000058
895.98,333.4125,1,18.53800000000001
896.34,333.15,1,18.539999999999964
896.46,333.3,1,18.541999999999916
895.74,334.0875,1,18.544000000000324
896.1400000000001,333.29999999999995,1,18.546000000000276
896.3800000000001,333.0,1,18.54800000000023
896.46,332.92499999999995,1,18.550000000000182
896.3,334.5,1,18.552000000000135
896.4200000000001,333.6,1,18.554000000000087
896.5,333.5625,1,18.55600000000004
896.46,334.35,1,18.557999999999993
896.5799999999999,333.9,1,18.559999999999945
897.26,332.70000000000005,1,18.561999999999898
897.3,333.2625,1,18.564000000000306
896.74,333.0375,1,18.56600000000026
897.3,333.0,1,18.56800000000021
896.98,332.775,1,18.570000000000164
896.8199999999999,333.6,1,18.572000000000116
897.0999999999999,332.6625,1,18.57400000000007
897.3,332.925,1,18.576000000000022
897.02,332.4,1,18.577999999999975
897.4200000000001,333.1875,1,18.579999999999927
897.34,332.4375,1,18.582000000000335
897.78,332.475,1,18.584000000000287
897.8199999999999,332.5125,1,18.58600000000024
897.54,332.475,1,18.588000000000193
897.4200000000001,332.925,1,18.590000000000146
897.78,332.73749999999995,1,18.5920000000001
897.38,333.525,1,18.59400000000005
897.3399999999999,332.5125,1,18.596000000000004
897.58,332.625,1,18.597999999999956
897.18,332.4,1,18.59999999999991
896.7,332.5875,1,18.602000000000317
897.78,333.0375,1,18.60400000000027
897.06,332.175,1,18.606000000000222
896.5,332.8125,1,18.608000000000175
896.62,333.15,1,18.610000000000127
896.78,333.375,1,18.61200000000008
896.1800000000001,332.70000000000005,1,18.614000000000033
896.46,333.26250000000005,1,18.615999999999985
896.06,333.375,1,18.617999999999938
896.46,333.63750000000005,1,18.620000000000346
895.8199999999999,332.925,1,18.6220000000003
895.78,332.8875,1,18.62400000000025
895.3399999999999,333.26250000000005,1,18.626000000000204
895.1800000000001,333.3375,1,18.628000000000156
893.66,333.3,1,18.63000000000011
891.4200000000001,333.86249999999995,1,18.632000000000062
885.86,333.9,1,18.634000000000015
877.8599999999999,336.0375,1,18.635999999999967
866.02,336.75,1,18.63799999999992
852.38,339.0,1,18.640000000000327
835.78,339.45,1,18.64200000000028
817.54,340.3125,1,18.644000000000233
799.02,341.70000000000005,1,18.646000000000186
780.62,341.925,1,18.64800000000014
760.7,344.625,1,18.65000000000009
741.94,346.61249999999995,1,18.652000000000044
722.1,348.075,1,18.653999999999996
703.8199999999999,347.85,1,18.65599999999995
683.8599999999999,349.20000000000005,1,18.6579999999999
664.6600000000001,351.375,1,18.66000000000031
647.38,352.9125,1,18.662000000000262
629.7,353.55,1,18.664000000000215
612.4200000000001,354.29999999999995,1,18.666000000000167
594.78,353.9625,1,18.66800000000012
577.02,352.35,1,18.670000000000073
560.5,351.86249999999995,1,18.672000000000025
543.5799999999999,351.525,1,18.673999999999978
528.1400000000001,351.075,1,18.67599999999993
512.46,350.73749999999995,1,18.67800000000034
497.74,350.85,1,18.68000000000029
483.78,350.7375,1,18.682000000000244
474.22,348.1875,1,18.684000000000196
463.14,346.23749999999995,1,18.68600000000015
456.53999999999996,344.1375,1,18.688000000000102
453.18,341.6625,1,18.690000000000055
450.53999999999996,340.76250000000005,1,18.692000000000007
450.29999999999995,339.29999999999995,1,18.69399999999996
449.65999999999997,338.70000000000005,1,18.695999999999913
449.65999999999997,338.7,1,18.69800000000032
450.06,338.475,1,18.700000000000273
450.53999999999996,337.575,1,18.702000000000226
450.38,336.7125,1,18.70400000000018
450.02,336.375,1,18.70600000000013
450.14,335.7375,1,18.708000000000084
449.65999999999997,334.98749999999995,1,18.710000000000036
450.38,335.1375,1,18.71199999999999
450.58000000000004,334.4625,1,18.713999999999942
450.58,333.825,1,18.71600000000035
451.22,333.375,1,18.718000000000302
449.86,333.7875,1,18.720000000000255
450.26,333.07500000000005,1,18.722000000000207
449.74,333.3,1,18.72400000000016
450.1,332.51250000000005,1,18.726000000000113
449.46000000000004,332.54999999999995,1,18.728000000000065
449.34,331.61249999999995,1,18.730000000000018
449.82,331.8375,1,18.73199999999997
449.58000000000004,330.375,1,18.733999999999924
449.94,331.3125,1,18.73600000000033
449.86,331.35,1,18.738000000000284
449.7,330.67499999999995,1,18.740000000000236
449.82,330.375,1,18.74200000000019
449.78,330.5625,1,18.744000000000142
449.65999999999997,330.525,1,18.746000000000095
449.18,329.7,1,18.748000000000047
449.86,330.075,1,18.75
449.38,329.8875,1,18.751999999999953
448.70000000000005,330.225,1,18.753999999999905
449.62,330.0375,1,18.756000000000313
448.9,330.1875,1,18.758000000000266
448.82000000000005,329.3625,1,18.76000000000022
448.62,329.2875,1,18.76200000000017
449.1,329.175,1,18.764000000000124
448.86,329.175,1,18.766000000000076
448.86,328.98749999999995,1,18.76800000000003
448.94,328.3125,1,18.769999999999982
448.9,328.65,1,18.771999999999935
449.02,328.275,1,18.774000000000342
449.14,327.9375,1,18.776000000000295
448.74,327.4875,1,18.778000000000247
448.82,327.2625,1,18.7800000000002
448.34000000000003,327.9,1,18.782000000000153
448.41999999999996,326.625,1,18.784000000000106
448.78,326.54999999999995,1,18.786000000000058
448.5,325.9875,1,18.78800000000001
448.22,326.4,1,18.789999999999964
448.9,326.025,1,18.791999999999916
448.98,325.79999999999995,1,18.794000000000324
448.74,325.3875,1,18.796000000000276
448.9,325.6875,1,18.79800000000023
448.02,325.275,1,18.800000000000182
448.41999999999996,324.525,1,18.802000000000135
448.70000000000005,324.6375,1,18.804000000000087
448.3,325.125,1,18.80600000000004
448.58000000000004,325.1625,1,18.807999999999993
448.58000000000004,324.825,1,18.809999999999945
447.65999999999997,324.525,1,18.811999999999898
448.65999999999997,324.45,1,18.814000000000306
448.7,324.375,1,18.81600000000026
448.14,324.7875,1,18.81800000000021
448.41999999999996,324.75,1,18.820000000000164
448.66,324.225,1,18.822000000000116
448.22,324.07500000000005,1,18.82400000000007
448.98,324.1125,1,18.826000000000022
449.1,324.3375,1,18.827999999999975
448.98,324.15,1,18.829999999999927
448.9,323.625,1,18.832000000000335
448.98,322.95000000000005,1,18.834000000000287
449.3,323.51250000000005,1,18.83600000000024
449.5,322.95000000000005,1,18.838000000000193
449.65999999999997,323.7375,1,18.840000000000146
449.86,323.17499999999995,1,18.8420000000001
449.38,322.8,1,18.84400000000005
450.06,322.65,1,18.846000000000004
449.82,322.5,1,18.847999999999956
450.41999999999996,322.8375,1,18.84999999999991
450.54,321.86249999999995,1,18.852000000000317
449.74,322.57500000000005,1,18.85400000000027
449.58000000000004,322.125,1,18.856000000000222
450.74,321.63750000000005,1,18.858000000000175
450.1,322.35,1,18.860000000000127
450.78,322.425,1,18.86200000000008
450.41999999999996,322.2375,1,18.864000000000033
450.70000000000005,321.67499999999995,1,18.865999999999985
450.17999999999995,322.2,1,18.867999999999938
449.62,321.9,1,18.870000000000346
450.3,322.425,1,18.8720000000003
450.06,322.2,1,18.87400000000025
450.17999999999995,323.25,1,18.876000000000204
449.78,323.1,1,18.878000000000156
447.5,323.25,1,18.88000000000011
444.38,323.55,1,18.882000000000062
439.3,323.4,1,18.884000000000015
431.3,324.3375,1,18.885999999999967
420.5,324.225,1,18.88799999999992
409.26,324.63750000000005,1,18.890000000000327
395.94,324.75,1,18.89200000000028
385.86,324.4125,1,18.894000000000233
373.65999999999997,324.525,1,18.896000000000186
362.74,326.8875,1,18.89800000000014
348.94,329.1,1,18.90000000000009
339.82,331.4625,1,18.902000000000044
324.38,332.25,1,18.903999999999996
313.34000000000003,333.4125,1,18.90599999999995
299.98,332.925,1,18.9079999999999
287.66,335.325,1,18.91000000000031
275.5,337.38750000000005,1,18.912000000000262
264.06,337.9125,1,18.914000000000215
253.34,337.9875,1,18.916000000000167
243.9,337.2375,1,18.91800000000012
235.54,338.775,1,18.920000000000073
227.57999999999998,337.95,1,18.922000000000025
220.38,335.85,1,18.923999999999978
215.06,335.475,1,18.92599999999993
210.9,335.25,1,18.92800000000034
209.1,335.025,1,18.93000000000029
208.34,334.3125,1,18.932000000000244
208.7,333.9,1,18.934000000000196
209.94,333.4125,1,18.93600000000015
211.5,333.525,1,18.938000000000102
211.7,333.63750000000005,1,18.940000000000055
212.14,333.9,1,18.942000000000007
212.34,333.525,1,18.94399999999996
211.82,333.2625,1,18.945999999999913
211.74,333.1875,1,18.94800000000032
211.9,332.7375,1,18.950000000000273
211.9,333.0,1,18.952000000000226
211.34,332.475,1,18.95400000000018
211.89999999999998,332.2125,1,18.95600000000013
211.5,331.875,1,18.958000000000084
211.57999999999998,331.20000000000005,1,18.960000000000036
211.34,331.125,1,18.96199999999999
211.54000000000002,330.6375,1,18.963999999999942
211.18,329.54999999999995,1,18.96600000000035
211.57999999999998,328.725,1,18.968000000000302
211.26,327.75,1,18.970000000000255
211.3,326.13750000000005,1,18.972000000000207
211.3,325.20000000000005,1,18.97400000000016
211.14,325.8375,1,18.976000000000113
210.98000000000002,324.225,1,18.978000000000065
211.34,324.07500000000005,1,18.980000000000018
211.46,323.5125,1,18.98199999999997
211.38,323.4375,1,18.983999999999924
211.18,323.025,1,18.98600000000033
211.38,322.9125,1,18.988000000000284
211.46,321.975,1,18.990000000000236
211.66,322.0125,1,18.99200000000019
211.82,322.35,1,18.994000000000142
211.66,321.5625,1,18.996000000000095
211.82,322.1625,1,18.998000000000047
211.5,321.4875,1,19.0
210.86,321.3,1,19.001999999999953
211.86,322.38750000000005,1,19.003999999999905
211.38,321.7125,1,19.006000000000313
211.06,322.125,1,19.008000000000266
211.66,322.01250000000005,1,19.01000000000022
211.33999999999997,322.6875,1,19.01200000000017
210.57999999999998,322.1625,1,19.014000000000124
211.5,322.725,1,19.016000000000076
211.14,322.0875,1,19.01800000000003
210.62,321.975,1,19.019999999999982
211.01999999999998,321.4125,1,19.021999999999935
210.98000000000002,321.375,1,19.024000000000342
210.9,321.67499999999995,1,19.026000000000295
210.62,320.8875,1,19.028000000000247
210.74,320.54999999999995,1,19.0300000000002
210.66,321.1875,1,19.032000000000153
210.42000000000002,320.4,1,19.034000000000106
210.7,319.425,1,19.036000000000058
210.14,319.61249999999995,1,19.03800000000001
209.98,320.2875,1,19.039999999999964
210.22,319.35,1,19.041999999999916
209.98000000000002,318.9375,1,19.044000000000324
210.06,319.0125,1,19.046000000000276
210.14,319.5,1,19.04800000000023
209.74,318.9375,1,19.050000000000182
210.22,318.7875,1,19.052000000000135
209.42000000000002,318.11249999999995,1,19.054000000000087
209.78,317.88750000000005,1,19.05600000000004
209.74,318.525,1,19.057999999999993
209.57999999999998,317.5125,1,19.059999999999945
209.57999999999998,317.775,1,19.061999999999898
209.62,317.2875,1,19.064000000000306
210.01999999999998,317.625,1,19.06600000000026
209.22,317.475,1,19.06800000000021
209.66,317.325,1,19.070000000000164
209.57999999999998,316.61249999999995,1,19.072000000000116
209.38,316.42499999999995,1,19.07400000000007
209.26,315.5625,1,19.076000000000022
208.82,316.725,1,19.077999999999975
209.86,315.67499999999995,1,19.079999999999927
209.74,315.4125,1,19.082000000000335
209.74,314.7375,1,19.084000000000287
209.7,314.5125,1,19.08600000000024
210.26,314.7,1,19.088000000000193
210.22,314.5125,1,19.090000000000146
210.22,313.875,1,19.0920000000001
210.34,313.575,1,19.09400000000005
210.26,314.3625,1,19.096000000000004
209.9,313.35,1,19.097999999999956
208.5,314.1,1,19.09999999999991
204.74,314.25,1,19.102000000000317
197.54,316.0875,1,19.10400000000027
189.38,315.3,1,19.106000000000222
178.10000000000002,315.75,1,19.108000000000175
166.94,311.6625,1,19.110000000000127
155.14,311.1,1,19.11200000000008
143.14,308.475,1,19.114000000000033
132.06,307.275,1,19.115999999999985
121.9,306.225,1,19.117999999999938
111.42,306.225,1,19.120000000000346
100.42,306.6,1,19.1220000000003
89.9,308.925,1,19.12400000000025
80.02000000000001,307.725,1,19.126000000000204
70.1,307.125,1,19.128000000000156
60.66,305.85,1,19.13000000000011
52.3,305.025,1,19.132000000000062
43.620000000000005,304.125,1,19.134000000000015
36.18,302.8875,1,19.135999999999967
29.78,302.1375,1,19.13799999999992
23.3,300.45000000000005,1,19.140000000000327
18.1,299.85,1,19.14200000000028
16.46,300.11249999999995,1,19.144000000000233
16.3,297.2625,1,19.146000000000186
16.580000000000005,295.9875,1,19.14800000000014
17.7,295.2375,1,19.15000000000009
18.42,294.7875,1,19.152000000000044
19.5,293.4375,1,19.153999999999996
19.18,293.25,1,19.15599999999995
18.219999999999995,293.1,1,19.1579999999999
18.18,292.8,1,19.16000000000031
18.179999999999993,290.51250000000005,1,19.162000000000262
17.98,290.625,1,19.164000000000215
18.58,290.5875,1,19.166000000000167
17.939999999999998,288.975,1,19.16800000000012
18.18,288.7125,1,19.170000000000073
18.14,288.225,1,19.172000000000025
17.18,286.8375,1,19.173999999999978
16.1,287.6625,1,19.17599999999993
16.34,285.9375,1,19.17800000000034
15.739999999999998,286.38750000000005,1,19.18000000000029
16.06,285.375,1,19.182000000000244
16.02,286.0125,1,19.184000000000196
15.819999999999993,285.4875,1,19.18600000000015
15.7,285.7875,1,19.188000000000102
15.780000000000001,285.3,1,19.190000000000055
15.42,286.4625,1,19.192000000000007
15.659999999999993,285.525,1,19.19399999999996
15.459999999999994,285.4125,1,19.195999999999913
15.260000000000005,286.3875,1,19.19800000000032
14.900000000000006,284.9625,1,19.200000000000273
15.100000000000005,285.3,1,19.202000000000226
14.940000000000001,285.7875,1,19.20400000000018
14.940000000000005,285.4875,1,19.20600000000013
14.9,286.05,1,19.208000000000084
14.100000000000001,285.5625,1,19.210000000000036
14.420000000000005,285.075,1,19.21199999999999
15.22,285.26250000000005,1,19.213999999999942
14.580000000000002,285.5625,1,19.21600000000035
15.02,285.4875,1,19.218000000000302
14.740000000000006,285.525,1,19.220000000000255
14.780000000000001,285.0375,1,19.222000000000207
15.18,285.75,1,19.22400000000016
15.379999999999999,284.475,1,19.226000000000113
15.139999999999995,284.85,1,19.228000000000065
14.739999999999998,283.9125,1,19.230000000000018
14.699999999999996,283.65,1,19.23199999999997
14.82,283.6875,1,19.233999999999924
14.82,282.1125,1,19.23600000000033
14.379999999999999,282.825,1,19.238000000000284
14.98,284.175,1,19.240000000000236
15.18,282.4125,1,19.24200000000019
15.46,281.4375,1,19.244000000000142
15.02,281.9625,1,19.246000000000095
14.86,281.1,1,19.248000000000047
14.82,279.9375,1,19.25
15.219999999999999,280.575,1,19.251999999999953
15.58,280.275,1,19.253999999999905
15.7,280.23749999999995,1,19.256000000000313
15.82,280.61249999999995,1,19.258000000000266
15.420000000000002,280.20000000000005,1,19.26000000000022
16.22,280.575,1,19.26200000000017
15.82,280.0875,1,19.264000000000124
16.02,279.4125,1,19.266000000000076
15.899999999999999,279.375,1,19.26800000000003
15.86,279.75,1,19.269999999999982
15.98,279.67499999999995,1,19.271999999999935
16.66,279.82500000000005,1,19.274000000000342
15.9,279.67499999999995,1,19.276000000000295
16.18,279.3375,1,19.278000000000247
16.1,279.825,1,19.2800000000002
16.18,279.2625,1,19.282000000000153
16.22,280.125,1,19.284000000000106
16.22,279.7125,1,19.286000000000058
16.5,279.975,1,19.28800000000001
16.34,279.82500000000005,1,19.289999999999964
16.1,279.7875,1,19.291999999999916
16.54,279.825,1,19.294000000000324
16.14,280.6875,1,19.296000000000276
16.34,279.975,1,19.29800000000023
16.259999999999998,280.05,1,19.300000000000182
16.14,280.01250000000005,1,19.302000000000135
16.34,280.9125,1,19.304000000000087
16.18,280.35,1,19.30600000000004
16.22,280.1625,1,19.307999999999993
16.54,280.35,1,19.309999999999945
16.46,280.6125,1,19.311999999999898
15.98,279.45,1,19.314000000000306
16.46,280.38750000000005,1,19.31600000000026
16.34,280.0125,1,19.31800000000021
16.78,279.82500000000005,1,19.320000000000164
16.42,279.5625,1,19.322000000000116
16.22,280.65,1,19.32400000000007
16.66,279.3375,1,19.326000000000022
16.7,279.9375,1,19.327999999999975
16.26,278.85,1,19.329999999999927
16.22,279.0,1,19.332000000000335
15.86,278.625,1,19.334000000000287
16.22,279.525,1,19.33600000000024
15.98,279.2625,1,19.338000000000193
15.62,278.2125,1,19.340000000000146
15.98,278.5875,1,19.3420000000001
15.94,279.1125,1,19.34400000000005
15.74,277.61249999999995,1,19.346000000000004
16.06,278.925,1,19.347999999999956
15.579999999999998,278.0625,1,19.34999999999991
16.02,277.65,1,19.352000000000317
15.62,277.35,1,19.35400000000027
15.899999999999999,277.425,1,19.356000000000222
15.78,277.725,1,19.358000000000175
15.5,277.8375,1,19.360000000000127
14.98,277.23749999999995,1,19.36200000000008
15.66,277.9125,1,19.364000000000033
15.46,277.38750000000005,1,19.365999999999985
15.02,277.125,1,19.367999999999938
15.3,277.275,1,19.370000000000346
15.379999999999999,277.4625,1,19.3720000000003
15.54,277.95000000000005,1,19.37400000000025
15.3,277.3125,1,19.376000000000204
15.18,276.9375,1,19.378000000000156
16.060000000000002,277.275,1,19.38000000000011
15.34,276.3375,1,19.382000000000062
15.74,276.1875,1,19.384000000000015
15.42,276.075,1,19.385999999999967
15.579999999999998,275.0625,1,19.38799999999992
15.1,276.225,1,19.390000000000327
15.34,275.9625,1,19.39200000000028
15.620000000000001,275.32500000000005,1,19.394000000000233
15.459999999999999,275.325,1,19.396000000000186
15.98,275.70000000000005,1,19.39800000000014
15.46,276.525,1,19.40000000000009
15.62,274.8375,1,19.402000000000044
16.06,276.0,1,19.403999999999996
15.62,275.2125,1,19.40599999999995
16.34,275.88750000000005,1,19.4079999999999
16.1,275.4,1,19.41000000000031
15.98,275.85,1,19.412000000000262
16.78,277.875,1,19.414000000000215
16.58,276.4125,1,19.416000000000167
17.1,277.875,1,19.41800000000012
16.86,277.6875,1,19.420000000000073
16.7,277.725,1,19.422000000000025
17.26,278.2125,1,19.423999999999978
17.740000000000002,278.9625,1,19.42599999999993
17.94,279.0,1,19.42800000000034
17.98,279.45,1,19.43000000000029
17.86,279.3375,1,19.432000000000244
17.66,278.6625,1,19.434000000000196
18.1,278.51250000000005,1,19.43600000000015
18.58,278.625,1,19.438000000000102
18.740000000000002,278.9625,1,19.440000000000055
18.66,277.8,1,19.442000000000007
18.78,277.61249999999995,1,19.44399999999996
19.18,277.575,1,19.445999999999913
18.7,276.9375,1,19.44800000000032
19.42,276.675,1,19.450000000000273
18.94,277.5,1,19.452000000000226
19.18,276.8625,1,19.45400000000018
19.54,275.55,1,19.45600000000013
19.46,275.54999999999995,1,19.458000000000084
19.46,275.475,1,19.460000000000036
19.58,274.65,1,19.46199999999999
18.98,275.475,1,19.463999999999942
19.42,275.2875,1,19.46600000000035
19.060000000000002,275.6625,1,19.468000000000302
19.020000000000003,275.6625,1,19.470000000000255
19.42,275.625,1,19.472000000000207
18.86,274.35,1,19.47400000000016
18.46,276.6,1,19.476000000000113
19.1,275.475,1,19.478000000000065
19.14,276.9,1,19.480000000000018
18.700000000000003,275.9625,1,19.48199999999997
18.74,276.8625,1,19.483999999999924
18.82,276.82500000000005,1,19.48600000000033
18.82,277.875,1,19.488000000000284
19.58,280.23749999999995,1,19.490000000000236
20.700000000000003,285.7875,1,19.49200000000019
22.66,289.0875,1,19.494000000000142
24.9,294.7125,1,19.496000000000095
27.02,300.82500000000005,1,19.498000000000047
28.86,305.85,1,19.5
30.060000000000002,311.4375,1,19.501999999999953
31.54,317.3625,1,19.503999999999905
32.06,321.375,1,19.506000000000313
32.82,323.2875,1,19.508000000000266
33.3,325.875,1,19.51000000000022
32.98,327.5625,1,19.51200000000017
33.54,327.1875,1,19.514000000000124
33.06,326.0625,1,19.516000000000076
33.58,326.9625,1,19.51800000000003
33.019999999999996,326.25,1,19.519999999999982
33.14,326.25,1,19.521999999999935
33.7,326.025,1,19.524000000000342
32.74,325.9875,1,19.526000000000295
33.42,325.95,1,19.528000000000247
33.38,326.025,1,19.5300000000002
33.14,325.7625,1,19.532000000000153
33.5,325.4625,1,19.534000000000106
33.18,325.57500000000005,1,19.536000000000058
33.3,325.2375,1,19.53800000000001
33.78,325.23749999999995,1,19.539999999999964
33.06,325.65,1,19.541999999999916
33.620000000000005,325.8,1,19.544000000000324
34.02,325.6875,1,19.546000000000276
33.62,325.5,1,19.54800000000023
33.82,325.125,1,19.550000000000182
34.02,325.8,1,19.552000000000135
33.98,325.725,1,19.554000000000087
33.78,325.76250000000005,1,19.55600000000004
34.42,325.04999999999995,1,19.557999999999993
34.94,326.2125,1,19.559999999999945
34.74,326.1375,1,19.561999999999898
35.06,326.475,1,19.564000000000306
35.42,326.475,1,19.56600000000026
35.260000000000005,326.85,1,19.56800000000021
35.06,327.9,1,19.570000000000164
35.74,326.925,1,19.572000000000116
36.18,327.7875,1,19.57400000000007
35.82,327.82500000000005,1,19.576000000000022
36.58,327.0375,1,19.577999999999975
37.18,327.7125,1,19.579999999999927
36.26,327.4125,1,19.582000000000335
36.7,328.2375,1,19.584000000000287
37.26,327.1875,1,19.58600000000024
37.379999999999995,327.6,1,19.588000000000193
37.3,327.45,1,19.590000000000146
37.42,327.375,1,19.5920000000001
37.18,327.7125,1,19.59400000000005
37.34,327.0,1,19.596000000000004
37.02,325.95,1,19.597999999999956
37.379999999999995,326.36249999999995,1,19.59999999999991
36.58,326.5875,1,19.602000000000317
37.22,326.2875,1,19.60400000000027
37.260000000000005,325.79999999999995,1,19.606000000000222
36.82,326.4,1,19.608000000000175
36.86,325.275,1,19.610000000000127
36.78,325.95,1,19.61200000000008
36.620000000000005,325.3125,1,19.614000000000033
36.66,324.1125,1,19.615999999999985
36.620000000000005,324.8625,1,19.617999999999938
36.86,325.3125,1,19.620000000000346
35.86,324.6,1,19.6220000000003
35.94,325.4625,1,19.62400000000025
35.94,324.5625,1,19.626000000000204
35.7,325.35,1,19.628000000000156
35.260000000000005,324.975,1,19.63000000000011
36.099999999999994,325.4625,1,19.632000000000062
35.74,324.5625,1,19.634000000000015
35.78,325.1625,1,19.635999999999967
35.260000000000005,325.42499999999995,1,19.63799999999992
35.46,326.025,1,19.640000000000327
35.34,325.8,1,19.64200000000028
34.82,326.7375,1,19.644000000000233
35.06,326.025,1,19.646000000000186
35.14,326.325,1,19.64800000000014
34.3,326.325,1,19.65000000000009
35.26,325.8375,1,19.652000000000044
34.94,326.32500000000005,1,19.653999999999996
34.980000000000004,326.025,1,19.65599999999995
34.739999999999995,326.7375,1,19.6579999999999
34.94,326.0625,1,19.66000000000031
35.22,326.17499999999995,1,19.662000000000262
34.14,327.1875,1,19.664000000000215
34.5,326.36249999999995,1,19.666000000000167
35.26,325.95000000000005,1,19.66800000000012
35.14,326.25,1,19.670000000000073
34.5,326.025,1,19.672000000000025
34.78,325.8375,1,19.673999999999978
34.58,326.5125,1,19.67599999999993
34.94,325.6875,1,19.67800000000034
35.22,326.32500000000005,1,19.68000000000029
35.14,325.42499999999995,1,19.682000000000244
35.260000000000005,326.0625,1,19.684000000000196
35.22,326.025,1,19.68600000000015
35.42,326.32500000000005,1,19.688000000000102
35.540000000000006,325.3875,1,19.690000000000055
35.5,326.4,1,19.692000000000007
36.019999999999996,325.38750000000005,1,19.69399999999996
35.9,325.0125,1,19.695999999999913
35.78,326.25,1,19.69800000000032
36.34,325.6875,1,19.700000000000273
36.58,326.2875,1,19.702000000000226
36.58,325.98749999999995,1,19.70400000000018
36.379999999999995,326.175,1,19.70600000000013
36.5,325.8,1,19.708000000000084
36.9,326.25,1,19.710000000000036
37.14,326.4,1,19.71199999999999
37.5,326.1,1,19.713999999999942
37.18,326.7375,1,19.71600000000035
37.42,326.5125,1,19.718000000000302
37.18,326.775,1,19.720000000000255
37.66,327.075,1,19.722000000000207
37.9,327.6375,1,19.72400000000016
37.739999999999995,327.2625,1,19.726000000000113
37.58,327.4125,1,19.728000000000065
37.980000000000004,328.275,1,19.730000000000018
37.66,328.5,1,19.73199999999997
38.019999999999996,328.2375,1,19.733999999999924
37.82,327.9375,1,19.73600000000033
37.74,327.6,1,19.738000000000284
37.900000000000006,327.3375,1,19.740000000000236
38.42,327.7125,1,19.74200000000019
38.14,327.4875,1,19.744000000000142
38.06,326.9625,1,19.746000000000095
38.18,327.0375,1,19.748000000000047
38.3,326.4375,1,19.75
38.379999999999995,326.175,1,19.751999999999953
38.5,326.25,1,19.753999999999905
37.66,326.175,1,19.756000000000313
38.18,326.6625,1,19.758000000000266
38.14,325.2375,1,19.76000000000022
38.22,324.525,1,19.76200000000017
38.22,324.6,1,19.764000000000124
38.099999999999994,323.7375,1,19.766000000000076
38.38,323.92499999999995,1,19.76800000000003
38.14,324.15,1,19.769999999999982
37.900000000000006,324.45,1,19.771999999999935
38.14,324.975,1,19.774000000000342
38.42,324.5625,1,19.776000000000295
38.18,325.38750000000005,1,19.778000000000247
38.34,325.3125,1,19.7800000000002
37.980000000000004,326.1,1,19.782000000000153
38.66,325.6875,1,19.784000000000106
39.34,326.1,1,19.786000000000058
41.78,328.9125,1,19.78800000000001
46.1,330.9,1,19.789999999999964
53.82,332.4375,1,19.791999999999916
64.94,335.0625,1,19.794000000000324
76.62,340.05,1,19.796000000000276
90.54,342.375,1,19.79800000000023
106.78,347.13750000000005,1,19.800000000000182
121.66,348.63750000000005,1,19.802000000000135
138.14,352.05,1,19.804000000000087
152.98,352.2,1,19.80600000000004
169.10000000000002,355.425,1,19.807999999999993
184.38,356.6625,1,19.809999999999945
197.82,358.0125,1,19.811999999999898
211.46,360.15,1,19.814000000000306
224.3,362.2125,1,19.81600000000026
234.89999999999998,362.13750000000005,1,19.81800000000021
247.5,363.2625,1,19.820000000000164
259.06,363.86249999999995,1,19.822000000000116
271.26,364.3125,1,19.82400000000007
283.74,366.07500000000005,1,19.826000000000022
294.78,367.0125,1,19.827999999999975
306.3,368.0625,1,19.829999999999927
315.05999999999995,368.88750000000005,1,19.832000000000335
322.1,368.6625,1,19.834000000000287
326.58000000000004,368.6625,1,19.83600000000024
329.41999999999996,368.88750000000005,1,19.838000000000193
329.62,369.0,1,19.840000000000146
328.9,367.8375,1,19.8420000000001
327.74,367.725,1,19.84400000000005
327.26,367.0875,1,19.846000000000004
326.58,366.45,1,19.847999999999956
326.06,366.11249999999995,1,19.84999999999991
325.9,366.375,1,19.852000000000317
325.94,366.6,1,19.85400000000027
326.58,366.8625,1,19.856000000000222
326.26,366.4875,1,19.858000000000175
325.86,366.4875,1,19.860000000000127
325.94,366.11249999999995,1,19.86200000000008
325.94,366.3,1,19.864000000000033
325.94,366.15,1,19.865999999999985
326.53999999999996,366.07500000000005,1,19.867999999999938
326.06,365.475,1,19.870000000000346
326.74,365.4,1,19.8720000000003
326.86,365.5875,1,19.87400000000025
326.62,365.70000000000005,1,19.876000000000204
326.9,364.6125,1,19.878000000000156
327.34000000000003,365.1,1,19.88000000000011
326.62,365.775,1,19.882000000000062
327.02,364.5375,1,19.884000000000015
327.34,363.7875,1,19.885999999999967
327.41999999999996,363.67499999999995,1,19.88799999999992
327.5,362.775,1,19.890000000000327
327.38,363.4125,1,19.89200000000028
328.06,363.0375,1,19.894000000000233
327.70000000000005,362.1375,1,19.896000000000186
328.58,361.79999999999995,1,19.89800000000014
328.34000000000003,361.95,1,19.90000000000009
328.74,361.125,1,19.902000000000044
328.26,360.9375,1,19.903999999999996
328.65999999999997,360.0,1,19.90599999999995
328.86,360.225,1,19.9079999999999
328.62,359.92499999999995,1,19.91000000000031
328.22,360.0,1,19.912000000000262
328.86,359.0625,1,19.914000000000215
328.86,359.1,1,19.916000000000167
328.78,359.1,1,19.91800000000012
328.74,358.20000000000005,1,19.920000000000073
328.78,356.2875,1,19.922000000000025
329.06,355.8375,1,19.923999999999978
328.98,355.125,1,19.92599999999993
329.06,354.375,1,19.92800000000034
329.18,354.525,1,19.93000000000029
329.17999999999995,354.4125,1,19.932000000000244
328.86,354.3375,1,19.934000000000196
328.98,353.7375,1,19.93600000000015
329.46000000000004,353.3625,1,19.938000000000102
329.65999999999997,352.7625,1,19.940000000000055
329.14,352.8375,1,19.942000000000007
329.53999999999996,352.5375,1,19.94399999999996
329.22,352.5,1,19.945999999999913
329.38,353.2125,1,19.94800000000032
329.26,352.95,1,19.950000000000273
329.22,353.4,1,19.952000000000226
329.06,353.32500000000005,1,19.95400000000018
329.1,353.5875,1,19.95600000000013
328.9,352.20000000000005,1,19.958000000000084
329.65999999999997,352.8375,1,19.960000000000036
328.94,353.4375,1,19.96199999999999
328.65999999999997,353.625,1,19.963999999999942
328.1,353.70000000000005,1,19.96600000000035
328.82,353.8875,1,19.968000000000302
328.34000000000003,353.25,1,19.970000000000255
328.38,353.70000000000005,1,19.972000000000207
328.5,353.7375,1,19.97400000000016
328.78,353.8125,1,19.976000000000113
328.18,353.70000000000005,1,19.978000000000065
328.9,354.9375,1,19.980000000000018
328.34000000000003,353.025,1,19.98199999999997
327.94,353.775,1,19.983999999999924
327.94,353.88750000000005,1,19.98600000000033
328.26,353.025,1,19.988000000000284
328.14,352.875,1,19.990000000000236
328.22,353.025,1,19.99200000000019
327.3,351.375,1,19.994000000000142
328.14,351.225,1,19.996000000000095
327.74,350.92499999999995,1,19.998000000000047
327.65999999999997,350.5875,1,20.0
327.58,349.95,1,20.001999999999953
327.53999999999996,350.1,1,20.003999999999905
327.98,348.75,1,20.006000000000313
327.46000000000004,349.01250000000005,1,20.008000000000266
327.22,348.75,1,20.01000000000022
327.34000000000003,348.075,1,20.01200000000017
327.62,348.15,1,20.014000000000124
327.82000000000005,347.88750000000005,1,20.016000000000076
327.22,347.1,1,20.01800000000003
327.06,347.475,1,20.019999999999982
327.53999999999996,347.25,1,20.021999999999935
327.54,346.5375,1,20.024000000000342
327.58000000000004,346.5375,1,20.026000000000295
327.1,346.575,1,20.028000000000247
327.54,346.275,1,20.0300000000002
327.34000000000003,346.275,1,20.032000000000153
327.82,346.0125,1,20.034000000000106
327.82,346.20000000000005,1,20.036000000000058
328.02,345.6,1,20.03800000000001
328.38,345.5625,1,20.039999999999964
328.62,345.525,1,20.041999999999916
328.3,345.9,1,20.044000000000324
328.38,345.45000000000005,1,20.046000000000276
328.46000000000004,345.375,1,20.04800000000023
328.86,345.7875,1,20.050000000000182
328.41999999999996,345.26250000000005,1,20.052000000000135
328.98,345.15,1,20.054000000000087
328.82,345.4875,1,20.05600000000004
329.3,345.9375,1,20.057999999999993
329.46000000000004,345.75,1,20.059999999999945
329.74,345.5625,1,20.061999999999898
329.53999999999996,346.0875,1,20.064000000000306
329.86,346.1625,1,20.06600000000026
329.70000000000005,346.5375,1,20.06800000000021
329.34000000000003,345.7875,1,20.070000000000164
330.1,346.61249999999995,1,20.072000000000116
329.98,346.5,1,20.07400000000007
329.94,346.0875,1,20.076000000000022
330.22,345.825,1,20.077999999999975
330.18,345.67499999999995,1,20.079999999999927
330.1,345.48749999999995,1,20.082000000000335
330.22,346.04999999999995,1,20.084000000000287
329.74,346.1625,1,20.08600000000024
330.1,346.3125,1,20.088000000000193
330.34000000000003,346.3125,1,20.090000000000146
330.22,346.57500000000005,1,20.0920000000001
330.53999999999996,346.2,1,20.09400000000005
330.06,345.86249999999995,1,20.096000000000004
330.1,346.0875,1,20.097999999999956
330.29999999999995,346.23749999999995,1,20.09999999999991
329.78,346.125,1,20.102000000000317
329.9,346.3125,1,20.10400000000027
330.98,345.7875,1,20.106000000000222
333.06,346.4625,1,20.108000000000175
337.9,346.9875,1,20.110000000000127
346.05999999999995,350.4375,1,20.11200000000008
358.65999999999997,353.7375,1,20.114000000000033
373.94,358.0875,1,20.115999999999985
390.46000000000004,360.4125,1,20.117999999999938
409.18,362.85,1,20.120000000000346
428.65999999999997,367.3875,1,20.1220000000003
449.06,371.55,1,20.12400000000025
469.9,375.9,1,20.126000000000204
491.06,379.65,1,20.128000000000156
512.9,381.6,1,20.13000000000011
535.26,384.7875,1,20.132000000000062
557.3399999999999,388.6125,1,20.134000000000015
578.62,393.07500000000005,1,20.135999999999967
599.78,395.7375,1,20.13799999999992
621.26,399.675,1,20.140000000000327
640.26,400.9125,1,20.14200000000028
658.06,401.85,1,20.144000000000233
675.78,402.975,1,20.146000000000186
691.78,405.7125,1,20.14800000000014
706.3,406.5,1,20.15000000000009
721.06,406.23749999999995,1,20.152000000000044
736.66,405.29999999999995,1,20.153999999999996
751.22,406.4625,1,20.15599999999995
767.9,408.675,1,20.1579999999999
781.02,410.775,1,20.16000000000031
796.5,412.575,1,20.162000000000262
810.02,413.9625,1,20.164000000000215
823.06,414.6,1,20.166000000000167
836.54,417.0,1,20.16800000000012
846.54,417.6,1,20.170000000000073
855.5,418.7625,1,20.172000000000025
860.66,416.92499999999995,1,20.173999999999978
862.78,416.8125,1,20.17599999999993
863.1800000000001,414.225,1,20.17800000000034
862.1,412.23749999999995,1,20.18000000000029
861.8199999999999,409.9125,1,20.182000000000244
861.38,409.23749999999995,1,20.184000000000196
860.78,407.8875,1,20.18600000000015
860.86,407.4375,1,20.188000000000102
860.62,407.1375,1,20.190000000000055
860.7,408.3375,1,20.192000000000007
859.86,406.04999999999995,1,20.19399999999996
859.66,406.425,1,20.195999999999913
858.46,405.0,1,20.19800000000032
859.34,405.82500000000005,1,20.200000000000273
859.14,404.925,1,20.202000000000226
859.9,404.7375,1,20.20400000000018
860.14,404.0625,1,20.20600000000013
860.14,404.25,1,20.208000000000084
860.78,403.23749999999995,1,20.210000000000036
860.7,403.57500000000005,1,20.21199999999999
861.22,403.4625,1,20.213999999999942
861.26,403.125,1,20.21600000000035
861.54,402.3375,1,20.218000000000302
861.3399999999999,402.3375,1,20.220000000000255
861.62,401.9625,1,20.222000000000207
861.74,401.70000000000005,1,20.22400000000016
861.5,401.625,1,20.226000000000113
861.94,401.85,1,20.228000000000065
862.34,400.98749999999995,1,20.230000000000018
862.6199999999999,400.9125,1,20.23199999999997
862.9,400.3125,1,20.233999999999924
862.74,401.0625,1,20.23600000000033
863.22,399.75,1,20.238000000000284
862.98,400.125,1,20.240000000000236
862.98,400.5,1,20.24200000000019
863.38,399.86249999999995,1,20.244000000000142
862.98,399.7875,1,20.246000000000095
862.94,399.825,1,20.248000000000047
862.86,399.0,1,20.25
863.3399999999999,398.36249999999995,1,20.251999999999953
862.74,399.0,1,20.253999999999905
863.26,398.8875,1,20.256000000000313
863.1,399.1875,1,20.258000000000266
862.98,398.775,1,20.26000000000022
862.82,398.4375,1,20.26200000000017
863.46,397.6875,1,20.264000000000124
863.1800000000001,397.57500000000005,1,20.266000000000076
863.4200000000001,397.1625,1,20.26800000000003
863.78,397.3125,1,20.269999999999982
863.78,396.9,1,20.271999999999935
863.5799999999999,397.125,1,20.274000000000342
863.5,396.82500000000005,1,20.276000000000295
863.9000000000001,396.4875,1,20.278000000000247
864.02,396.375,1,20.2800000000002
863.9000000000001,396.525,1,20.282000000000153
863.8199999999999,396.26250000000005,1,20.284000000000106
864.02,395.925,1,20.286000000000058
864.06,396.4875,1,20.28800000000001
864.3,396.15,1,20.289999999999964
864.5799999999999,395.7375,1,20.291999999999916
864.5799999999999,395.6625,1,20.294000000000324
864.5,395.6625,1,20.296000000000276
864.62,395.6625,1,20.29800000000023
864.54,395.54999999999995,1,20.300000000000182
864.9,395.475,1,20.302000000000135
864.9000000000001,395.54999999999995,1,20.304000000000087
864.98,394.875,1,20.30600000000004
864.86,395.17499999999995,1,20.307999999999993
864.5,395.2875,1,20.309999999999945
864.5,395.1,1,20.311999999999898
864.46,394.95000000000005,1,20.314000000000306
864.54,394.875,1,20.31600000000026
864.54,395.1,1,20.31800000000021
864.7,394.7625,1,20.320000000000164
864.7,394.4625,1,20.322000000000116
864.06,394.1625,1,20.32400000000007
864.38,393.825,1,20.326000000000022
864.06,394.4625,1,20.327999999999975
864.06,394.3125,1,20.329999999999927
863.86,394.4625,1,20.332000000000335
863.94,394.125,1,20.334000000000287
863.9,394.0875,1,20.33600000000024
864.06,394.01250000000005,1,20.338000000000193
864.38,393.3375,1,20.340000000000146
864.14,394.05,1,20.3420000000001
864.1400000000001,393.9,1,20.34400000000005
864.1800000000001,393.0375,1,20.346000000000004
864.22,393.29999999999995,1,20.347999999999956
864.02,393.6,1,20.34999999999991
864.0999999999999,393.29999999999995,1,20.352000000000317
864.22,392.7,1,20.35400000000027
864.38,393.1875,1,20.356000000000222
864.3399999999999,393.4125,1,20.358000000000175
864.54,392.7375,1,20.360000000000127
864.78,392.6625,1,20.36200000000008
864.8199999999999,392.925,1,20.364000000000033
864.78,392.475,1,20.365999999999985
864.94,392.51250000000005,1,20.367999999999938
864.86,392.2125,1,20.370000000000346
864.8599999999999,392.925,1,20.3720000000003
864.7,392.25,1,20.37400000000025
865.02,392.325,1,20.376000000000204
864.94,391.9125,1,20.378000000000156
864.74,392.4,1,20.38000000000011
865.1800000000001,392.0625,1,20.382000000000062
864.98,392.625,1,20.384000000000015
865.38,392.25,1,20.385999999999967
865.38,392.1375,1,20.38799999999992
865.3399999999999,392.4,1,20.390000000000327
865.06,391.8,1,20.39200000000028
865.46,391.0875,1,20.394000000000233
865.3,391.8375,1,20.396000000000186
865.4200000000001,390.975,1,20.39800000000014
864.74,390.9375,1,20.40000000000009
864.8199999999999,391.23749999999995,1,20.402000000000044
865.06,390.75,1,20.403999999999996
865.38,390.075,1,20.40599999999995
865.38,389.475,1,20.4079999999999
865.14,388.98749999999995,1,20.41000000000031
865.14,388.5375,1,20.412000000000262
865.5,389.1,1,20.414000000000215
865.5799999999999,388.425,1,20.416000000000167
865.22,388.61249999999995,1,20.41800000000012
865.78,389.025,1,20.420000000000073
865.38,388.5375,1,20.422000000000025
866.26,387.9,1,20.423999999999978
866.34,387.2625,1,20.42599999999993
865.94,387.75,1,20.42800000000034
866.26,387.48749999999995,1,20.43000000000029
865.7,387.9,1,20.432000000000244
866.3,387.7875,1,20.434000000000196
866.02,388.125,1,20.43600000000015
865.94,387.9,1,20.438000000000102
866.14,388.0875,1,20.440000000000055
866.22,388.8375,1,20.442000000000007
867.94,390.11249999999995,1,20.44399999999996
869.62,392.0625,1,20.445999999999913
873.1800000000001,393.75,1,20.44800000000032
877.0999999999999,394.275,1,20.450000000000273
883.98,397.20000000000005,1,20.452000000000226
887.3399999999999,399.82500000000005,1,20.45400000000018
890.1800000000001,401.4375,1,20.45600000000013
893.5,402.6,1,20.458000000000084
895.78,404.9625,1,20.460000000000036
896.9,406.95,1,20.46199999999999
897.8199999999999,407.5875,1,20.463999999999942
898.22,407.73749999999995,1,20.46600000000035
898.54,409.2375,1,20.468000000000302
898.78,409.76250000000005,1,20.470000000000255
897.8599999999999,410.0625,1,20.472000000000207
897.1800000000001,409.2375,1,20.47400000000016
896.3399999999999,410.2875,1,20.476000000000113
895.9000000000001,409.7625,1,20.478000000000065
895.46,410.1,1,20.480000000000018
895.22,410.3625,1,20.48199999999997
894.9,409.65,1,20.483999999999924
894.78,409.2375,1,20.48600000000033
894.5799999999999,409.38750000000005,1,20.488000000000284
895.38,408.975,1,20.490000000000236
895.54,410.0625,1,20.49200000000019
895.54,409.95,1,20.494000000000142
895.3399999999999,409.35,1,20.496000000000095
895.18,409.6125,1,20.498000000000047
895.66,409.95000000000005,1,20.5
895.54,409.8,1,20.501999999999953
896.02,409.23749999999995,1,20.503999999999905
895.5,409.1625,1,20.506000000000313
895.66,409.4625,1,20.508000000000266
895.54,409.8375,1,20.51000000000022
896.06,409.23749999999995,1,20.51200000000017
896.06,409.725,1,20.514000000000124
896.1,409.275,1,20.516000000000076
895.8199999999999,409.5375,1,20.51800000000003
896.78,409.125,1,20.519999999999982
896.34,409.3875,1,20.521999999999935
896.7,409.0125,1,20.524000000000342
895.98,408.6375,1,20.526000000000295
896.1,409.2,1,20.528000000000247
896.1,409.3875,1,20.5300000000002
896.0999999999999,409.275,1,20.532000000000153
896.98,408.82500000000005,1,20.534000000000106
896.4200000000001,408.825,1,20.536000000000058
896.46,409.3125,1,20.53800000000001
896.38,409.3125,1,20.539999999999964
896.1,409.65,1,20.541999999999916
896.14,409.275,1,20.544000000000324
896.4200000000001,409.35,1,20.546000000000276
896.3,408.7125,1,20.54800000000023
896.26,408.6,1,20.550000000000182
896.42,409.3875,1,20.552000000000135
896.26,408.75,1,20.554000000000087
896.1800000000001,408.525,1,20.55600000000004
896.4200000000001,408.75,1,20.557999999999993
896.66,409.1625,1,20.559999999999945
896.54,408.975,1,20.561999999999898
897.26,409.0875,1,20.564000000000306
897.02,407.5875,1,20.56600000000026
896.66,409.2,1,20.56800000000021
896.94,407.54999999999995,1,20.570000000000164
897.26,408.975,1,20.572000000000116
896.8199999999999,407.9625,1,20.57400000000007
897.38,407.7,1,20.576000000000022
896.86,407.9625,1,20.577999999999975
897.5,407.54999999999995,1,20.579999999999927
897.46,407.5875,1,20.582000000000335
896.8599999999999,408.15,1,20.584000000000287
897.74,407.5875,1,20.58600000000024
897.46,407.51250000000005,1,20.588000000000193
897.4200000000001,407.25,1,20.590000000000146
897.6600000000001,407.175,1,20.5920000000001
897.46,407.025,1,20.59400000000005
898.22,407.175,1,20.596000000000004
898.26,406.9875,1,20.597999999999956
898.06,406.6875,1,20.59999999999991
897.8199999999999,407.175,1,20.602000000000317
897.9000000000001,406.9125,1,20.60400000000027
898.66,407.4375,1,20.606000000000222
898.1800000000001,406.5375,1,20.608000000000175
898.6600000000001,406.4625,1,20.610000000000127
898.74,407.175,1,20.61200000000008
898.38,406.8375,1,20.614000000000033
897.9,406.7625,1,20.615999999999985
898.6600000000001,407.36249999999995,1,20.617999999999938
898.34,407.4,1,20.620000000000346
898.58,407.4,1,20.6220000000003
898.62,407.475,1,20.62400000000025
898.58,406.6875,1,20.626000000000204
898.74,406.95000000000005,1,20.628000000000156
899.06,406.725,1,20.63000000000011
899.02,406.275,1,20.632000000000062
899.14,406.65,1,20.634000000000015
898.34,406.65,1,20.635999999999967
898.98,406.2375,1,20.63799999999992
899.66,405.975,1,20.640000000000327
899.5,406.125,1,20.64200000000028
899.42,406.35,1,20.644000000000233
899.54,405.7875,1,20.646000000000186
899.74,405.6,1,20.64800000000014
899.38,405.8625,1,20.65000000000009
899.06,406.05,1,20.652000000000044
899.62,405.375,1,20.653999999999996
899.54,405.3375,1,20.65599999999995
899.4200000000001,405.7875,1,20.6579999999999
899.66,405.3375,1,20.66000000000031
899.54,405.45,1,20.662000000000262
899.3,405.525,1,20.664000000000215
899.5799999999999,405.3375,1,20.666000000000167
899.7,405.525,1,20.66800000000012
899.5,405.3375,1,20.670000000000073
899.62,405.7875,1,20.672000000000025
899.8199999999999,405.525,1,20.673999999999978
899.9000000000001,405.4875,1,20.67599999999993
899.94,405.075,1,20.67800000000034
899.9,404.9625,1,20.68000000000029
899.66,404.8125,1,20.682000000000244
899.7,405.15,1,20.684000000000196
899.78,405.9,1,20.68600000000015
899.6600000000001,405.0,1,20.688000000000102
899.74,404.9625,1,20.690000000000055
900.1400000000001,405.675,1,20.692000000000007
899.86,405.45000000000005,1,20.69399999999996
899.74,405.6375,1,20.695999999999913
900.06,405.45000000000005,1,20.69800000000032
899.86,405.3375,1,20.700000000000273
900.06,405.11249999999995,1,20.702000000000226
899.9000000000001,404.8875,1,20.70400000000018
899.7,404.625,1,20.70600000000013
899.5799999999999,404.775,1,20.708000000000084
899.46,404.4,1,20.710000000000036
899.62,405.15,1,20.71199999999999
899.38,404.25,1,20.713999999999942
899.74,404.1,1,20.71600000000035
899.3399999999999,403.9125,1,20.718000000000302
899.38,404.0625,1,20.720000000000255
899.38,403.8375,1,20.722000000000207
899.38,404.1,1,20.72400000000016
899.1800000000001,403.575,1,20.726000000000113
899.0999999999999,402.825,1,20.728000000000065
899.14,402.975,1,20.730000000000018
898.5,402.1125,1,20.73199999999997
898.3,402.9375,1,20.733999999999924
899.02,402.6375,1,20.73600000000033
898.78,402.225,1,20.738000000000284
899.06,402.5625,1,20.740000000000236
899.5799999999999,401.475,1,20.74200000000019
898.6600000000001,401.625,1,20.744000000000142
899.02,401.70000000000005,1,20.746000000000095
899.02,401.025,1,20.748000000000047
899.3399999999999,401.2875,1,20.75
899.5799999999999,401.9625,1,20.751999999999953
899.62,402.1875,1,20.753999999999905
899.78,402.11249999999995,1,20.756000000000313
899.66,402.4125,1,20.758000000000266
899.26,402.225,1,20.76000000000022
899.3399999999999,402.82500000000005,1,20.76200000000017
899.4200000000001,402.4875,1,20.764000000000124
899.54,403.1625,1,20.766000000000076
899.38,403.2,1,20.76800000000003
899.4200000000001,403.5,1,20.769999999999982
899.46,404.1,1,20.771999999999935
899.3,403.9125,1,20.774000000000342
899.1800000000001,404.775,1,20.776000000000295
899.1800000000001,404.5875,1,20.778000000000247
899.5799999999999,404.5875,1,20.7800000000002
898.54,404.625,1,20.782000000000153
898.54,405.15,1,20.784000000000106
898.62,404.25,1,20.786000000000058
898.54,405.4875,1,20.78800000000001
898.06,404.775,1,20.789999999999964
895.74,405.1875,1,20.791999999999916
892.26,405.975,1,20.794000000000324
885.22,405.7875,1,20.796000000000276
878.9000000000001,404.625,1,20.79800000000023
867.38,404.6625,1,20.800000000000182
853.94,406.2,1,20.802000000000135
838.94,406.57500000000005,1,20.804000000000087
823.46,407.17499999999995,1,20.80600000000004
806.94,406.9875,1,20.807999999999993
788.22,408.2625,1,20.809999999999945
769.8199999999999,409.05,1,20.811999999999898
751.78,409.7625,1,20.814000000000306
733.5,410.925,1,20.81600000000026
714.9,412.425,1,20.81800000000021
698.5,412.6875,1,20.820000000000164
681.1400000000001,412.95,1,20.822000000000116
664.46,413.0625,1,20.82400000000007
648.86,414.525,1,20.826000000000022
633.3399999999999,414.5625,1,20.827999999999975
617.22,414.5625,1,20.829999999999927
604.58,415.2,1,20.832000000000335
592.5,414.1875,1,20.834000000000287
586.06,413.025,1,20.83600000000024
581.86,409.65,1,20.838000000000193
580.4200000000001,408.8625,1,20.840000000000146
580.22,407.625,1,20.8420000000001
580.42,407.775,1,20.84400000000005
581.74,407.13750000000005,1,20.846000000000004
581.74,407.2875,1,20.847999999999956
581.9000000000001,407.0625,1,20.84999999999991
581.7,406.9875,1,20.852000000000317
580.8199999999999,406.57500000000005,1,20.85400000000027
581.1800000000001,407.6625,1,20.856000000000222
581.1,405.9,1,20.858000000000175
581.22,405.825,1,20.860000000000127
581.1800000000001,404.54999999999995,1,20.86200000000008
581.94,403.9125,1,20.864000000000033
581.6600000000001,403.3125,1,20.865999999999985
581.94,402.86249999999995,1,20.867999999999938
581.46,401.9625,1,20.870000000000346
581.38,401.2125,1,20.8720000000003
581.5,401.55,1,20.87400000000025
581.1800000000001,400.8,1,20.876000000000204
581.46,399.7875,1,20.878000000000156
581.1,399.63750000000005,1,20.88000000000011
581.3,399.1875,1,20.882000000000062
581.14,398.4,1,20.884000000000015
580.3,397.6875,1,20.885999999999967
580.74,397.6875,1,20.88799999999992
580.7,397.3125,1,20.890000000000327
579.98,396.7875,1,20.89200000000028
579.86,396.3375,1,20.894000000000233
579.74,395.2875,1,20.896000000000186
579.98,395.6625,1,20.89800000000014
579.7,395.1,1,20.90000000000009
579.26,394.6875,1,20.902000000000044
579.5,394.125,1,20.903999999999996
579.3399999999999,393.7125,1,20.90599999999995
579.6199999999999,393.525,1,20.9079999999999
579.46,393.0,1,20.91000000000031
579.78,392.1375,1,20.912000000000262
579.26,392.175,1,20.914000000000215
579.5,391.3875,1,20.916000000000167
579.22,391.95,1,20.91800000000012
578.9,391.9125,1,20.920000000000073
579.1,391.1625,1,20.922000000000025
579.26,390.825,1,20.923999999999978
578.86,390.7125,1,20.92599999999993
578.5,390.6,1,20.92800000000034
579.38,390.67499999999995,1,20.93000000000029
578.6600000000001,390.3,1,20.932000000000244
578.8199999999999,389.88750000000005,1,20.934000000000196
579.06,390.075,1,20.93600000000015
578.46,389.5125,1,20.938000000000102
578.86,389.775,1,20.940000000000055
579.1800000000001,390.0,1,20.942000000000007
578.5,389.6625,1,20.94399999999996
578.86,389.625,1,20.945999999999913
578.5,389.5875,1,20.94800000000032
578.42,389.2125,1,20.950000000000273
578.86,389.70000000000005,1,20.952000000000226
578.98,389.5125,1,20.95400000000018
578.5,388.7625,1,20.95600000000013
578.94,388.79999999999995,1,20.958000000000084
578.46,388.5375,1,20.960000000000036
578.5799999999999,388.38750000000005,1,20.96199999999999
579.1,388.875,1,20.963999999999942
578.5799999999999,387.6,1,20.96600000000035
578.6600000000001,387.75,1,20.968000000000302
579.1800000000001,387.1875,1,20.970000000000255
579.06,387.63750000000005,1,20.972000000000207
578.78,387.0,1,20.97400000000016
579.1800000000001,386.8875,1,20.976000000000113
578.9,386.32500000000005,1,20.978000000000065
578.8199999999999,387.07500000000005,1,20.980000000000018
579.14,386.73749999999995,1,20.98199999999997
579.02,386.92499999999995,1,20.983999999999924
578.94,386.2875,1,20.98600000000033
579.26,386.36249999999995,1,20.988000000000284
578.7,385.98749999999995,1,20.990000000000236
578.3,386.625,1,20.99200000000019
578.8199999999999,386.775,1,20.994000000000142
578.8199999999999,386.2125,1,20.996000000000095
578.54,386.36249999999995,1,20.998000000000047
578.54,386.025,1,21.0
578.3800000000001,385.6875,1,21.001999999999953
578.8199999999999,385.95000000000005,1,21.003999999999905
578.38,386.32500000000005,1,21.006000000000313
578.86,385.5,1,21.008000000000266
578.26,385.8375,1,21.01000000000022
578.86,386.0625,1,21.01200000000017
578.46,385.01250000000005,1,21.014000000000124
578.62,385.35,1,21.016000000000076
578.42,385.01250000000005,1,21.01800000000003
578.46,384.75,1,21.019999999999982
577.8199999999999,384.9375,1,21.021999999999935
578.54,385.0875,1,21.024000000000342
577.74,384.7875,1,21.026000000000295
578.54,384.82500000000005,1,21.028000000000247
578.98,384.975,1,21.0300000000002
578.14,385.0125,1,21.032000000000153
578.7,384.675,1,21.034000000000106
578.86,386.025,1,21.036000000000058
578.7,385.125,1,21.03800000000001
578.78,385.1625,1,21.039999999999964
578.38,385.275,1,21.041999999999916
578.1800000000001,385.725,1,21.044000000000324
578.38,385.725,1,21.046000000000276
578.5799999999999,385.79999999999995,1,21.04800000000023
578.26,385.6125,1,21.050000000000182
579.22,386.5125,1,21.052000000000135
578.78,386.4375,1,21.054000000000087
578.1,386.025,1,21.05600000000004
578.26,385.5,1,21.057999999999993
578.9,385.9875,1,21.059999999999945
578.22,385.5,1,21.061999999999898
577.94,385.3125,1,21.064000000000306
578.02,386.25,1,21.06600000000026
578.4200000000001,385.8,1,21.06800000000021
578.5,385.6875,1,21.070000000000164
577.5799999999999,385.425,1,21.072000000000116
577.62,385.275,1,21.07400000000007
577.4200000000001,385.425,1,21.076000000000022
577.98,385.425,1,21.077999999999975
577.9,384.6,1,21.079999999999927
577.74,385.0125,1,21.082000000000335
577.78,385.0875,1,21.084000000000287
578.06,385.125,1,21.08600000000024
577.74,384.4125,1,21.088000000000193
577.74,384.67499999999995,1,21.090000000000146
578.02,384.4875,1,21.0920000000001
577.6600000000001,384.9375,1,21.09400000000005
576.94,384.7125,1,21.096000000000004
574.94,385.95000000000005,1,21.097999999999956
570.5799999999999,387.4125,1,21.09999999999991
563.4200000000001,389.8125,1,21.102000000000317
555.78,391.6875,1,21.10400000000027
543.74,395.17499999999995,1,21.106000000000222
533.94,401.775,1,21.108000000000175
521.62,404.2875,1,21.110000000000127
510.70000000000005,405.67499999999995,1,21.11200000000008
499.86,409.5,1,21.114000000000033
491.65999999999997,410.6625,1,21.115999999999985
483.9,412.61249999999995,1,21.117999999999938
476.05999999999995,412.2,1,21.120000000000346
472.66,412.3875,1,21.1220000000003
469.74,413.25,1,21.12400000000025
468.9,413.8125,1,21.126000000000204
468.46000000000004,413.1,1,21.128000000000156
468.78,412.9125,1,21.13000000000011
469.1,412.3125,1,21.132000000000062
470.14,412.57500000000005,1,21.134000000000015
470.62,412.4625,1,21.135999999999967
471.22,412.3125,1,21.13799999999992
472.1,411.675,1,21.140000000000327
471.98,411.15,1,21.14200000000028
472.22,411.0,1,21.144000000000233
472.5,410.8875,1,21.146000000000186
472.5,410.4,1,21.14800000000014
471.53999999999996,410.88750000000005,1,21.15000000000009
472.06,410.9625,1,21.152000000000044
472.46000000000004,410.2875,1,21.153999999999996
472.38,409.98749999999995,1,21.15599999999995
471.78,409.875,1,21.1579999999999
472.18,409.575,1,21.16000000000031
471.98,409.6875,1,21.162000000000262
472.14,409.65,1,21.164000000000215
472.38,409.6875,1,21.166000000000167
472.26,409.3125,1,21.16800000000012
472.34000000000003,409.6125,1,21.170000000000073
472.34000000000003,408.7875,1,21.172000000000025
472.82,409.725,1,21.173999999999978
473.46000000000004,409.6125,1,21.17599999999993
472.82,409.5375,1,21.17800000000034
473.26,408.4875,1,21.18000000000029
473.22,409.4625,1,21.182000000000244
473.22,409.2375,1,21.184000000000196
473.14,409.2,1,21.18600000000015
472.58000000000004,409.0875,1,21.188000000000102
472.86,409.125,1,21.190000000000055
473.3,409.5375,1,21.192000000000007
473.58000000000004,408.7875,1,21.19399999999996
473.1,408.45000000000005,1,21.195999999999913
472.94,408.6,1,21.19800000000032
473.46,408.4125,1,21.200000000000273
473.3,408.2625,1,21.202000000000226
473.65999999999997,408.1125,1,21.20400000000018
473.26,407.4,1,21.20600000000013
473.22,407.1,1,21.208000000000084
472.82,407.175,1,21.210000000000036
473.9,406.125,1,21.21199999999999
473.14,406.57500000000005,1,21.213999999999942
473.5,406.5,1,21.21600000000035
473.78,406.1625,1,21.218000000000302
473.26,405.0375,1,21.220000000000255
473.26,406.0875,1,21.222000000000207
473.38,405.4125,1,21.22400000000016
474.17999999999995,405.0375,1,21.226000000000113
473.53999999999996,404.88750000000005,1,21.228000000000065
473.53999999999996,404.8125,1,21.230000000000018
473.65999999999997,404.4375,1,21.23199999999997
473.62,404.625,1,21.233999999999924
474.06,403.6875,1,21.23600000000033
473.98,403.9125,1,21.238000000000284
474.06,403.8,1,21.240000000000236
474.5,402.825,1,21.24200000000019
473.94,402.4125,1,21.244000000000142
473.98,402.45,1,21.246000000000095
473.58,403.23749999999995,1,21.248000000000047
474.18,402.2625,1,21.25
473.94,402.4875,1,21.251999999999953
473.98,402.29999999999995,1,21.253999999999905
474.02,401.5875,1,21.256000000000313
473.86,401.55,1,21.258000000000266
474.22,401.85,1,21.26000000000022
474.02,401.9625,1,21.26200000000017
473.9,401.88750000000005,1,21.264000000000124
474.02,401.0625,1,21.266000000000076
474.06,401.4375,1,21.26800000000003
473.98,401.9625,1,21.269999999999982
473.94,402.4125,1,21.271999999999935
473.5,402.075,1,21.274000000000342
473.06,402.525,1,21.276000000000295
473.94,402.75,1,21.278000000000247
473.18,402.375,1,21.2800000000002
473.82,403.35,1,21.282000000000153
473.53999999999996,404.1375,1,21.284000000000106
473.58000000000004,404.4375,1,21.286000000000058
473.86,404.925,1,21.28800000000001
473.38,405.8625,1,21.289999999999964
473.82,406.2,1,21.291999999999916
473.5,406.7625,1,21.294000000000324
474.58,407.25,1,21.296000000000276
474.78,407.925,1,21.29800000000023
475.46000000000004,408.075,1,21.300000000000182
475.58000000000004,407.5875,1,21.302000000000135
475.70000000000005,409.6875,1,21.304000000000087
476.74,409.725,1,21.30600000000004
476.38,417.5625,1,21.307999999999993
479.02,432.75,1,21.309999999999945
481.62,448.65,1,21.311999999999898
484.82,465.6375,1,21.314000000000306
488.34000000000003,495.4125,1,21.31600000000026
496.65999999999997,523.95,1,21.31800000000021
493.26,556.9875,1,21.320000000000164
499.41999999999996,583.95,1,21.322000000000116
499.13578947368416,584.3868421052631,0,21.32400000000007
498.85157894736835,584.8236842105263,0,21.326000000000022
498.5673684210526,585.2605263157895,0,21.327999999999975
498.2831578947368,585.6973684210527,0,21.329999999999927
497.998947368421,586.1342105263158,0,21.332000000000335
497.71473684210514,586.5710526315788,0,21.334000000000287
497.4305263157894,587.007894736842,0,21.33600000000024
497.14631578947365,587.4447368421053,0,21.338000000000193
496.86210526315784,587.8815789473684,0,21.340000000000146
496.57789473684204,588.3184210526315,0,21.3420000000001
496.29368421052624,588.7552631578947,0,21.34400000000005
496.0094736842105,589.1921052631579,0,21.346000000000004
495.7252631578947,589.628947368421,0,21.347999999999956
495.4410526315789,590.0657894736842,0,21.34999999999991
495.15684210526314,590.5026315789473,0,21.352000000000317
494.87263157894733,590.9394736842105,0,21.35400000000027
494.5884210526316,591.3763157894737,0,21.356000000000222
494.3042105263157,591.8131578947368,0,21.358000000000175
494.0199999999999,592.25,0,21.360000000000127
493.7357894736842,592.6868421052632,0,21.36200000000008
493.4515789473684,593.1236842105263,0,21.364000000000033
493.1673684210525,593.5605263157894,0,21.365999999999985
492.88315789473677,593.9973684210526,0,21.367999999999938
492.598947368421,594.4342105263158,0,21.370000000000346
492.3147368421053,594.8710526315789,0,21.3720000000003
492.0305263157894,595.3078947368421,0,21.37400000000025
491.74631578947367,595.7447368421052,0,21.376000000000204
491.4621052631579,596.1815789473684,0,21.378000000000156
491.17789473684206,596.6184210526316,0,21.38000000000011
490.8936842105263,597.0552631578946,0,21.382000000000062
490.60947368421046,597.4921052631578,0,21.384000000000015
490.3252631578947,597.928947368421,0,21.385999999999967
490.04105263157896,598.3657894736841,0,21.38799999999992
489.7568421052631,598.8026315789473,0,21.390000000000327
489.4726315789473,599.2394736842105,0,21.39200000000028
489.1884210526316,599.6763157894736,0,21.394000000000233
488.9042105263158,600.1131578947368,0,21.396000000000186
488.61999999999995,600.55,0,21.39800000000014
488.33578947368414,600.9868421052631,0,21.40000000000009
488.0515789473684,601.4236842105263,0,21.402000000000044
487.76736842105265,601.8605263157895,0,21.403999999999996
487.48315789473685,602.2973684210526,0,21.40599999999995
487.198947368421,602.7342105263157,0,21.4079999999999
486.91473684210524,603.1710526315788,0,21.41000000000031
486.6305263157895,603.6078947368421,0,21.412000000000262
486.3463157894737,604.0447368421052,0,21.414000000000215
486.0621052631579,604.4815789473682,0,21.416000000000167
485.7778947368421,604.9184210526315,0,21.41800000000012
485.49368421052634,605.3552631578947,0,21.420000000000073
485.20947368421054,605.7921052631577,0,21.422000000000025
484.92526315789473,606.2289473684209,0,21.423999999999978
484.64105263157893,606.6657894736842,0,21.42599999999993
484.3568421052632,607.1026315789472,0,21.42800000000034
484.0726315789474,607.5394736842104,0,21.43000000000029
483.7884210526315,607.9763157894736,0,21.432000000000244
483.50421052631583,608.4131578947366,0,21.434000000000196
483.22,608.8499999999999,1,21.43600000000015
481.38,600.0374999999999,1,21.438000000000102
481.7,581.85,1,21.440000000000055
481.98,563.4,1,21.442000000000007
485.14,545.2874999999999,1,21.44399999999996
485.22,528.1500000000001,1,21.445999999999913
481.74,511.575,1,21.44800000000032
479.41999999999996,493.8375,1,21.450000000000273
480.7,477.7125,1,21.452000000000226
476.53999999999996,462.2625,1,21.45400000000018
475.78,446.325,1,21.45600000000013
474.9,432.825,1,21.458000000000084
474.34000000000003,418.125,1,21.460000000000036
474.38,407.325,1,21.46199999999999
474.42,394.2,1,21.463999999999942
475.38,382.9875,1,21.46600000000035
474.74,375.0375,1,21.468000000000302
474.58000000000004,366.1125,1,21.470000000000255
474.82,362.5875,1,21.472000000000207
474.78,362.73749999999995,1,21.47400000000016
474.78,364.5375,1,21.476000000000113
475.05999999999995,365.475,1,21.478000000000065
475.62,366.63750000000005,1,21.480000000000018
475.7,367.0875,1,21.48199999999997
475.74,368.775,1,21.483999999999924
476.41999999999996,370.42499999999995,1,21.48600000000033
475.58,371.7,1,21.488000000000284
476.53999999999996,372.86249999999995,1,21.490000000000236
476.82,373.6875,1,21.49200000000019
477.06,374.1375,1,21.494000000000142
476.82,375.0,1,21.496000000000095
476.94000000000005,375.9375,1,21.498000000000047
477.29999999999995,377.1,1,21.5
477.65999999999997,377.7,1,21.501999999999953
478.06,377.85,1,21.503999999999905
477.62,379.20000000000005,1,21.506000000000313
477.82,379.275,1,21.508000000000266
477.46000000000004,380.25,1,21.51000000000022
477.41999999999996,381.26250000000005,1,21.51200000000017
477.02,380.88750000000005,1,21.514000000000124
477.06,381.4875,1,21.516000000000076
477.06,382.3875,1,21.51800000000003
476.53999999999996,382.125,1,21.519999999999982
477.34000000000003,382.38750000000005,1,21.521999999999935
477.3,382.3875,1,21.524000000000342
475.86,384.11249999999995,1,21.526000000000295
476.02,383.0625,1,21.528000000000247
475.58,384.7125,1,21.5300000000002
475.22,385.05,1,21.532000000000153
475.42,384.7875,1,21.534000000000106
474.53999999999996,385.575,1,21.536000000000058
474.62,386.2125,1,21.53800000000001
473.98,385.42499999999995,1,21.539999999999964
473.86,385.4625,1,21.541999999999916
473.34,385.61249999999995,1,21.544000000000324
473.65999999999997,386.1,1,21.546000000000276
472.82000000000005,385.3125,1,21.54800000000023
472.9,386.4375,1,21.550000000000182
472.54,386.0625,1,21.552000000000135
472.5,386.25,1,21.554000000000087
472.53999999999996,386.6625,1,21.55600000000004
471.74,386.475,1,21.557999999999993
471.86,387.3375,1,21.559999999999945
471.54,387.4875,1,21.561999999999898
471.26,386.625,1,21.564000000000306
470.78,386.7375,1,21.56600000000026
471.38,388.5,1,21.56800000000021
470.3,387.8625,1,21.570000000000164
470.26,389.25,1,21.572000000000116
469.98,388.5375,1,21.57400000000007
470.3,389.4,1,21.576000000000022
469.66,389.025,1,21.577999999999975
469.74,389.4,1,21.579999999999927
469.70000000000005,389.3625,1,21.582000000000335
469.9,389.625,1,21.584000000000287
469.3,390.1875,1,21.58600000000024
469.98,390.5625,1,21.588000000000193
469.29999999999995,390.225,1,21.590000000000146
469.62,391.125,1,21.5920000000001
469.58,390.9375,1,21.59400000000005
469.26,391.125,1,21.596000000000004
469.22,391.8375,1,21.597999999999956
469.74,391.5375,1,21.59999999999991
469.46000000000004,391.875,1,21.602000000000317
469.46000000000004,392.55,1,21.60400000000027
469.26,392.2875,1,21.606000000000222
469.9,392.5875,1,21.608000000000175
469.53999999999996,392.4,1,21.610000000000127
469.94,393.0375,1,21.61200000000008
469.65999999999997,393.075,1,21.614000000000033
470.29999999999995,392.4375,1,21.615999999999985
470.58,392.7375,1,21.617999999999938
470.46000000000004,392.8125,1,21.620000000000346
470.5,392.70000000000005,1,21.6220000000003
471.1,391.725,1,21.62400000000025
471.41999999999996,391.875,1,21.626000000000204
471.86,391.5,1,21.628000000000156
471.70000000000005,390.6375,1,21.63000000000011
471.65999999999997,391.8375,1,21.632000000000062
471.86,391.0875,1,21.634000000000015
472.46000000000004,389.325,1,21.635999999999967
472.62,389.4375,1,21.63799999999992
472.78,389.4,1,21.640000000000327
472.9,389.025,1,21.64200000000028
472.74,388.38750000000005,1,21.644000000000233
473.65999999999997,388.20000000000005,1,21.646000000000186
473.46000000000004,387.6,1,21.64800000000014
473.5,387.675,1,21.65000000000009
473.94,386.925,1,21.652000000000044
474.14,386.8125,1,21.653999999999996
474.41999999999996,387.5625,1,21.65599999999995
474.18,387.15,1,21.6579999999999
473.98,387.63750000000005,1,21.66000000000031
474.41999999999996,388.05,1,21.662000000000262
474.86,387.2625,1,21.664000000000215
474.9,388.125,1,21.666000000000167
475.78,388.4625,1,21.66800000000012
475.3,389.1375,1,21.670000000000073
475.3,391.05,1,21.672000000000025
476.02,391.0875,1,21.673999999999978
475.86,391.5,1,21.67599999999993
476.02,392.25,1,21.67800000000034
476.62,392.70000000000005,1,21.68000000000029
476.9,392.925,1,21.682000000000244
476.78,393.45,1,21.684000000000196
476.9,393.5625,1,21.68600000000015
476.74,393.525,1,21.688000000000102
476.62,393.375,1,21.690000000000055
477.14,394.3875,1,21.692000000000007
477.34000000000003,394.23749999999995,1,21.69399999999996
476.94,393.2625,1,21.695999999999913
477.34000000000003,394.1625,1,21.69800000000032
477.18,394.6125,1,21.700000000000273
477.06,394.425,1,21.702000000000226
477.38,394.5375,1,21.70400000000018
476.98,393.75,1,21.70600000000013
477.5,394.0875,1,21.708000000000084
477.53999999999996,393.67499999999995,1,21.710000000000036
477.82,393.225,1,21.71199999999999
477.9,393.1125,1,21.713999999999942
478.14,392.8125,1,21.71600000000035
478.22,391.8,1,21.718000000000302
478.14,392.325,1,21.720000000000255
478.34000000000003,390.9375,1,21.722000000000207
478.06,392.25,1,21.72400000000016
478.17999999999995,390.975,1,21.726000000000113
478.1,391.4625,1,21.728000000000065
478.3,391.275,1,21.730000000000018
478.34000000000003,391.275,1,21.73199999999997
477.94,391.3125,1,21.733999999999924
477.86,392.51250000000005,1,21.73600000000033
477.70000000000005,391.275,1,21.738000000000284
478.26,391.725,1,21.740000000000236
478.17999999999995,391.9875,1,21.74200000000019
478.58000000000004,392.36249999999995,1,21.744000000000142
478.18,392.51250000000005,1,21.746000000000095
478.1,392.55,1,21.748000000000047
477.82,393.075,1,21.75
478.14,393.4875,1,21.751999999999953
477.94,393.4125,1,21.753999999999905
477.86,392.925,1,21.756000000000313
478.14,393.525,1,21.758000000000266
477.94,394.4625,1,21.76000000000022
477.22,394.5375,1,21.76200000000017
477.53999999999996,394.5375,1,21.764000000000124
477.38,394.6875,1,21.766000000000076
476.98,395.025,1,21.76800000000003
477.06,394.575,1,21.769999999999982
476.26,394.5375,1,21.771999999999935
476.06,394.3125,1,21.774000000000342
476.42,394.01250000000005,1,21.776000000000295
476.06,394.725,1,21.778000000000247
475.78,394.2375,1,21.7800000000002
475.34000000000003,393.4125,1,21.782000000000153
475.5,394.20000000000005,1,21.784000000000106
475.53999999999996,393.4875,1,21.786000000000058
474.9,393.63750000000005,1,21.78800000000001
474.58,393.75,1,21.789999999999964
474.74,393.375,1,21.791999999999916
474.78,393.3375,1,21.794000000000324
474.53999999999996,392.92499999999995,1,21.796000000000276
474.41999999999996,393.29999999999995,1,21.79800000000023
474.34000000000003,393.225,1,21.800000000000182
474.26,393.29999999999995,1,21.802000000000135
474.46000000000004,393.7125,1,21.804000000000087
474.1,393.7125,1,21.80600000000004
474.1,394.01250000000005,1,21.807999999999993
473.3,393.9,1,21.809999999999945
473.94,394.35,1,21.811999999999898
474.34000000000003,394.9125,1,21.814000000000306
473.9,394.1625,1,21.81600000000026
473.86,394.1625,1,21.81800000000021
474.1,394.125,1,21.820000000000164
474.58000000000004,393.67499999999995,1,21.822000000000116
474.42,394.275,1,21.82400000000007
474.82,394.8375,1,21.826000000000022
474.5,394.61249999999995,1,21.827999999999975
474.62,394.5375,1,21.829999999999927
474.65999999999997,394.6875,1,21.832000000000335
474.78,394.20000000000005,1,21.834000000000287
474.7,393.975,1,21.83600000000024
475.02,394.125,1,21.838000000000193
475.18,393.9,1,21.840000000000146
475.29999999999995,394.2,1,21.8420000000001
475.82000000000005,394.125,1,21.84400000000005
475.82,393.3375,1,21.846000000000004
475.94,394.3125,1,21.847999999999956
476.26,394.125,1,21.84999999999991
476.70000000000005,393.375,1,21.852000000000317
476.94000000000005,394.3125,1,21.85400000000027
476.46000000000004,393.9375,1,21.856000000000222
477.1,395.0625,1,21.858000000000175
477.46,394.5375,1,21.860000000000127
478.02,395.0625,1,21.86200000000008
478.22,394.95000000000005,1,21.864000000000033
478.58000000000004,394.875,1,21.865999999999985
478.9,395.5875,1,21.867999999999938
478.22,395.4375,1,21.870000000000346
479.5,396.525,1,21.8720000000003
479.06,395.8875,1,21.87400000000025
479.1,395.775,1,21.876000000000204
479.26,396.4125,1,21.878000000000156
479.14,396.7125,1,21.88000000000011
479.26,395.7,1,21.882000000000062
479.26,396.5625,1,21.884000000000015
479.26,395.9625,1,21.885999999999967
479.38,396.15,1,21.88799999999992
479.3,395.6625,1,21.890000000000327
478.98,396.48749999999995,1,21.89200000000028
479.86,395.7375,1,21.894000000000233
479.9,396.0375,1,21.896000000000186
479.41999999999996,395.7,1,21.89800000000014
479.34000000000003,396.0,1,21.90000000000009
479.5,395.4375,1,21.902000000000044
479.46000000000004,395.475,1,21.903999999999996
479.5,395.4,1,21.90599999999995
478.46,396.6,1,21.9079999999999
476.26,396.9,1,21.91000000000031
472.38,400.125,1,21.912000000000262
466.14,402.5625,1,21.914000000000215
458.5,405.15,1,21.916000000000167
449.53999999999996,409.35,1,21.91800000000012
440.06,415.65,1,21.920000000000073
427.38,422.25,1,21.922000000000025
415.7,430.0875,1,21.923999999999978
402.02,434.25,1,21.92599999999993
388.26,441.075,1,21.92800000000034
373.46000000000004,446.4,1,21.93000000000029
357.22,452.775,1,21.932000000000244
343.86,459.75,1,21.934000000000196
331.06,467.6625,1,21.93600000000015
319.78,471.67499999999995,1,21.938000000000102
310.62,475.3125,1,21.940000000000055
303.70000000000005,479.4375,1,21.942000000000007
298.06,483.1125,1,21.94399999999996
294.26,485.1,1,21.945999999999913
292.82000000000005,486.4125,1,21.94800000000032
291.53999999999996,486.225,1,21.950000000000273
291.62,486.45000000000005,1,21.952000000000226
292.58000000000004,484.8375,1,21.95400000000018
293.5,484.8375,1,21.95600000000013
294.9,484.0875,1,21.958000000000084
295.05999999999995,482.6625,1,21.960000000000036
295.26,483.1875,1,21.96199999999999
294.98,482.625,1,21.963999999999942
294.9,483.0,1,21.96600000000035
294.34000000000003,483.3375,1,21.968000000000302
294.5,482.625,1,21.970000000000255
295.06,482.4375,1,21.972000000000207
294.74,482.54999999999995,1,21.97400000000016
294.46000000000004,482.5875,1,21.976000000000113
294.22,482.4375,1,21.978000000000065
294.02,481.65,1,21.980000000000018
293.86,479.8125,1,21.98199999999997
293.41999999999996,481.5,1,21.983999999999924
293.3,480.1875,1,21.98600000000033
293.26,480.225,1,21.988000000000284
293.1,479.54999999999995,1,21.990000000000236
292.58000000000004,480.075,1,21.99200000000019
292.94,479.025,1,21.994000000000142
292.74,478.5375,1,21.996000000000095
292.86,478.4625,1,21.998000000000047
292.53999999999996,477.4875,1,22.0
292.65999999999997,476.85,1,22.001999999999953
292.26,477.075,1,22.003999999999905
292.38,477.4125,1,22.006000000000313
292.9,475.6875,1,22.008000000000266
292.38,476.55,1,22.01000000000022
292.29999999999995,476.4375,1,22.01200000000017
291.78,473.88750000000005,1,22.014000000000124
292.5,474.8625,1,22.016000000000076
291.9,473.4375,1,22.01800000000003
292.38,472.4625,1,22.019999999999982
292.1,472.275,1,22.021999999999935
292.1,472.0125,1,22.024000000000342
291.74,472.2375,1,22.026000000000295
292.06,471.3375,1,22.028000000000247
291.9,471.4875,1,22.0300000000002
292.14,470.2875,1,22.032000000000153
292.1,469.9125,1,22.034000000000106
292.14,470.325,1,22.036000000000058
292.06,469.20000000000005,1,22.03800000000001
291.74,470.175,1,22.039999999999964
292.02,468.7125,1,22.041999999999916
292.34000000000003,469.9875,1,22.044000000000324
292.02,469.4625,1,22.046000000000276
292.18,469.1625,1,22.04800000000023
292.34000000000003,468.3,1,22.050000000000182
292.38,470.1375,1,22.052000000000135
292.38,467.88750000000005,1,22.054000000000087
292.29999999999995,469.5375,1,22.05600000000004
292.06,470.025,1,22.057999999999993
292.18,468.4125,1,22.059999999999945
292.54,470.475,1,22.061999999999898
293.02,470.1375,1,22.064000000000306
292.46,470.175,1,22.06600000000026
292.74,469.4625,1,22.06800000000021
292.9,469.35,1,22.070000000000164
293.22,470.025,1,22.072000000000116
293.26,470.25,1,22.07400000000007
293.70000000000005,470.8125,1,22.076000000000022
293.65999999999997,469.6875,1,22.077999999999975
293.74,470.1,1,22.079999999999927
294.38,470.5875,1,22.082000000000335
293.9,471.45,1,22.084000000000287
293.94,470.54999999999995,1,22.08600000000024
294.26,471.9,1,22.088000000000193
294.38,470.54999999999995,1,22.090000000000146
294.18,470.775,1,22.0920000000001
294.38,470.36249999999995,1,22.09400000000005
294.65999999999997,471.15,1,22.096000000000004
294.86,469.425,1,22.097999999999956
294.7,470.0625,1,22.09999999999991
294.86,469.05,1,22.102000000000317
295.62,469.05,1,22.10400000000027
295.17999999999995,468.9,1,22.106000000000222
295.46,468.1875,1,22.108000000000175
295.02,467.88750000000005,1,22.110000000000127
295.3,468.075,1,22.11200000000008
295.94000000000005,467.8125,1,22.114000000000033
295.94,467.775,1,22.115999999999985
296.02,467.7,1,22.117999999999938
295.9,467.3625,1,22.120000000000346
295.78,466.3125,1,22.1220000000003
296.14,466.98749999999995,1,22.12400000000025
295.54,467.2875,1,22.126000000000204
295.94,466.275,1,22.128000000000156
296.02,466.76250000000005,1,22.13000000000011
295.78,466.6125,1,22.132000000000062
295.82,465.975,1,22.134000000000015
296.02,466.725,1,22.135999999999967
296.02,466.725,1,22.13799999999992
296.46000000000004,466.125,1,22.140000000000327
296.46000000000004,466.05,1,22.14200000000028
296.42,465.8625,1,22.144000000000233
296.14,466.2,1,22.146000000000186
296.46000000000004,466.20000000000005,1,22.14800000000014
296.53999999999996,465.75,1,22.15000000000009
296.06,465.975,1,22.152000000000044
296.41999999999996,465.225,1,22.153999999999996
296.65999999999997,465.4125,1,22.15599999999995
296.34000000000003,465.63750000000005,1,22.1579999999999
296.38,465.4875,1,22.16000000000031
296.26,465.525,1,22.162000000000262
295.86,465.9375,1,22.164000000000215
296.1,465.4125,1,22.166000000000167
296.3,465.7125,1,22.16800000000012
296.58000000000004,466.20000000000005,1,22.170000000000073
296.62,466.0125,1,22.172000000000025
296.1,465.7125,1,22.173999999999978
296.46,466.0875,1,22.17599999999993
296.22,466.725,1,22.17800000000034
296.53999999999996,466.6875,1,22.18000000000029
296.53999999999996,466.57500000000005,1,22.182000000000244
296.65999999999997,466.9125,1,22.184000000000196
296.74,467.2125,1,22.18600000000015
296.94,467.4375,1,22.188000000000102
296.38,467.7375,1,22.190000000000055
295.58000000000004,468.3,1,22.192000000000007
292.18,468.48749999999995,1,22.19399999999996
287.46,469.5375,1,22.195999999999913
279.34000000000003,470.775,1,22.19800000000032
270.06,469.6125,1,22.200000000000273
258.58000000000004,468.67499999999995,1,22.202000000000226
247.89999999999998,467.25,1,22.20400000000018
237.26,468.45000000000005,1,22.20600000000013
227.26,468.15,1,22.208000000000084
216.82,468.07500000000005,1,22.210000000000036
205.9,468.48749999999995,1,22.21199999999999
195.89999999999998,468.8625,1,22.213999999999942
188.14,467.51250000000005,1,22.21600000000035
179.66,467.025,1,22.218000000000302
173.7,467.4,1,22.220000000000255
169.58,466.6875,1,22.222000000000207
166.86,467.4375,1,22.22400000000016
165.01999999999998,466.20000000000005,1,22.226000000000113
164.34,466.6125,1,22.228000000000065
165.5,465.2625,1,22.230000000000018
166.5,465.75,1,22.23199999999997
167.82,464.2875,1,22.233999999999924
168.3,465.5625,1,22.23600000000033
169.14,465.225,1,22.238000000000284
168.42000000000002,465.375,1,22.240000000000236
168.7,464.1,1,22.24200000000019
169.45999999999998,464.2125,1,22.244000000000142
169.02,463.275,1,22.246000000000095
169.3,464.1,1,22.248000000000047
169.7,463.875,1,22.25
169.86,464.1375,1,22.251999999999953
169.5,463.5375,1,22.253999999999905
169.34,463.575,1,22.256000000000313
169.66,463.3875,1,22.258000000000266
169.54000000000002,462.7875,1,22.26000000000022
169.5,462.8625,1,22.26200000000017
169.42000000000002,462.6,1,22.264000000000124
169.77999999999997,462.3,1,22.266000000000076
169.57999999999998,462.5625,1,22.26800000000003
169.7,462.7125,1,22.269999999999982
169.78,462.07500000000005,1,22.271999999999935
169.94,462.3,1,22.274000000000342
169.78,461.9625,1,22.276000000000295
170.26,461.88750000000005,1,22.278000000000247
170.1,461.70000000000005,1,22.2800000000002
170.14,462.26250000000005,1,22.282000000000153
170.3,462.26250000000005,1,22.284000000000106
170.14,461.36249999999995,1,22.286000000000058
170.45999999999998,462.525,1,22.28800000000001
170.34,462.2625,1,22.289999999999964
170.3,461.7375,1,22.291999999999916
170.46,462.3375,1,22.294000000000324
170.42000000000002,462.525,1,22.296000000000276
170.38,463.8375,1,22.29800000000023
170.10000000000002,463.05,1,22.300000000000182
170.74,462.9,1,22.302000000000135
170.66,464.1,1,22.304000000000087
170.57999999999998,463.76250000000005,1,22.30600000000004
170.54000000000002,464.625,1,22.307999999999993
170.57999999999998,463.9125,1,22.309999999999945
170.1,463.4625,1,22.311999999999898
170.66,463.61249999999995,1,22.314000000000306
170.74,464.0625,1,22.31600000000026
170.10000000000002,463.3125,1,22.31800000000021
170.82,463.76250000000005,1,22.320000000000164
170.82,463.125,1,22.322000000000116
170.94,461.8125,1,22.32400000000007
170.9,461.775,1,22.326000000000022
171.42,462.1875,1,22.327999999999975
171.38,461.4,1,22.329999999999927
171.42000000000002,461.5875,1,22.332000000000335
171.33999999999997,461.5125,1,22.334000000000287
171.66,461.17499999999995,1,22.33600000000024
171.14,461.775,1,22.338000000000193
170.9,460.5375,1,22.340000000000146
171.22,459.7875,1,22.3420000000001
171.45999999999998,459.4125,1,22.34400000000005
171.26,459.225,1,22.346000000000004
171.01999999999998,459.5625,1,22.347999999999956
171.26,457.8,1,22.34999999999991
171.26,458.6625,1,22.352000000000317
171.5,457.6125,1,22.35400000000027
170.98000000000002,457.65,1,22.356000000000222
171.54000000000002,458.475,1,22.358000000000175
171.89999999999998,458.3625,1,22.360000000000127
172.54,459.07500000000005,1,22.36200000000008
173.9,460.4625,1,22.364000000000033
176.42000000000002,460.5375,1,22.365999999999985
181.62,459.4875,1,22.367999999999938
188.5,460.57500000000005,1,22.370000000000346
194.9,461.1,1,22.3720000000003
202.5,462.7125,1,22.37400000000025
210.57999999999998,467.51250000000005,1,22.376000000000204
214.62,477.3375,1,22.378000000000156
221.66,489.0375,1,22.38000000000011
224.74,512.0625,1,22.382000000000062
229.38,526.5375,1,22.384000000000015
233.10000000000002,557.1,1,22.385999999999967
239.18,586.05,1,22.38799999999992
244.1008510638298,586.7289893617021,0,22.390000000000327
249.02170212765955,587.4079787234041,0,22.39200000000028
253.94255319148937,588.0869680851064,0,22.394000000000233
258.86340425531915,588.7659574468086,0,22.396000000000186
263.78425531914894,589.4449468085105,0,22.39800000000014
268.70510638297867,590.1239361702127,0,22.40000000000009
273.6259574468085,590.8029255319149,0,22.402000000000044
278.5468085106383,591.4819148936169,0,22.403999999999996
283.4676595744681,592.1609042553191,0,22.40599999999995
288.38851063829793,592.8398936170213,0,22.4079999999999
293.3093617021277,593.5188829787234,0,22.41000000000031
298.23021276595745,594.1978723404254,0,22.412000000000262
303.15106382978723,594.8768617021276,0,22.414000000000215
308.0719148936171,595.5558510638298,0,22.416000000000167
312.99276595744686,596.234840425532,0,22.41800000000012
317.9136170212766,596.9138297872339,0,22.420000000000073
322.8344680851064,597.5928191489361,0,22.422000000000025
327.7553191489362,598.2718085106383,0,22.423999999999978
332.67617021276595,598.9507978723404,0,22.42599999999993
337.59702127659574,599.6297872340424,0,22.42800000000034
342.5178723404255,600.3087765957446,0,22.43000000000029
347.43872340425537,600.9877659574468,0,22.432000000000244
352.3595744680851,601.6667553191489,0,22.434000000000196
357.2804255319149,602.345744680851,0,22.43600000000015
362.2012765957447,603.0247340425532,0,22.438000000000102
367.12212765957446,603.7037234042552,0,22.440000000000055
372.0429787234042,604.3827127659574,0,22.442000000000007
376.9638297872341,605.0617021276596,0,22.44399999999996
381.8846808510639,605.7406914893617,0,22.445999999999913
386.80553191489366,606.4196808510638,0,22.44800000000032
391.7263829787234,607.0986702127659,0,22.450000000000273
396.64723404255324,607.7776595744681,0,22.452000000000226
401.568085106383,608.4566489361703,0,22.45400000000018
406.48893617021275,609.1356382978722,0,22.45600000000013
411.40978723404254,609.8146276595744,0,22.458000000000084
416.3306382978724,610.4936170212766,0,22.460000000000036
421.25148936170217,611.1726063829788,0,22.46199999999999
426.17234042553196,611.8515957446808,0,22.463999999999942
431.09319148936174,612.530585106383,0,22.46600000000035
436.01404255319153,613.2095744680851,0,22.468000000000302
440.93489361702126,613.8885638297872,0,22.470000000000255
445.85574468085105,614.5675531914893,0,22.472000000000207
450.77659574468083,615.2465425531914,0,22.47400000000016
455.6974468085107,615.9255319148936,0,22.476000000000113
460.61829787234046,616.6045212765956,0,22.478000000000065
465.53914893617025,617.2835106382978,0,22.480000000000018
470.46000000000004,617.9625,1,22.48199999999997
471.1,607.3499999999999,1,22.483999999999924
471.58,587.55,1,22.48600000000033
472.1,567.525,1,22.488000000000284
472.02,550.6875,1,22.490000000000236
470.34000000000003,535.4625000000001,1,22.49200000000019
471.70000000000005,520.8,1,22.494000000000142
473.58,506.7,1,22.496000000000095
472.9,494.58750000000003,1,22.498000000000047
472.46000000000004,480.0375,1,22.5
472.34,466.95000000000005,1,22.501999999999953
469.82,455.625,1,22.503999999999905
469.65999999999997,446.1375,1,22.506000000000313
467.54,438.1875,1,22.508000000000266
466.98,433.98749999999995,1,22.51000000000022
466.65999999999997,429.0,1,22.51200000000017
466.94000000000005,425.6625,1,22.514000000000124
467.18,423.4125,1,22.516000000000076
467.18,423.75,1,22.51800000000003
467.38,423.375,1,22.519999999999982
467.58000000000004,424.20000000000005,1,22.521999999999935
467.98,424.4625,1,22.524000000000342
467.65999999999997,425.475,1,22.526000000000295
467.46,425.1375,1,22.528000000000247
467.78,425.7375,1,22.5300000000002
467.74,426.0375,1,22.532000000000153
467.78,426.9375,1,22.534000000000106
467.70000000000005,426.975,1,22.536000000000058
468.02,427.7625,1,22.53800000000001
467.53999999999996,427.95,1,22.539999999999964
467.7,428.4,1,22.541999999999916
468.41999999999996,429.075,1,22.544000000000324
468.26,429.2625,1,22.546000000000276
468.58000000000004,430.0125,1,22.54800000000023
468.26,429.75,1,22.550000000000182
468.5,430.2,1,22.552000000000135
468.38,430.4625,1,22.554000000000087
468.53999999999996,430.01250000000005,1,22.55600000000004
468.9,429.975,1,22.557999999999993
468.38,430.35,1,22.559999999999945
468.82,430.01250000000005,1,22.561999999999898
468.74,430.0125,1,22.564000000000306
468.7,430.2,1,22.56600000000026
469.18,430.05,1,22.56800000000021
468.86,430.6875,1,22.570000000000164
469.5,430.98749999999995,1,22.572000000000116
469.14,430.6875,1,22.57400000000007
469.46,431.625,1,22.576000000000022
468.7,431.13750000000005,1,22.577999999999975
469.78,431.73749999999995,1,22.579999999999927
469.5,432.375,1,22.582000000000335
470.02,432.11249999999995,1,22.584000000000287
469.9,432.675,1,22.58600000000024
469.34000000000003,433.3125,1,22.588000000000193
469.58000000000004,433.5,1,22.590000000000146
469.9,433.9125,1,22.5920000000001
469.62,433.8375,1,22.59400000000005
469.7,434.2875,1,22.596000000000004
469.65999999999997,434.7375,1,22.597999999999956
469.41999999999996,435.29999999999995,1,22.59999999999991
469.26,435.0,1,22.602000000000317
469.7,435.15,1,22.60400000000027
469.26,435.2625,1,22.606000000000222
469.65999999999997,435.0375,1,22.608000000000175
469.46000000000004,435.6,1,22.610000000000127
469.22,435.82500000000005,1,22.61200000000008
469.41999999999996,436.05,1,22.614000000000033
469.58000000000004,435.6375,1,22.615999999999985
469.82000000000005,435.82500000000005,1,22.617999999999938
469.58,435.675,1,22.620000000000346
469.3,435.7125,1,22.6220000000003
469.98,435.6,1,22.62400000000025
469.86,435.75,1,22.626000000000204
469.98,435.7125,1,22.628000000000156
469.62,434.7375,1,22.63000000000011
469.94,435.1875,1,22.632000000000062
469.65999999999997,434.625,1,22.634000000000015
470.5,434.5875,1,22.635999999999967
469.98,434.5875,1,22.63799999999992
470.62,433.6875,1,22.640000000000327
470.02,434.0625,1,22.64200000000028
470.5,434.475,1,22.644000000000233
470.66,433.65,1,22.646000000000186
470.82,433.38750000000005,1,22.64800000000014
470.02,433.65,1,22.65000000000009
470.46,433.275,1,22.652000000000044
471.14,433.125,1,22.653999999999996
470.58,433.1625,1,22.65599999999995
471.34000000000003,432.3,1,22.6579999999999
470.82,432.825,1,22.66000000000031
471.1,432.5625,1,22.662000000000262
471.06,432.7125,1,22.664000000000215
471.02,432.525,1,22.666000000000167
470.98,432.4875,1,22.66800000000012
470.94,432.67499999999995,1,22.670000000000073
471.18,432.63750000000005,1,22.672000000000025
470.98,432.82500000000005,1,22.673999999999978
471.02,432.45000000000005,1,22.67599999999993
471.05999999999995,432.67499999999995,1,22.67800000000034
471.18,432.9375,1,22.68000000000029
471.53999999999996,433.575,1,22.682000000000244
471.3,433.0125,1,22.684000000000196
471.22,433.65,1,22.68600000000015
471.42,433.65,1,22.688000000000102
471.1,433.6875,1,22.690000000000055
471.22,434.54999999999995,1,22.692000000000007
470.9,434.17499999999995,1,22.69399999999996
471.5,434.4,1,22.695999999999913
471.06,434.175,1,22.69800000000032
471.3,434.175,1,22.700000000000273
471.06,434.4,1,22.702000000000226
471.3,434.5125,1,22.70400000000018
471.46,434.73749999999995,1,22.70600000000013
471.18,434.625,1,22.708000000000084
471.78,434.4,1,22.710000000000036
471.3,434.6625,1,22.71199999999999
471.46,433.6875,1,22.713999999999942
471.02,433.9875,1,22.71600000000035
470.9,434.175,1,22.718000000000302
471.14,434.025,1,22.720000000000255
470.78,433.65,1,22.722000000000207
470.78,433.425,1,22.72400000000016
470.70000000000005,433.725,1,22.726000000000113
471.06,433.35,1,22.728000000000065
470.62,433.95,1,22.730000000000018
470.94,433.5,1,22.73199999999997
470.74,433.5375,1,22.733999999999924
470.86,433.35,1,22.73600000000033
470.5,433.275,1,22.738000000000284
470.38,433.6875,1,22.740000000000236
470.86,433.3125,1,22.74200000000019
470.78,433.65,1,22.744000000000142
470.53999999999996,433.9125,1,22.746000000000095
471.22,433.3125,1,22.748000000000047
470.9,434.1375,1,22.75
470.46000000000004,434.175,1,22.751999999999953
470.62,433.275,1,22.753999999999905
470.58,433.9125,1,22.756000000000313
470.65999999999997,434.0625,1,22.758000000000266
470.70000000000005,434.025,1,22.76000000000022
470.42,434.54999999999995,1,22.76200000000017
470.82,434.4,1,22.764000000000124
470.74,434.36249999999995,1,22.766000000000076
470.5,435.0,1,22.76800000000003
470.46000000000004,434.85,1,22.769999999999982
470.70000000000005,435.225,1,22.771999999999935
470.65999999999997,434.325,1,22.774000000000342
470.34000000000003,435.7125,1,22.776000000000295
470.26,436.3125,1,22.778000000000247
470.70000000000005,435.15,1,22.7800000000002
470.38,435.63750000000005,1,22.782000000000153
470.62,435.26250000000005,1,22.784000000000106
470.34000000000003,435.525,1,22.786000000000058
470.02,435.48749999999995,1,22.78800000000001
470.14,436.1625,1,22.789999999999964
470.22,435.3,1,22.791999999999916
470.14,435.7875,1,22.794000000000324
470.38,435.7125,1,22.796000000000276
470.06,435.6,1,22.79800000000023
469.42,435.525,1,22.800000000000182
469.7,435.29999999999995,1,22.802000000000135
469.29999999999995,434.85,1,22.804000000000087
469.14,434.92499999999995,1,22.80600000000004
468.62,435.1875,1,22.807999999999993
467.02,434.7,1,22.809999999999945
464.22,435.0375,1,22.811999999999898
458.14,433.8375,1,22.814000000000306
450.86,432.3375,1,22.81600000000026
443.22,430.425,1,22.81800000000021
433.86,428.70000000000005,1,22.820000000000164
424.82,426.48749999999995,1,22.822000000000116
415.34000000000003,425.2125,1,22.82400000000007
406.86,423.5625,1,22.826000000000022
397.65999999999997,421.9125,1,22.827999999999975
388.9,420.3375,1,22.829999999999927
379.42,419.8875,1,22.832000000000335
370.53999999999996,418.76250000000005,1,22.834000000000287
363.65999999999997,416.5875,1,22.83600000000024
355.14,418.01250000000005,1,22.838000000000193
348.34000000000003,416.8125,1,22.840000000000146
342.18,415.575,1,22.8420000000001
336.26,414.75,1,22.84400000000005
333.14,413.1,1,22.846000000000004
331.78,412.9875,1,22.847999999999956
333.3,412.4625,1,22.84999999999991
334.34000000000003,412.04999999999995,1,22.852000000000317
336.34000000000003,413.0625,1,22.85400000000027
337.70000000000005,413.1,1,22.856000000000222
337.62,412.76250000000005,1,22.858000000000175
337.3,413.625,1,22.860000000000127
337.38,412.20000000000005,1,22.86200000000008
338.14,411.8625,1,22.864000000000033
338.26,412.125,1,22.865999999999985
339.14,410.625,1,22.867999999999938
338.53999999999996,412.01250000000005,1,22.870000000000346
338.74,410.2125,1,22.8720000000003
338.38,410.7,1,22.87400000000025
338.02,410.475,1,22.876000000000204
337.5,409.61249999999995,1,22.878000000000156
337.02,408.67499999999995,1,22.88000000000011
336.41999999999996,407.54999999999995,1,22.882000000000062
336.06,407.625,1,22.884000000000015
336.41999999999996,407.85,1,22.885999999999967
335.58000000000004,407.2875,1,22.88799999999992
335.98,406.95000000000005,1,22.890000000000327
335.78,406.5375,1,22.89200000000028
335.1,406.425,1,22.894000000000233
335.1,406.05,1,22.896000000000186
335.06,406.3875,1,22.89800000000014
334.9,405.48749999999995,1,22.90000000000009
334.7,405.825,1,22.902000000000044
334.06,406.725,1,22.903999999999996
333.70000000000005,405.3,1,22.90599999999995
333.38,405.8625,1,22.9079999999999
333.65999999999997,406.2,1,22.91000000000031
333.1,406.0875,1,22.912000000000262
332.78,405.4125,1,22.914000000000215
333.06,406.5,1,22.916000000000167
332.29999999999995,408.0375,1,22.91800000000012
332.54,405.675,1,22.920000000000073
332.1,406.875,1,22.922000000000025
332.29999999999995,406.76250000000005,1,22.923999999999978
332.06,405.9,1,22.92599999999993
331.82,407.17499999999995,1,22.92800000000034
331.82,407.475,1,22.93000000000029
331.82,406.425,1,22.932000000000244
331.78,407.2875,1,22.934000000000196
331.82000000000005,406.4625,1,22.93600000000015
331.74,405.225,1,22.938000000000102
331.58,405.375,1,22.940000000000055
331.1,406.95,1,22.942000000000007
332.02,405.26250000000005,1,22.94399999999996
331.38,405.1875,1,22.945999999999913
331.62,404.32500000000005,1,22.94800000000032
330.7,405.9375,1,22.950000000000273
330.94,404.0625,1,22.952000000000226
330.94,403.9875,1,22.95400000000018
330.3,405.4125,1,22.95600000000013
330.38,405.11249999999995,1,22.958000000000084
331.02,404.625,1,22.960000000000036
330.9,404.925,1,22.96199999999999
330.86,403.875,1,22.963999999999942
330.74,403.425,1,22.96600000000035
330.42,403.61249999999995,1,22.968000000000302
330.5,403.125,1,22.970000000000255
330.18,402.0,1,22.972000000000207
330.5,402.375,1,22.97400000000016
330.14,402.375,1,22.976000000000113
330.46,403.42499999999995,1,22.978000000000065
329.74,401.1,1,22.980000000000018
329.38,401.2875,1,22.98199999999997
329.74,400.95000000000005,1,22.983999999999924
329.62,401.625,1,22.98600000000033
329.42,401.8875,1,22.988000000000284
329.78,400.8375,1,22.990000000000236
330.1,399.6,1,22.99200000000019
329.78,400.0875,1,22.994000000000142
329.34000000000003,400.1625,1,22.996000000000095
329.7,399.15,1,22.998000000000047
329.26,398.175,1,23.0
329.3,399.375,1,23.001999999999953
329.26,399.3375,1,23.003999999999905
329.06,399.2625,1,23.006000000000313
329.78,398.475,1,23.008000000000266
329.18,399.5625,1,23.01000000000022
329.38,399.0375,1,23.01200000000017
329.5,399.2625,1,23.014000000000124
329.38,398.17499999999995,1,23.016000000000076
329.34000000000003,399.0,1,23.01800000000003
329.38,399.15,1,23.019999999999982
329.41999999999996,398.625,1,23.021999999999935
329.78,398.51250000000005,1,23.024000000000342
329.42,399.75,1,23.026000000000295
330.02,398.5875,1,23.028000000000247
329.82,399.75,1,23.0300000000002
330.41999999999996,399.4125,1,23.032000000000153
330.17999999999995,398.7375,1,23.034000000000106
329.58000000000004,399.1875,1,23.036000000000058
329.58000000000004,400.05,1,23.03800000000001
330.34000000000003,398.625,1,23.039999999999964
330.05999999999995,398.775,1,23.041999999999916
330.38,399.2625,1,23.044000000000324
330.18,399.45,1,23.046000000000276
330.38,398.475,1,23.04800000000023
330.38,398.2875,1,23.050000000000182
330.1,398.625,1,23.052000000000135
330.65999999999997,398.73749999999995,1,23.054000000000087
330.38,398.2125,1,23.05600000000004
329.9,398.70000000000005,1,23.057999999999993
330.14,397.875,1,23.059999999999945
330.14,398.25,1,23.061999999999898
329.9,398.8125,1,23.064000000000306
330.06,397.9125,1,23.06600000000026
329.98,397.9125,1,23.06800000000021
330.53999999999996,397.57500000000005,1,23.070000000000164
330.53999999999996,396.75,1,23.072000000000116
330.65999999999997,397.6125,1,23.07400000000007
330.58,397.20000000000005,1,23.076000000000022
330.86,397.4625,1,23.077999999999975
330.66,397.0875,1,23.079999999999927
330.14,397.35,1,23.082000000000335
330.54,396.7125,1,23.084000000000287
330.38,397.3125,1,23.08600000000024
330.53999999999996,396.6,1,23.088000000000193
330.26,396.9375,1,23.090000000000146
330.54,396.675,1,23.0920000000001
330.78,396.375,1,23.09400000000005
330.26,397.0125,1,23.096000000000004
330.38,396.67499999999995,1,23.097999999999956
330.38,396.975,1,23.09999999999991
329.94,396.8625,1,23.102000000000317
329.65999999999997,397.575,1,23.10400000000027
329.65999999999997,397.6875,1,23.106000000000222
329.78,398.7,1,23.108000000000175
329.98,398.1,1,23.110000000000127
329.18,398.325,1,23.11200000000008
328.74,398.925,1,23.114000000000033
329.1,398.8125,1,23.115999999999985
329.14,398.85,1,23.117999999999938
328.53999999999996,398.54999999999995,1,23.120000000000346
328.34000000000003,399.4125,1,23.1220000000003
328.53999999999996,398.7,1,23.12400000000025
327.62,399.975,1,23.126000000000204
327.78,399.3375,1,23.128000000000156
327.9,398.88750000000005,1,23.13000000000011
327.5,398.9625,1,23.132000000000062
327.14,399.2625,1,23.134000000000015
327.02,399.0,1,23.135999999999967
327.29999999999995,398.3625,1,23.13799999999992
326.9,399.86249999999995,1,23.140000000000327
327.53999999999996,398.0625,1,23.14200000000028
327.38,398.625,1,23.144000000000233
327.06,398.85,1,23.146000000000186
327.14,399.1125,1,23.14800000000014
327.38,398.4375,1,23.15000000000009
326.65999999999997,398.2875,1,23.152000000000044
326.78,398.9625,1,23.153999999999996
326.98,397.4625,1,23.15599999999995
327.14,397.6125,1,23.1579999999999
326.78,398.2125,1,23.16000000000031
327.06,397.5,1,23.162000000000262
327.1,397.2,1,23.164000000000215
326.9,397.65,1,23.166000000000167
327.14,396.7875,1,23.16800000000012
327.34000000000003,397.875,1,23.170000000000073
327.1,396.975,1,23.172000000000025
327.1,396.86249999999995,1,23.173999999999978
327.5,396.9375,1,23.17599999999993
327.62,397.3875,1,23.17800000000034
327.46000000000004,395.54999999999995,1,23.18000000000029
327.38,397.0125,1,23.182000000000244
327.9,395.5875,1,23.184000000000196
328.02,396.15,1,23.18600000000015
327.74,395.625,1,23.188000000000102
327.86,397.05,1,23.190000000000055
328.26,396.26250000000005,1,23.192000000000007
327.9,395.4375,1,23.19399999999996
328.29999999999995,395.7,1,23.195999999999913
328.74,395.9625,1,23.19800000000032
328.46,395.2125,1,23.200000000000273
328.58000000000004,397.05,1,23.202000000000226
328.53999999999996,395.36249999999995,1,23.20400000000018
328.82,396.86249999999995,1,23.20600000000013
328.98,396.6375,1,23.208000000000084
328.98,397.04999999999995,1,23.210000000000036
330.65999999999997,398.2125,1,23.21199999999999
334.58,399.525,1,23.213999999999942
341.65999999999997,402.9375,1,23.21600000000035
352.29999999999995,407.1,1,23.218000000000302
366.02,411.0,1,23.220000000000255
380.46,417.5625,1,23.222000000000207
397.9,423.1875,1,23.22400000000016
415.54,428.775,1,23.226000000000113
434.22,433.0875,1,23.228000000000065
452.38,438.075,1,23.230000000000018
472.18,441.45000000000005,1,23.23199999999997
492.5,447.675,1,23.233999999999924
514.0999999999999,455.25,1,23.23600000000033
534.1800000000001,459.29999999999995,1,23.238000000000284
556.26,464.025,1,23.240000000000236
577.0999999999999,471.9,1,23.24200000000019
598.9,477.6,1,23.244000000000142
619.62,483.225,1,23.246000000000095
638.9,489.11249999999995,1,23.248000000000047
658.5,495.45000000000005,1,23.25
677.1800000000001,500.9625,1,23.251999999999953
694.34,506.13750000000005,1,23.253999999999905
709.7,510.7875,1,23.256000000000313
724.6600000000001,513.225,1,23.258000000000266
740.3,518.4749999999999,1,23.26000000000022
753.86,521.0625,1,23.26200000000017
767.74,524.4000000000001,1,23.264000000000124
782.26,529.1624999999999,1,23.266000000000076
795.74,534.75,1,23.26800000000003
808.46,536.8125,1,23.269999999999982
821.74,540.7125,1,23.271999999999935
830.46,543.5625,1,23.274000000000342
838.42,544.8375,1,23.276000000000295
844.34,547.6500000000001,1,23.278000000000247
845.6600000000001,546.45,1,23.2800000000002
845.8199999999999,546.1125,1,23.282000000000153
844.54,544.6500000000001,1,23.284000000000106
843.9,544.2,1,23.286000000000058
841.74,542.8125,1,23.28800000000001
840.78,541.8,1,23.289999999999964
840.8199999999999,540.5999999999999,1,23.291999999999916
840.7,541.65,1,23.294000000000324
841.06,540.9000000000001,1,23.296000000000276
840.94,540.675,1,23.29800000000023
840.3399999999999,541.125,1,23.300000000000182
840.4200000000001,540.7874999999999,1,23.302000000000135
840.42,540.1125,1,23.304000000000087
840.54,540.4875,1,23.30600000000004
840.7,540.1875,1,23.307999999999993
841.06,540.1125,1,23.309999999999945
841.42,539.7,1,23.311999999999898
841.94,539.2125000000001,1,23.314000000000306
842.02,539.25,1,23.31600000000026
841.5,538.575,1,23.31800000000021
842.1,538.575,1,23.320000000000164
842.0999999999999,538.35,1,23.322000000000116
842.46,537.7875,1,23.32400000000007
842.74,538.3875,1,23.326000000000022
842.78,537.5250000000001,1,23.327999999999975
842.26,536.8875,1,23.329999999999927
843.22,537.2625,1,23.332000000000335
843.06,536.7375,1,23.334000000000287
843.46,536.2875,1,23.33600000000024
843.42,535.7625,1,23.338000000000193
843.14,535.875,1,23.340000000000146
843.1800000000001,535.875,1,23.3420000000001
843.5799999999999,534.6375,1,23.34400000000005
843.0999999999999,534.5625,1,23.346000000000004
844.02,534.2625,1,23.347999999999956
843.26,534.8625,1,23.34999999999991
842.98,534.6,1,23.352000000000317
843.14,534.2625,1,23.35400000000027
843.26,533.4,1,23.356000000000222
843.18,533.4749999999999,1,23.358000000000175
842.3,533.5875,1,23.360000000000127
842.74,533.0999999999999,1,23.36200000000008
842.9000000000001,532.275,1,23.364000000000033
842.9000000000001,532.6125,1,23.365999999999985
842.62,532.4625,1,23.367999999999938
842.6600000000001,532.1625,1,23.370000000000346
842.38,532.6125,1,23.3720000000003
842.62,532.5,1,23.37400000000025
842.02,532.875,1,23.376000000000204
842.1,532.0875,1,23.378000000000156
842.22,532.4625,1,23.38000000000011
841.6600000000001,532.575,1,23.382000000000062
842.3,531.825,1,23.384000000000015
842.14,531.9000000000001,1,23.385999999999967
842.14,531.075,1,23.38799999999992
842.5,531.2249999999999,1,23.390000000000327
842.4200000000001,531.7875,1,23.39200000000028
842.3399999999999,530.9625,1,23.394000000000233
842.06,530.8875,1,23.396000000000186
842.4200000000001,530.925,1,23.39800000000014
841.94,530.25,1,23.40000000000009
842.26,530.25,1,23.402000000000044
842.46,530.4,1,23.403999999999996
842.0999999999999,529.1624999999999,1,23.40599999999995
842.3,529.2375,1,23.4079999999999
842.3800000000001,528.9375,1,23.41000000000031
842.18,528.825,1,23.412000000000262
842.8199999999999,527.4000000000001,1,23.414000000000215
843.22,527.6625,1,23.416000000000167
843.02,527.7,1,23.41800000000012
842.98,526.5,1,23.420000000000073
843.74,527.175,1,23.422000000000025
843.66,526.5374999999999,1,23.423999999999978
843.94,526.3125,1,23.42599999999993
843.6600000000001,526.2750000000001,1,23.42800000000034
844.06,526.0125,1,23.43000000000029
843.94,526.8,1,23.432000000000244
844.1800000000001,526.8375,1,23.434000000000196
844.26,526.5,1,23.43600000000015
844.4200000000001,526.6500000000001,1,23.438000000000102
844.5799999999999,527.1375,1,23.440000000000055
844.34,526.8,1,23.442000000000007
844.5,526.6875,1,23.44399999999996
844.7,527.4000000000001,1,23.445999999999913
844.66,526.9125,1,23.44800000000032
844.6600000000001,527.3625,1,23.450000000000273
844.74,526.9875,1,23.452000000000226
844.9000000000001,526.8375,1,23.45400000000018
845.14,527.55,1,23.45600000000013
844.94,526.95,1,23.458000000000084
845.1800000000001,526.3125,1,23.460000000000036
845.02,527.25,1,23.46199999999999
845.06,526.9124999999999,1,23.463999999999942
845.1800000000001,526.575,1,23.46600000000035
845.3,526.05,1,23.468000000000302
845.1,526.0125,1,23.470000000000255
844.78,526.35,1,23.472000000000207
844.98,525.975,1,23.47400000000016
844.8199999999999,525.7125,1,23.476000000000113
844.7,525.825,1,23.478000000000065
844.54,525.2625,1,23.480000000000018
845.02,525.525,1,23.48199999999997
844.5,524.7750000000001,1,23.483999999999924
844.82,524.325,1,23.48600000000033
844.22,524.55,1,23.488000000000284
843.8199999999999,524.7375,1,23.490000000000236
843.62,523.8375,1,23.49200000000019
843.9,523.3499999999999,1,23.494000000000142
843.54,523.95,1,23.496000000000095
843.66,522.9749999999999,1,23.498000000000047
842.9,522.3,1,23.5
843.3,522.9,1,23.501999999999953
842.5,522.675,1,23.503999999999905
842.46,522.7125,1,23.506000000000313
842.54,523.1624999999999,1,23.508000000000266
842.62,523.0125,1,23.51000000000022
842.66,523.8,1,23.51200000000017
842.22,523.2,1,23.514000000000124
842.46,523.65,1,23.516000000000076
842.3399999999999,523.2375,1,23.51800000000003
842.4200000000001,523.9124999999999,1,23.519999999999982
842.46,524.175,1,23.521999999999935
842.5799999999999,523.8,1,23.524000000000342
842.6600000000001,524.325,1,23.526000000000295
842.34,524.55,1,23.528000000000247
842.22,524.325,1,23.5300000000002
842.74,524.325,1,23.532000000000153
842.94,524.55,1,23.534000000000106
842.62,524.4749999999999,1,23.536000000000058
842.94,524.3625,1,23.53800000000001
843.54,524.3625,1,23.539999999999964
843.58,524.5875000000001,1,23.541999999999916
843.66,524.175,1,23.544000000000324
843.74,524.2125000000001,1,23.546000000000276
843.5799999999999,524.0999999999999,1,23.54800000000023
843.98,524.2875,1,23.550000000000182
843.86,523.0125,1,23.552000000000135
843.86,523.875,1,23.554000000000087
843.9,523.3499999999999,1,23.55600000000004
843.94,523.3125,1,23.557999999999993
844.3,524.0625,1,23.559999999999945
844.62,523.9125,1,23.561999999999898
844.62,524.4749999999999,1,23.564000000000306
844.74,524.5125,1,23.56600000000026
844.9000000000001,524.25,1,23.56800000000021
845.18,524.5125,1,23.570000000000164
845.54,524.25,1,23.572000000000116
844.78,524.1375,1,23.57400000000007
845.02,523.425,1,23.576000000000022
844.94,524.0250000000001,1,23.577999999999975
845.06,524.025,1,23.579999999999927
844.74,524.025,1,23.582000000000335
845.0999999999999,523.2,1,23.584000000000287
845.06,524.2874999999999,1,23.58600000000024
845.06,523.9125,1,23.588000000000193
845.1400000000001,524.475,1,23.590000000000146
845.0999999999999,523.95,1,23.5920000000001
845.02,524.4375,1,23.59400000000005
844.8199999999999,524.25,1,23.596000000000004
845.14,525.675,1,23.597999999999956
845.5799999999999,525.45,1,23.59999999999991
847.1,526.425,1,23.602000000000317
849.9000000000001,528.9,1,23.60400000000027
852.1800000000001,532.8,1,23.606000000000222
855.42,535.0125,1,23.608000000000175
858.4200000000001,537.75,1,23.610000000000127
860.1800000000001,540.6375,1,23.61200000000008
861.34,543.225,1,23.614000000000033
862.34,546.075,1,23.615999999999985
862.62,548.2874999999999,1,23.617999999999938
862.6600000000001,550.425,1,23.620000000000346
864.14,552.525,1,23.6220000000003
863.86,552.9000000000001,1,23.62400000000025
863.22,554.4375,1,23.626000000000204
862.42,555.825,1,23.628000000000156
862.1,557.1375,1,23.63000000000011
861.5,557.5125,1,23.632000000000062
860.98,556.0125,1,23.634000000000015
861.1400000000001,556.8375000000001,1,23.635999999999967
861.3,556.3875,1,23.63799999999992
860.9000000000001,556.425,1,23.640000000000327
860.9000000000001,556.05,1,23.64200000000028
861.38,556.0875000000001,1,23.644000000000233
861.38,556.9124999999999,1,23.646000000000186
860.98,556.5,1,23.64800000000014
861.1800000000001,557.1375,1,23.65000000000009
861.54,556.575,1,23.652000000000044
861.14,557.55,1,23.653999999999996
860.94,555.7875,1,23.65599999999995
860.78,556.9125,1,23.6579999999999
861.06,558.0,1,23.66000000000031
861.06,556.5,1,23.662000000000262
860.94,557.0625,1,23.664000000000215
861.7,557.8125,1,23.666000000000167
861.86,558.1875,1,23.66800000000012
861.74,557.625,1,23.670000000000073
862.3399999999999,557.4,1,23.672000000000025
862.62,556.875,1,23.673999999999978
862.06,556.3875,1,23.67599999999993
862.54,558.0,1,23.67800000000034
862.98,557.25,1,23.68000000000029
862.46,557.325,1,23.682000000000244
862.78,556.1625,1,23.684000000000196
863.06,555.8625,1,23.68600000000015
863.26,556.275,1,23.688000000000102
863.46,556.05,1,23.690000000000055
863.7,556.4625000000001,1,23.692000000000007
863.86,556.9125,1,23.69399999999996
863.46,557.175,1,23.695999999999913
863.5,556.2375,1,23.69800000000032
863.78,557.025,1,23.700000000000273
864.06,556.9875,1,23.702000000000226
863.14,555.9375,1,23.70400000000018
863.22,556.65,1,23.70600000000013
863.66,555.8625,1,23.708000000000084
863.3399999999999,555.3,1,23.710000000000036
863.22,555.5999999999999,1,23.71199999999999
863.5,555.3375,1,23.713999999999942
863.3399999999999,554.925,1,23.71600000000035
863.3,555.2625,1,23.718000000000302
863.34,555.225,1,23.720000000000255
863.38,555.075,1,23.722000000000207
863.3,554.0999999999999,1,23.72400000000016
863.22,555.4875,1,23.726000000000113
862.94,554.2125000000001,1,23.728000000000065
862.8199999999999,554.7750000000001,1,23.730000000000018
862.86,554.775,1,23.73199999999997
862.54,554.7750000000001,1,23.733999999999924
862.38,553.6125,1,23.73600000000033
862.5799999999999,555.15,1,23.738000000000284
862.1800000000001,555.6,1,23.740000000000236
862.14,555.75,1,23.74200000000019
861.8199999999999,555.1875,1,23.744000000000142
861.4200000000001,555.675,1,23.746000000000095
861.74,555.9375,1,23.748000000000047
861.22,556.3875,1,23.75
860.94,556.6125,1,23.751999999999953
861.7,556.725,1,23.753999999999905
861.02,556.8,1,23.756000000000313
861.3,556.4625,1,23.758000000000266
861.1,557.4375,1,23.76000000000022
861.02,557.475,1,23.76200000000017
861.62,556.2750000000001,1,23.764000000000124
860.9,557.3625,1,23.766000000000076
860.98,556.8375,1,23.76800000000003
861.5799999999999,557.25,1,23.769999999999982
861.42,556.7625,1,23.771999999999935
861.54,556.4625,1,23.774000000000342
861.5799999999999,555.975,1,23.776000000000295
861.78,555.9749999999999,1,23.778000000000247
861.5,556.35,1,23.7800000000002
862.14,555.5625,1,23.782000000000153
862.38,555.675,1,23.784000000000106
862.26,555.75,1,23.786000000000058
862.34,555.675,1,23.78800000000001
862.46,555.6375,1,23.789999999999964
862.78,555.6375,1,23.791999999999916
862.78,554.775,1,23.794000000000324
863.02,554.85,1,23.796000000000276
862.8199999999999,554.925,1,23.79800000000023
862.66,555.3375,1,23.800000000000182
863.06,555.1500000000001,1,23.802000000000135
862.9,555.75,1,23.804000000000087
862.78,555.1875,1,23.80600000000004
863.02,554.25,1,23.807999999999993
863.38,555.75,1,23.809999999999945
863.38,554.55,1,23.811999999999898
863.46,554.4749999999999,1,23.814000000000306
863.4200000000001,554.8875,1,23.81600000000026
863.26,555.15,1,23.81800000000021
863.4200000000001,554.4375,1,23.820000000000164
863.5799999999999,555.45,1,23.822000000000116
863.6600000000001,555.15,1,23.82400000000007
863.78,554.2874999999999,1,23.826000000000022
863.78,555.0,1,23.827999999999975
863.4200000000001,555.0375,1,23.829999999999927
863.66,554.1,1,23.832000000000335
863.86,554.7375,1,23.834000000000287
863.8199999999999,554.8499999999999,1,23.83600000000024
863.94,555.5625,1,23.838000000000193
864.1400000000001,553.575,1,23.840000000000146
863.8199999999999,554.2125000000001,1,23.8420000000001
863.9000000000001,554.4,1,23.84400000000005
864.0999999999999,553.9875,1,23.846000000000004
863.46,554.25,1,23.847999999999956
864.4200000000001,554.2875,1,23.84999999999991
863.8199999999999,554.8875,1,23.852000000000317
863.94,554.2874999999999,1,23.85400000000027
863.78,554.9625,1,23.856000000000222
863.8199999999999,554.4000000000001,1,23.858000000000175
863.54,554.6625,1,23.860000000000127
863.22,554.6625,1,23.86200000000008
863.3,554.55,1,23.864000000000033
863.62,554.925,1,23.865999999999985
863.5799999999999,554.0250000000001,1,23.867999999999938
863.46,553.95,1,23.870000000000346
863.62,554.3625,1,23.8720000000003
863.34,554.4,1,23.87400000000025
862.94,553.3125,1,23.876000000000204
863.38,554.0625,1,23.878000000000156
863.1400000000001,553.4625,1,23.88000000000011
863.54,554.7375,1,23.882000000000062
863.02,553.7249999999999,1,23.884000000000015
862.8199999999999,553.95,1,23.885999999999967
862.5,554.1375,1,23.88799999999992
860.98,553.575,1,23.890000000000327
856.94,555.4124999999999,1,23.89200000000028
852.7,555.9375,1,23.894000000000233
844.14,557.475,1,23.896000000000186
832.94,558.075,1,23.89800000000014
819.7,559.425,1,23.90000000000009
804.5799999999999,560.5875,1,23.902000000000044
787.8199999999999,560.6625,1,23.903999999999996
769.58,562.5,1,23.90599999999995
751.58,562.6875,1,23.9079999999999
732.94,564.2625,1,23.91000000000031
713.6600000000001,564.7875,1,23.912000000000262
695.22,565.0875,1,23.914000000000215
676.3800000000001,566.8875,1,23.916000000000167
657.98,569.1375,1,23.91800000000012
641.8199999999999,570.2625,1,23.920000000000073
627.26,571.5375,1,23.922000000000025
615.6600000000001,572.6625,1,23.923999999999978
606.02,572.5875,1,23.92599999999993
600.38,572.25,1,23.92800000000034
596.62,572.775,1,23.93000000000029
595.5,572.175,1,23.932000000000244
595.94,570.6375,1,23.934000000000196
596.6199999999999,569.8499999999999,1,23.93600000000015
597.7,569.7,1,23.938000000000102
598.38,568.5,1,23.940000000000055
598.94,568.6125,1,23.942000000000007
598.74,568.4625,1,23.94399999999996
597.94,568.1624999999999,1,23.945999999999913
597.98,567.0375,1,23.94800000000032
597.74,567.6,1,23.950000000000273
598.06,567.4125,1,23.952000000000226
598.02,566.925,1,23.95400000000018
597.8199999999999,566.4,1,23.95600000000013
597.66,566.2125000000001,1,23.958000000000084
597.7,566.025,1,23.960000000000036
596.9000000000001,565.2750000000001,1,23.96199999999999
597.46,564.1875,1,23.963999999999942
596.78,564.075,1,23.96600000000035
597.1800000000001,563.175,1,23.968000000000302
597.02,563.0250000000001,1,23.970000000000255
597.1,562.7249999999999,1,23.972000000000207
597.58,563.175,1,23.97400000000016
596.8599999999999,561.7875,1,23.976000000000113
596.98,562.125,1,23.978000000000065
597.0999999999999,561.225,1,23.980000000000018
596.86,561.7874999999999,1,23.98199999999997
596.66,561.2625,1,23.983999999999924
596.34,560.1375,1,23.98600000000033
596.5,561.15,1,23.988000000000284
596.26,560.925,1,23.990000000000236
596.14,560.8875,1,23.99200000000019
596.1800000000001,560.8499999999999,1,23.994000000000142
595.66,561.075,1,23.996000000000095
595.1800000000001,560.2875,1,23.998000000000047
595.3800000000001,560.1375,1,24.0
595.06,560.175,1,24.001999999999953
594.62,560.2875,1,24.003999999999905
594.62,559.8,1,24.006000000000313
594.1800000000001,559.6875,1,24.008000000000266
593.98,559.575,1,24.01000000000022
593.5799999999999,559.8375,1,24.01200000000017
593.54,559.2,1,24.014000000000124
593.5,559.725,1,24.016000000000076
593.02,559.7625,1,24.01800000000003
592.74,559.05,1,24.019999999999982
592.98,559.2375,1,24.021999999999935
592.74,558.3,1,24.024000000000342
592.54,558.9375,1,24.026000000000295
592.7,558.675,1,24.028000000000247
591.94,558.15,1,24.0300000000002
592.26,558.1125,1,24.032000000000153
592.06,558.1500000000001,1,24.034000000000106
591.94,557.8125,1,24.036000000000058
591.7,557.925,1,24.03800000000001
591.9,557.7,1,24.039999999999964
592.06,557.25,1,24.041999999999916
591.38,557.2125,1,24.044000000000324
591.46,557.325,1,24.046000000000276
591.54,556.6875,1,24.04800000000023
591.3399999999999,556.35,1,24.050000000000182
591.3399999999999,557.2125,1,24.052000000000135
590.98,556.0125,1,24.054000000000087
591.06,556.3125,1,24.05600000000004
590.62,556.05,1,24.057999999999993
590.78,556.4625,1,24.059999999999945
590.9000000000001,556.425,1,24.061999999999898
590.6600000000001,556.3125,1,24.064000000000306
590.7,555.7125000000001,1,24.06600000000026
590.38,555.75,1,24.06800000000021
590.94,556.0875,1,24.070000000000164
590.7,555.9,1,24.072000000000116
590.98,555.9000000000001,1,24.07400000000007
590.8199999999999,555.3,1,24.076000000000022
590.46,554.8875,1,24.077999999999975
590.1800000000001,555.75,1,24.079999999999927
590.62,555.0374999999999,1,24.082000000000335
590.7,555.675,1,24.084000000000287
590.8199999999999,555.1125,1,24.08600000000024
590.62,554.775,1,24.088000000000193
590.66,554.8875,1,24.090000000000146
591.06,554.7375,1,24.0920000000001
590.66,554.5125,1,24.09400000000005
590.42,553.875,1,24.096000000000004
590.5799999999999,554.5125,1,24.097999999999956
590.4200000000001,553.7249999999999,1,24.09999999999991
590.78,553.8375000000001,1,24.102000000000317
590.78,553.6125,1,24.10400000000027
590.54,553.575,1,24.106000000000222
590.7,553.125,1,24.108000000000175
590.86,552.9749999999999,1,24.110000000000127
590.86,553.6875,1,24.11200000000008
590.66,553.6500000000001,1,24.114000000000033
591.06,553.4625,1,24.115999999999985
590.7,553.5375,1,24.117999999999938
590.78,552.9375,1,24.120000000000346
590.54,553.875,1,24.1220000000003
590.62,553.6125,1,24.12400000000025
590.26,553.425,1,24.126000000000204
590.46,553.8,1,24.128000000000156
590.62,552.9749999999999,1,24.13000000000011
590.3399999999999,552.975,1,24.132000000000062
590.78,553.8,1,24.134000000000015
590.78,553.8,1,24.135999999999967
590.14,553.575,1,24.13799999999992
589.78,553.575,1,24.140000000000327
590.3,554.1375,1,24.14200000000028
590.3,553.725,1,24.144000000000233
590.5,554.325,1,24.146000000000186
589.98,554.25,1,24.14800000000014
590.46,553.9875,1,24.15000000000009
589.78,554.0250000000001,1,24.152000000000044
589.6600000000001,554.5875,1,24.153999999999996
589.26,554.4,1,24.15599999999995
589.86,554.5125,1,24.1579999999999
589.74,554.7,1,24.16000000000031
589.7,553.875,1,24.162000000000262
589.74,554.2875,1,24.164000000000215
589.98,554.2874999999999,1,24.166000000000167
589.4200000000001,553.5375,1,24.16800000000012
589.38,553.6125,1,24.170000000000073
589.14,553.575,1,24.172000000000025
588.98,552.5625,1,24.173999999999978
589.4200000000001,553.2,1,24.17599999999993
588.8199999999999,553.275,1,24.17800000000034
589.1800000000001,552.7125,1,24.18000000000029
588.62,553.05,1,24.182000000000244
588.5799999999999,552.6375,1,24.184000000000196
588.3,552.9,1,24.18600000000015
588.54,553.125,1,24.188000000000102
588.74,552.525,1,24.190000000000055
587.94,552.6375,1,24.192000000000007
588.02,552.825,1,24.19399999999996
588.38,552.0375,1,24.195999999999913
588.1800000000001,552.8625,1,24.19800000000032
588.06,552.2625,1,24.200000000000273
588.5,552.2625,1,24.202000000000226
588.62,552.675,1,24.20400000000018
588.1400000000001,552.3,1,24.20600000000013
587.9000000000001,552.0374999999999,1,24.208000000000084
588.4200000000001,552.525,1,24.210000000000036
588.1800000000001,552.675,1,24.21199999999999
587.94,552.8625,1,24.213999999999942
588.6600000000001,552.6375,1,24.21600000000035
588.26,552.45,1,24.218000000000302
588.74,552.0,1,24.220000000000255
588.42,552.5999999999999,1,24.222000000000207
588.6600000000001,552.5999999999999,1,24.22400000000016
588.3,552.7125000000001,1,24.226000000000113
588.66,551.925,1,24.228000000000065
588.4200000000001,552.1875,1,24.230000000000018
588.62,552.1875,1,24.23199999999997
588.1800000000001,552.675,1,24.233999999999924
588.46,552.4875,1,24.23600000000033
588.46,552.375,1,24.238000000000284
588.86,552.5250000000001,1,24.240000000000236
588.3,552.6,1,24.24200000000019
588.58,552.4875,1,24.244000000000142
588.34,553.0125,1,24.246000000000095
588.1800000000001,552.2249999999999,1,24.248000000000047
588.3,552.4124999999999,1,24.25
588.5,551.9625,1,24.251999999999953
588.1,552.75,1,24.253999999999905
588.1800000000001,552.75,1,24.256000000000313
587.94,552.225,1,24.258000000000266
588.18,552.5625,1,24.26000000000022
588.54,552.1875,1,24.26200000000017
588.34,552.075,1,24.264000000000124
588.1800000000001,552.15,1,24.266000000000076
588.26,552.1125,1,24.26800000000003
588.1800000000001,552.0375,1,24.269999999999982
588.06,552.3375000000001,1,24.271999999999935
588.42,551.9625000000001,1,24.274000000000342
588.7,551.175,1,24.276000000000295
588.38,552.2625,1,24.278000000000247
588.46,551.25,1,24.2800000000002
588.5,552.1125,1,24.282000000000153
588.4200000000001,551.0999999999999,1,24.284000000000106
589.06,551.0999999999999,1,24.286000000000058
588.7,551.025,1,24.28800000000001
588.74,551.0999999999999,1,24.289999999999964
589.06,551.175,1,24.291999999999916
588.66,550.9125,1,24.294000000000324
588.5799999999999,551.025,1,24.296000000000276
588.74,551.175,1,24.29800000000023
588.58,551.5125,1,24.300000000000182
588.7,551.4375,1,24.302000000000135
588.8199999999999,551.4375,1,24.304000000000087
588.42,551.0625,1,24.30600000000004
588.74,551.7375,1,24.307999999999993
588.62,552.0,1,24.309999999999945
588.3,551.7375,1,24.311999999999898
588.4200000000001,552.5999999999999,1,24.314000000000306
588.86,552.1875,1,24.31600000000026
589.66,552.5625,1,24.31800000000021
593.6600000000001,552.6375,1,24.320000000000164
598.4200000000001,552.45,1,24.322000000000116
604.1,551.925,1,24.32400000000007
610.5,551.175,1,24.326000000000022
618.22,547.95,1,24.327999999999975
624.42,545.2874999999999,1,24.329999999999927
629.78,545.0250000000001,1,24.332000000000335
636.94,543.8625,1,24.334000000000287
640.86,543.075,1,24.33600000000024
646.54,542.7375,1,24.338000000000193
649.22,541.5374999999999,1,24.340000000000146
651.78,541.05,1,24.3420000000001
653.4200000000001,540.45,1,24.34400000000005
654.5799999999999,538.8375,1,24.346000000000004
655.54,537.9749999999999,1,24.347999999999956
654.74,539.0250000000001,1,24.34999999999991
654.4200000000001,537.9375,1,24.352000000000317
653.62,538.2375,1,24.35400000000027
652.8199999999999,538.9875,1,24.356000000000222
652.1400000000001,538.6875,1,24.358000000000175
652.1,538.425,1,24.360000000000127
651.7,538.4625,1,24.36200000000008
651.0999999999999,538.5,1,24.364000000000033
651.42,537.9375,1,24.365999999999985
651.54,538.5375,1,24.367999999999938
651.3,538.2750000000001,1,24.370000000000346
651.1800000000001,538.125,1,24.3720000000003
651.94,538.1625,1,24.37400000000025
651.22,537.5250000000001,1,24.376000000000204
651.3399999999999,537.8625,1,24.378000000000156
651.38,537.075,1,24.38000000000011
651.54,537.45,1,24.382000000000062
651.7,536.8875,1,24.384000000000015
652.06,537.825,1,24.385999999999967
651.62,537.2249999999999,1,24.38799999999992
652.42,536.625,1,24.390000000000327
651.98,537.0,1,24.39200000000028
652.06,536.925,1,24.394000000000233
652.06,536.55,1,24.396000000000186
652.1,537.1875,1,24.39800000000014
651.86,537.225,1,24.40000000000009
652.6600000000001,536.7375,1,24.402000000000044
652.3399999999999,537.1125,1,24.403999999999996
651.94,538.0125,1,24.40599999999995
652.1400000000001,537.1125,1,24.4079999999999
653.1,537.525,1,24.41000000000031
653.14,537.5250000000001,1,24.412000000000262
652.8199999999999,538.2750000000001,1,24.414000000000215
653.06,537.9375,1,24.416000000000167
652.94,538.6125,1,24.41800000000012
652.8199999999999,538.2,1,24.420000000000073
653.3399999999999,538.3125,1,24.422000000000025
653.3399999999999,537.9,1,24.423999999999978
653.5,538.35,1,24.42599999999993
653.7,537.9,1,24.42800000000034
653.38,538.2375,1,24.43000000000029
653.5,538.125,1,24.432000000000244
653.66,537.825,1,24.434000000000196
654.1400000000001,536.5875,1,24.43600000000015
653.98,537.6,1,24.438000000000102
654.3399999999999,536.5875,1,24.440000000000055
653.94,537.0,1,24.442000000000007
654.8199999999999,535.8,1,24.44399999999996
654.22,536.6625,1,24.445999999999913
654.3399999999999,536.325,1,24.44800000000032
654.34,536.4749999999999,1,24.450000000000273
654.3,536.4,1,24.452000000000226
654.3399999999999,535.65,1,24.45400000000018
654.4200000000001,535.575,1,24.45600000000013
654.8199999999999,535.7625,1,24.458000000000084
654.94,535.9125,1,24.460000000000036
654.78,535.5,1,24.46199999999999
654.8599999999999,535.275,1,24.463999999999942
654.86,535.8,1,24.46600000000035
654.54,535.3875,1,24.468000000000302
654.86,535.6875,1,24.470000000000255
654.5799999999999,535.2,1,24.472000000000207
654.62,535.575,1,24.47400000000016
654.62,535.2,1,24.476000000000113
654.6600000000001,535.4625,1,24.478000000000065
654.62,535.0125,1,24.480000000000018
654.26,535.0875,1,24.48199999999997
654.82,535.0875,1,24.483999999999924
654.46,535.2750000000001,1,24.48600000000033
654.4200000000001,535.5,1,24.488000000000284
654.8199999999999,535.9875,1,24.490000000000236
654.62,535.6125,1,24.49200000000019
654.7,536.0250000000001,1,24.494000000000142
654.62,535.35,1,24.496000000000095
654.6199999999999,536.325,1,24.498000000000047
654.6600000000001,535.2375,1,24.5
654.7,536.175,1,24.501999999999953
654.7,536.2874999999999,1,24.503999999999905
654.5,536.0250000000001,1,24.506000000000313
654.74,536.1375,1,24.508000000000266
653.94,536.0625,1,24.51000000000022
654.1400000000001,536.2125,1,24.51200000000017
654.18,536.5125,1,24.514000000000124
654.14,536.85,1,24.516000000000076
654.02,536.4749999999999,1,24.51800000000003
653.98,536.7375,1,24.519999999999982
654.0999999999999,536.55,1,24.521999999999935
654.26,536.7,1,24.524000000000342
653.8599999999999,536.4375,1,24.526000000000295
653.42,536.8499999999999,1,24.528000000000247
653.78,536.5125,1,24.5300000000002
653.7,536.2875,1,24.532000000000153
653.6600000000001,535.8,1,24.534000000000106
653.5,535.9875,1,24.536000000000058
653.02,536.25,1,24.53800000000001
653.42,536.4000000000001,1,24.539999999999964
653.3399999999999,536.4749999999999,1,24.541999999999916
653.06,535.9125,1,24.544000000000324
652.94,535.8,1,24.546000000000276
653.14,535.65,1,24.54800000000023
653.5,535.6125,1,24.550000000000182
653.42,536.325,1,24.552000000000135
653.34,536.5875,1,24.554000000000087
653.26,536.0999999999999,1,24.55600000000004
653.54,536.1375,1,24.557999999999993
653.74,535.575,1,24.559999999999945
653.26,535.9125,1,24.561999999999898
654.3,535.3875,1,24.564000000000306
653.5,536.0625,1,24.56600000000026
653.62,536.325,1,24.56800000000021
653.94,535.8,1,24.570000000000164
653.54,536.175,1,24.572000000000116
653.8199999999999,536.2125000000001,1,24.57400000000007
654.38,536.4375,1,24.576000000000022
654.1,536.4000000000001,1,24.577999999999975
654.38,535.3875,1,24.579999999999927
654.98,535.9875,1,24.582000000000335
656.42,534.7875,1,24.584000000000287
658.1800000000001,534.1875,1,24.58600000000024
660.5,532.125,1,24.588000000000193
661.62,530.2125,1,24.590000000000146
662.0999999999999,529.5375,1,24.5920000000001
662.86,528.825,1,24.59400000000005
663.34,527.7750000000001,1,24.596000000000004
663.7,526.7625,1,24.597999999999956
664.78,526.725,1,24.59999999999991
664.54,524.925,1,24.602000000000317
664.66,525.525,1,24.60400000000027
664.1800000000001,525.5999999999999,1,24.606000000000222
664.3,526.7249999999999,1,24.608000000000175
663.78,527.25,1,24.610000000000127
663.98,528.2249999999999,1,24.61200000000008
663.26,528.75,1,24.614000000000033
663.38,529.0125,1,24.615999999999985
663.54,529.4625,1,24.617999999999938
663.54,529.6125,1,24.620000000000346
664.02,529.2,1,24.6220000000003
663.66,529.3125,1,24.62400000000025
664.06,529.575,1,24.626000000000204
663.8599999999999,530.2874999999999,1,24.628000000000156
663.98,530.4375,1,24.63000000000011
664.5,530.2125,1,24.632000000000062
663.7,529.95,1,24.634000000000015
664.3,529.725,1,24.635999999999967
663.8199999999999,530.2875,1,24.63799999999992
663.8199999999999,530.475,1,24.640000000000327
664.1,530.475,1,24.64200000000028
663.86,530.2874999999999,1,24.644000000000233
664.06,530.25,1,24.646000000000186
664.02,530.3625,1,24.64800000000014
664.4200000000001,530.2125,1,24.65000000000009
663.8199999999999,530.325,1,24.652000000000044
664.38,529.05,1,24.653999999999996
664.54,529.6875,1,24.65599999999995
664.3,529.2,1,24.6579999999999
664.14,529.6500000000001,1,24.66000000000031
663.74,529.6875,1,24.662000000000262
664.22,528.9000000000001,1,24.664000000000215
664.54,528.75,1,24.666000000000167
664.9000000000001,528.9,1,24.66800000000012
664.74,528.5625,1,24.670000000000073
664.7,528.45,1,24.672000000000025
664.22,528.4875,1,24.673999999999978
664.74,528.1875,1,24.67599999999993
664.1800000000001,527.8875,1,24.67800000000034
664.46,527.7,1,24.68000000000029
664.3399999999999,528.0374999999999,1,24.682000000000244
664.1400000000001,528.2625,1,24.684000000000196
664.1800000000001,527.9625,1,24.68600000000015
664.22,527.8875,1,24.688000000000102
664.1800000000001,528.3,1,24.690000000000055
664.02,527.5125,1,24.692000000000007
664.1800000000001,528.6375,1,24.69399999999996
663.86,527.925,1,24.695999999999913
664.02,527.85,1,24.69800000000032
664.06,528.45,1,24.700000000000273
664.02,528.45,1,24.702000000000226
664.34,528.6,1,24.70400000000018
664.4200000000001,528.975,1,24.70600000000013
664.0999999999999,528.9,1,24.708000000000084
663.34,528.3375,1,24.710000000000036
664.06,527.925,1,24.71199999999999
663.3,527.9625000000001,1,24.713999999999942
663.66,528.6375,1,24.71600000000035
663.8599999999999,528.45,1,24.718000000000302
663.86,528.1875,1,24.720000000000255
663.46,528.4875,1,24.722000000000207
663.74,528.225,1,24.72400000000016
663.4200000000001,527.625,1,24.726000000000113
663.42,528.3375,1,24.728000000000065
663.8199999999999,528.3375000000001,1,24.730000000000018
663.38,528.225,1,24.73199999999997
664.0999999999999,527.4000000000001,1,24.733999999999924
663.78,527.7375,1,24.73600000000033
663.78,527.5125,1,24.738000000000284
664.26,527.5875000000001,1,24.740000000000236
664.26,527.4,1,24.74200000000019
663.62,527.3625,1,24.744000000000142
664.22,528.1125,1,24.746000000000095
664.3,526.9125,1,24.748000000000047
664.26,528.1125,1,24.75
664.5,527.8875,1,24.751999999999953
664.5,527.325,1,24.753999999999905
664.38,528.15,1,24.756000000000313
664.38,527.8499999999999,1,24.758000000000266
664.4200000000001,527.1375,1,24.76000000000022
664.3,527.5875000000001,1,24.76200000000017
664.82,528.1875,1,24.764000000000124
664.46,528.225,1,24.766000000000076
664.98,528.4875,1,24.76800000000003
665.26,529.0125,1,24.769999999999982
665.14,529.0125,1,24.771999999999935
665.3,528.1875,1,24.774000000000342
665.66,528.375,1,24.776000000000295
665.26,529.0875,1,24.778000000000247
665.18,530.6624999999999,1,24.7800000000002
663.94,533.5875,1,24.782000000000153
662.3,536.55,1,24.784000000000106
659.06,542.4749999999999,1,24.786000000000058
655.0999999999999,548.7,1,24.78800000000001
650.22,555.4125,1,24.789999999999964
645.22,561.6375,1,24.791999999999916
641.98,567.3,1,24.794000000000324
639.8199999999999,572.925,1,24.796000000000276
637.5,580.6125,1,24.79800000000023
636.98,588.0375,1,24.800000000000182
635.3,592.05,1,24.802000000000135
635.26,594.9749999999999,1,24.804000000000087
635.26,596.925,1,24.80600000000004
634.5799999999999,598.2375,1,24.807999999999993
635.02,599.1375,1,24.809999999999945
635.26,600.9375,1,24.811999999999898
635.4200000000001,601.3499999999999,1,24.814000000000306
635.54,600.6,1,24.81600000000026
635.86,600.3,1,24.81800000000021
636.02,599.2875,1,24.820000000000164
636.5,597.75,1,24.822000000000116
635.94,598.2375,1,24.82400000000007
635.94,598.65,1,24.826000000000022
636.02,598.1625,1,24.827999999999975
635.94,597.3375,1,24.829999999999927
636.1800000000001,597.7874999999999,1,24.832000000000335
635.8199999999999,597.45,1,24.834000000000287
636.1800000000001,597.9000000000001,1,24.83600000000024
635.74,596.8875,1,24.838000000000193
636.26,596.925,1,24.840000000000146
636.06,597.6,1,24.8420000000001
635.86,597.825,1,24.84400000000005
635.6600000000001,597.1875,1,24.846000000000004
636.46,597.45,1,24.847999999999956
636.1400000000001,596.9625,1,24.84999999999991
636.1800000000001,596.5125,1,24.852000000000317
636.26,597.3,1,24.85400000000027
636.74,596.8125,1,24.856000000000222
636.26,596.1375,1,24.858000000000175
636.02,596.9625000000001,1,24.860000000000127
635.78,597.075,1,24.86200000000008
635.94,596.8875,1,24.864000000000033
636.3,596.1375,1,24.865999999999985
635.98,596.175,1,24.867999999999938
636.22,596.4375,1,24.870000000000346
635.7,596.5125,1,24.8720000000003
635.78,596.7375,1,24.87400000000025
636.06,596.6625,1,24.876000000000204
635.8199999999999,597.1500000000001,1,24.878000000000156
636.0999999999999,596.55,1,24.88000000000011
635.9,596.5875000000001,1,24.882000000000062
635.5799999999999,596.7375,1,24.884000000000015
635.78,596.5875,1,24.885999999999967
635.74,596.925,1,24.88799999999992
635.8199999999999,597.0375,1,24.890000000000327
635.62,596.5125,1,24.89200000000028
635.38,596.625,1,24.894000000000233
635.3,596.4,1,24.896000000000186
635.5,596.7,1,24.89800000000014
635.7,596.7375,1,24.90000000000009
635.54,596.7375,1,24.902000000000044
635.9,597.0,1,24.903999999999996
635.4200000000001,596.475,1,24.90599999999995
635.78,596.7,1,24.9079999999999
635.54,596.925,1,24.91000000000031
635.54,596.8875,1,24.912000000000262
635.98,596.7375,1,24.914000000000215
635.6600000000001,596.2125000000001,1,24.916000000000167
635.7,597.0374999999999,1,24.91800000000012
635.9000000000001,596.7375,1,24.920000000000073
635.66,597.0,1,24.922000000000025
635.58,596.6624999999999,1,24.923999999999978
635.86,596.8875,1,24.92599999999993
635.6600000000001,596.25,1,24.92800000000034
635.6600000000001,597.0375,1,24.93000000000029
635.1800000000001,596.775,1,24.932000000000244
635.9000000000001,596.55,1,24.934000000000196
635.38,596.55,1,24.93600000000015
635.94,597.0,1,24.938000000000102
635.46,597.1500000000001,1,24.940000000000055
636.06,597.075,1,24.942000000000007
635.7,597.5625,1,24.94399999999996
636.0999999999999,596.625,1,24.945999999999913
635.54,596.7,1,24.94800000000032
635.86,597.3375000000001,1,24.950000000000273
635.94,596.8125,1,24.952000000000226
636.06,597.1875,1,24.95400000000018
636.02,597.2625,1,24.95600000000013
635.62,597.1875,1,24.958000000000084
635.98,597.4875,1,24.960000000000036
636.02,597.1125,1,24.96199999999999
635.78,597.0374999999999,1,24.963999999999942
636.06,597.2249999999999,1,24.96600000000035
636.26,596.775,1,24.968000000000302
636.3,596.5875,1,24.970000000000255
635.78,596.4375,1,24.972000000000207
635.8599999999999,596.55,1,24.97400000000016
636.18,596.475,1,24.976000000000113
636.1800000000001,596.6625,1,24.978000000000065
636.34,597.1875,1,24.980000000000018
636.26,597.075,1,24.98199999999997
636.3,597.15,1,24.983999999999924
636.22,596.7375,1,24.98600000000033
635.94,597.5625,1,24.988000000000284
636.1800000000001,597.1125,1,24.990000000000236
635.06,596.925,1,24.99200000000019
634.4200000000001,597.375,1,24.994000000000142
631.74,596.5875,1,24.996000000000095
627.1,595.3499999999999,1,24.998000000000047
622.06,593.925,1,25.0
617.66,591.2625,1,25.001999999999953
614.02,590.325,1,25.003999999999905
609.14,590.2875,1,25.006000000000313
605.1800000000001,589.4625,1,25.008000000000266
601.46,589.95,1,25.01000000000022
598.3,590.025,1,25.01200000000017
596.5,590.0625,1,25.014000000000124
595.94,589.3875,1,25.016000000000076
595.1800000000001,589.3875,1,25.01800000000003
594.78,589.575,1,25.019999999999982
594.42,589.35,1,25.021999999999935
595.3399999999999,589.05,1,25.024000000000342
594.62,589.875,1,25.026000000000295
595.06,589.95,1,25.028000000000247
595.4200000000001,590.0625,1,25.0300000000002
595.26,590.25,1,25.032000000000153
595.5,589.8,1,25.034000000000106
595.34,589.6875,1,25.036000000000058
595.26,589.6125,1,25.03800000000001
595.54,589.6875,1,25.039999999999964
595.54,589.7625,1,25.041999999999916
595.4200000000001,589.6125,1,25.044000000000324
594.98,589.65,1,25.046000000000276
595.26,590.5125,1,25.04800000000023
595.06,589.4625,1,25.050000000000182
594.86,589.2,1,25.052000000000135
595.26,589.7249999999999,1,25.054000000000087
595.26,589.425,1,25.05600000000004
595.26,589.95,1,25.057999999999993
595.22,589.875,1,25.059999999999945
595.46,589.8375,1,25.061999999999898
595.4200000000001,589.3125,1,25.064000000000306
594.86,589.875,1,25.06600000000026
595.0999999999999,589.4625000000001,1,25.06800000000021
595.1800000000001,590.25,1,25.070000000000164
595.22,589.95,1,25.072000000000116
595.18,590.0999999999999,1,25.07400000000007
594.86,589.8,1,25.076000000000022
594.78,589.6125,1,25.077999999999975
594.98,590.0999999999999,1,25.079999999999927
594.8599999999999,590.325,1,25.082000000000335
594.5,589.95,1,25.084000000000287
594.58,590.1375,1,25.08600000000024
594.62,589.3125,1,25.088000000000193
594.6600000000001,589.8,1,25.090000000000146
594.78,589.8,1,25.0920000000001
594.02,589.7249999999999,1,25.09400000000005
594.38,589.8375,1,25.096000000000004
594.3399999999999,589.6125,1,25.097999999999956
594.26,590.1,1,25.09999999999991
594.54,589.9125,1,25.102000000000317
594.1,590.0250000000001,1,25.10400000000027
594.34,589.7625,1,25.106000000000222
594.22,589.9124999999999,1,25.108000000000175
594.1800000000001,589.575,1,25.110000000000127
594.3,589.3125,1,25.11200000000008
593.62,589.7625,1,25.114000000000033
594.02,590.0625,1,25.115999999999985
594.06,590.175,1,25.117999999999938
594.3,589.9124999999999,1,25.120000000000346
593.82,589.725,1,25.1220000000003
593.86,590.2125,1,25.12400000000025
594.1400000000001,590.4000000000001,1,25.126000000000204
594.26,590.625,1,25.128000000000156
594.02,590.025,1,25.13000000000011
594.3,590.0250000000001,1,25.132000000000062
594.1,590.7,1,25.134000000000015
593.98,590.85,1,25.135999999999967
594.0999999999999,591.375,1,25.13799999999992
594.02,591.5250000000001,1,25.140000000000327
593.6600000000001,590.7,1,25.14200000000028
594.42,590.7,1,25.144000000000233
593.78,591.6375,1,25.146000000000186
593.9000000000001,590.7,1,25.14800000000014
594.14,591.2249999999999,1,25.15000000000009
593.9000000000001,591.3,1,25.152000000000044
594.74,591.0,1,25.153999999999996
594.02,591.2625,1,25.15599999999995
594.4200000000001,590.8875,1,25.1579999999999
594.74,590.6625,1,25.16000000000031
594.62,590.4375,1,25.162000000000262
594.46,590.4,1,25.164000000000215
594.62,590.2875,1,25.166000000000167
594.54,590.9625000000001,1,25.16800000000012
594.8599999999999,589.65,1,25.170000000000073
595.46,590.325,1,25.172000000000025
595.02,590.925,1,25.173999999999978
595.34,589.5,1,25.17599999999993
595.82,589.3875,1,25.17800000000034
595.38,589.5,1,25.18000000000029
595.5,590.175,1,25.182000000000244
595.54,589.6875,1,25.184000000000196
595.62,589.9124999999999,1,25.18600000000015
595.5799999999999,590.1,1,25.188000000000102
595.74,589.5374999999999,1,25.190000000000055
595.8199999999999,589.8,1,25.192000000000007
595.42,590.025,1,25.19399999999996
595.78,590.025,1,25.195999999999913
595.26,590.9625,1,25.19800000000032
595.4200000000001,590.9625,1,25.200000000000273
595.82,591.4875,1,25.202000000000226
595.5,591.3,1,25.20400000000018
595.98,592.5374999999999,1,25.20600000000013
595.1,592.3875,1,25.208000000000084
595.8199999999999,592.35,1,25.210000000000036
595.9,592.575,1,25.21199999999999
595.7,593.0625,1,25.213999999999942
595.22,593.0999999999999,1,25.21600000000035
595.98,593.1375,1,25.218000000000302
595.66,593.55,1,25.220000000000255
595.6600000000001,593.5875,1,25.222000000000207
595.7,593.7,1,25.22400000000016
595.7,593.85,1,25.226000000000113
595.78,593.7375,1,25.228000000000065
595.54,593.5125,1,25.230000000000018
595.5,594.2625,1,25.23199999999997
596.66,594.2249999999999,1,25.233999999999924
597.6600000000001,595.5375,1,25.23600000000033
600.74,596.2125,1,25.238000000000284
604.26,596.9625,1,25.240000000000236
608.46,599.025,1,25.24200000000019
613.9000000000001,601.3499999999999,1,25.244000000000142
620.54,604.1625,1,25.246000000000095
627.34,606.0,1,25.248000000000047
632.9,607.4625,1,25.25
637.1800000000001,609.7125000000001,1,25.251999999999953
640.86,611.2875,1,25.253999999999905
642.46,610.875,1,25.256000000000313
643.42,611.3625,1,25.258000000000266
644.1,611.4375,1,25.26000000000022
644.3399999999999,612.1125,1,25.26200000000017
644.98,611.7375,1,25.264000000000124
644.38,612.7875,1,25.266000000000076
644.46,612.1125,1,25.26800000000003
643.78,611.7375,1,25.269999999999982
642.78,611.4375,1,25.271999999999935
642.58,610.95,1,25.274000000000342
642.5799999999999,611.4,1,25.276000000000295
642.1,610.9875,1,25.278000000000247
642.26,609.7125,1,25.2800000000002
641.8599999999999,610.4625000000001,1,25.282000000000153
641.98,610.5,1,25.284000000000106
641.78,610.5,1,25.286000000000058
642.06,610.8375000000001,1,25.28800000000001
641.78,610.4625,1,25.289999999999964
642.5,610.9875,1,25.291999999999916
641.94,610.875,1,25.294000000000324
641.34,610.575,1,25.296000000000276
641.38,610.3125,1,25.29800000000023
641.5,610.575,1,25.300000000000182
641.7,611.0625,1,25.302000000000135
642.1,610.125,1,25.304000000000087
641.7,610.3499999999999,1,25.30600000000004
642.4200000000001,610.5,1,25.307999999999993
641.74,610.6875,1,25.309999999999945
642.46,609.9,1,25.311999999999898
642.34,610.8,1,25.314000000000306
642.02,610.3875,1,25.31600000000026
642.86,610.725,1,25.31800000000021
642.74,610.575,1,25.320000000000164
642.54,609.9,1,25.322000000000116
642.78,610.0875000000001,1,25.32400000000007
642.5,609.9,1,25.326000000000022
643.1800000000001,609.9375,1,25.327999999999975
643.3,610.7249999999999,1,25.329999999999927
643.3399999999999,610.2375,1,25.332000000000335
643.02,609.75,1,25.334000000000287
643.46,610.35,1,25.33600000000024
643.26,610.2,1,25.338000000000193
643.22,609.45,1,25.340000000000146
643.54,609.6375,1,25.3420000000001
643.62,610.0125,1,25.34400000000005
644.06,609.2625,1,25.346000000000004
644.1800000000001,609.3,1,25.347999999999956
644.22,609.075,1,25.34999999999991
644.78,609.0,1,25.352000000000317
644.5,608.625,1,25.35400000000027
644.3,609.3375,1,25.356000000000222
644.22,609.525,1,25.358000000000175
644.5799999999999,609.225,1,25.360000000000127
644.7,609.6,1,25.36200000000008
644.6600000000001,609.4125,1,25.364000000000033
644.5,609.8625,1,25.365999999999985
644.78,609.825,1,25.367999999999938
644.54,609.9,1,25.370000000000346
644.7,610.0875,1,25.3720000000003
644.54,609.8625,1,25.37400000000025
644.5799999999999,610.3125,1,25.376000000000204
644.3800000000001,609.9375,1,25.378000000000156
644.22,610.725,1,25.38000000000011
644.5,610.425,1,25.382000000000062
644.38,610.3125,1,25.384000000000015
644.4200000000001,611.25,1,25.385999999999967
644.1800000000001,611.025,1,25.38799999999992
644.3399999999999,611.025,1,25.390000000000327
644.62,611.1375,1,25.39200000000028
644.38,611.0625,1,25.394000000000233
644.3,611.5125,1,25.396000000000186
644.3399999999999,611.2874999999999,1,25.39800000000014
644.62,611.6624999999999,1,25.40000000000009
644.62,612.0374999999999,1,25.402000000000044
644.38,612.0375,1,25.403999999999996
645.02,612.1125,1,25.40599999999995
644.98,611.925,1,25.4079999999999
644.78,613.05,1,25.41000000000031
644.82,612.0,1,25.412000000000262
644.7,612.4875,1,25.414000000000215
644.26,612.45,1,25.416000000000167
644.5,612.4125,1,25.41800000000012
644.06,613.2375,1,25.420000000000073
644.54,613.3875,1,25.422000000000025
644.46,612.675,1,25.423999999999978
644.6600000000001,612.825,1,25.42599999999993
643.8199999999999,612.9749999999999,1,25.42800000000034
643.98,612.5625,1,25.43000000000029
643.7,612.5625,1,25.432000000000244
643.86,612.525,1,25.434000000000196
644.02,612.5999999999999,1,25.43600000000015
643.38,612.5625,1,25.438000000000102
643.5,612.3,1,25.440000000000055
643.46,611.9625,1,25.442000000000007
643.1,612.0375,1,25.44399999999996
643.1800000000001,612.3,1,25.445999999999913
643.1800000000001,612.45,1,25.44800000000032
643.7,612.0374999999999,1,25.450000000000273
643.46,611.8875,1,25.452000000000226
643.5,612.3,1,25.45400000000018
643.3399999999999,612.0,1,25.45600000000013
643.22,612.525,1,25.458000000000084
643.6600000000001,612.5625,1,25.460000000000036
642.78,612.6,1,25.46199999999999
642.98,612.3375000000001,1,25.463999999999942
643.06,612.75,1,25.46600000000035
642.78,612.7125,1,25.468000000000302
643.02,612.3375000000001,1,25.470000000000255
642.66,612.675,1,25.472000000000207
642.22,612.4875,1,25.47400000000016
642.4200000000001,612.2625,1,25.476000000000113
641.9000000000001,612.75,1,25.478000000000065
641.74,612.0,1,25.480000000000018
642.02,612.45,1,25.48199999999997
641.62,611.7375,1,25.483999999999924
641.8599999999999,612.2625,1,25.48600000000033
642.14,611.8125,1,25.488000000000284
642.1400000000001,611.7375,1,25.490000000000236
642.06,611.2875,1,25.49200000000019
642.3,611.475,1,25.494000000000142
642.3,611.4375,1,25.496000000000095
642.3399999999999,610.7625,1,25.498000000000047
642.46,611.025,1,25.5
642.5799999999999,610.8375000000001,1,25.501999999999953
642.1,610.3125,1,25.503999999999905
642.5799999999999,611.775,1,25.506000000000313
642.62,610.575,1,25.508000000000266
642.62,609.5625,1,25.51000000000022
642.5799999999999,610.2750000000001,1,25.51200000000017
642.78,610.6875,1,25.514000000000124
642.98,610.3875,1,25.516000000000076
642.94,610.9125,1,25.51800000000003
643.3399999999999,611.6625,1,25.519999999999982
643.14,611.4000000000001,1,25.521999999999935
643.7,611.325,1,25.524000000000342
643.5799999999999,611.4375,1,25.526000000000295
644.02,611.475,1,25.528000000000247
644.06,612.4875,1,25.5300000000002
644.1800000000001,612.075,1,25.532000000000153
644.22,612.6,1,25.534000000000106
644.18,612.8625,1,25.536000000000058
644.0999999999999,612.0375,1,25.53800000000001
644.3,613.1625,1,25.539999999999964
644.38,613.5374999999999,1,25.541999999999916
644.62,613.3125,1,25.544000000000324
644.38,613.05,1,25.546000000000276
645.06,613.8,1,25.54800000000023
644.74,613.1625,1,25.550000000000182
644.94,612.825,1,25.552000000000135
645.1,613.7625,1,25.554000000000087
645.14,613.65,1,25.55600000000004
645.02,612.9000000000001,1,25.557999999999993
645.06,613.8375000000001,1,25.559999999999945
645.1400000000001,612.45,1,25.561999999999898
644.9000000000001,612.9000000000001,1,25.564000000000306
645.0999999999999,612.375,1,25.56600000000026
644.98,612.75,1,25.56800000000021
645.06,612.6375,1,25.570000000000164
645.26,612.1875,1,25.572000000000116
644.78,612.45,1,25.57400000000007
645.1400000000001,610.3125,1,25.576000000000022
644.6600000000001,611.85,1,25.577999999999975
644.74,611.025,1,25.579999999999927
644.8599999999999,611.4375,1,25.582000000000335
644.98,610.6875,1,25.584000000000287
645.3,611.0625,1,25.58600000000024
645.02,610.5375,1,25.588000000000193
644.8599999999999,610.2375,1,25.590000000000146
644.78,610.125,1,25.5920000000001
644.3,610.6125,1,25.59400000000005
644.5799999999999,610.2,1,25.596000000000004
644.74,610.5375,1,25.597999999999956
644.74,610.875,1,25.59999999999991
644.94,610.95,1,25.602000000000317
645.22,610.7625,1,25.60400000000027
645.82,610.6875,1,25.606000000000222
645.6600000000001,611.0625,1,25.608000000000175
645.86,610.6125,1,25.610000000000127
645.3,611.4375,1,25.61200000000008
646.3,610.9875,1,25.614000000000033
645.86,610.3125,1,25.615999999999985
646.5,612.075,1,25.617999999999938
646.62,611.7750000000001,1,25.620000000000346
646.06,610.8,1,25.6220000000003
646.38,612.1125,1,25.62400000000025
646.58,611.475,1,25.626000000000204
646.22,611.3625,1,25.628000000000156
646.78,611.8125,1,25.63000000000011
646.86,611.7375,1,25.632000000000062
647.02,611.8125,1,25.634000000000015
646.62,611.85,1,25.635999999999967
646.1800000000001,612.7125000000001,1,25.63799999999992
644.66,611.7,1,25.640000000000327
641.38,612.7125000000001,1,25.64200000000028
635.9,613.5375,1,25.644000000000233
630.34,614.925,1,25.646000000000186
623.46,615.525,1,25.64800000000014
615.1800000000001,614.625,1,25.65000000000009
605.8199999999999,615.5625,1,25.652000000000044
595.3399999999999,615.4125,1,25.653999999999996
586.62,615.6375,1,25.65599999999995
576.26,616.0875000000001,1,25.6579999999999
568.26,616.3125,1,25.66000000000031
562.02,616.6500000000001,1,25.662000000000262
556.22,616.9875,1,25.664000000000215
552.5,617.175,1,25.666000000000167
550.26,616.95,1,25.66800000000012
549.22,617.775,1,25.670000000000073
548.66,617.5125,1,25.672000000000025
548.94,617.0625,1,25.673999999999978
550.02,616.8,1,25.67599999999993
550.42,616.5,1,25.67800000000034
550.46,616.5,1,25.68000000000029
551.38,616.1624999999999,1,25.682000000000244
551.58,616.9124999999999,1,25.684000000000196
551.4200000000001,617.1375,1,25.68600000000015
551.5,616.3875,1,25.688000000000102
550.5799999999999,616.875,1,25.690000000000055
551.26,616.2,1,25.692000000000007
551.0999999999999,616.65,1,25.69399999999996
550.34,616.8,1,25.695999999999913
550.5,616.5,1,25.69800000000032
549.74,616.575,1,25.700000000000273
550.06,617.1,1,25.702000000000226
549.8199999999999,616.3875,1,25.70400000000018
550.02,616.2750000000001,1,25.70600000000013
549.78,615.6375,1,25.708000000000084
550.06,615.9375,1,25.710000000000036
550.02,615.6375,1,25.71199999999999
549.94,615.4875,1,25.713999999999942
549.9000000000001,615.9375,1,25.71600000000035
550.14,615.075,1,25.718000000000302
549.94,614.85,1,25.720000000000255
550.1800000000001,614.3625,1,25.722000000000207
550.1800000000001,614.8499999999999,1,25.72400000000016
550.1800000000001,614.4749999999999,1,25.726000000000113
550.22,614.25,1,25.728000000000065
550.0999999999999,614.8125,1,25.730000000000018
549.8199999999999,613.7249999999999,1,25.73199999999997
550.06,614.1375,1,25.733999999999924
550.4200000000001,613.575,1,25.73600000000033
550.46,613.575,1,25.738000000000284
550.5,614.2125,1,25.740000000000236
550.38,613.95,1,25.74200000000019
550.5799999999999,613.65,1,25.744000000000142
550.7,613.8,1,25.746000000000095
550.7,613.35,1,25.748000000000047
550.74,613.8,1,25.75
551.06,613.425,1,25.751999999999953
551.02,613.2750000000001,1,25.753999999999905
550.9,613.9875,1,25.756000000000313
551.14,614.025,1,25.758000000000266
551.06,613.1625,1,25.76000000000022
551.22,613.9125,1,25.76200000000017
551.9,612.9375,1,25.764000000000124
551.74,612.825,1,25.766000000000076
551.5799999999999,613.2,1,25.76800000000003
551.78,613.425,1,25.769999999999982
552.26,613.5374999999999,1,25.771999999999935
551.54,613.2,1,25.774000000000342
552.4200000000001,612.8625,1,25.776000000000295
552.14,612.9375,1,25.778000000000247
552.38,612.675,1,25.7800000000002
552.74,612.75,1,25.782000000000153
552.54,612.2625,1,25.784000000000106
552.1,611.8125,1,25.786000000000058
552.98,612.1875,1,25.78800000000001
553.26,611.5125,1,25.789999999999964
553.1800000000001,612.1875,1,25.791999999999916
552.98,611.8875,1,25.794000000000324
553.34,612.4875,1,25.796000000000276
552.9000000000001,611.5125,1,25.79800000000023
553.06,611.8125,1,25.800000000000182
553.54,611.475,1,25.802000000000135
553.1800000000001,611.7375,1,25.804000000000087
552.8599999999999,611.8875,1,25.80600000000004
553.5,611.475,1,25.807999999999993
553.14,611.0625,1,25.809999999999945
552.94,611.325,1,25.811999999999898
553.0999999999999,611.0625,1,25.814000000000306
552.94,611.4000000000001,1,25.81600000000026
553.42,611.4,1,25.81800000000021
553.5,611.3625,1,25.820000000000164
552.94,611.0625,1,25.822000000000116
553.06,611.4375,1,25.82400000000007
553.1,610.9124999999999,1,25.826000000000022
553.42,611.775,1,25.827999999999975
553.18,611.85,1,25.829999999999927
553.34,611.2125,1,25.832000000000335
553.74,611.2875,1,25.834000000000287
553.58,612.3375000000001,1,25.83600000000024
553.74,612.15,1,25.838000000000193
553.74,612.2249999999999,1,25.840000000000146
553.7,611.8875,1,25.8420000000001
553.78,611.775,1,25.84400000000005
553.74,612.0,1,25.846000000000004
553.7,612.6375,1,25.847999999999956
553.4200000000001,612.1125,1,25.84999999999991
553.98,612.0375,1,25.852000000000317
554.06,612.3,1,25.85400000000027
553.8599999999999,612.3375,1,25.856000000000222
553.4200000000001,612.3,1,25.858000000000175
553.54,612.4875,1,25.860000000000127
553.22,612.525,1,25.86200000000008
553.5799999999999,612.075,1,25.864000000000033
553.38,612.3375000000001,1,25.865999999999985
553.1800000000001,612.3,1,25.867999999999938
553.14,612.0,1,25.870000000000346
552.8599999999999,612.3,1,25.8720000000003
552.6600000000001,612.225,1,25.87400000000025
552.94,612.2249999999999,1,25.876000000000204
552.7,611.8875,1,25.878000000000156
552.46,612.5625,1,25.88000000000011
552.7,612.0375,1,25.882000000000062
552.3800000000001,612.5999999999999,1,25.884000000000015
552.1,611.85,1,25.885999999999967
552.1,612.4875,1,25.88799999999992
552.06,612.075,1,25.890000000000327
552.62,612.6375,1,25.89200000000028
551.78,612.7875,1,25.894000000000233
551.74,612.6,1,25.896000000000186
551.66,612.4124999999999,1,25.89800000000014
551.62,613.125,1,25.90000000000009
551.4200000000001,612.6375,1,25.902000000000044
551.54,612.7875,1,25.903999999999996
551.7,612.375,1,25.90599999999995
551.86,612.7874999999999,1,25.9079999999999
551.78,612.1500000000001,1,25.91000000000031
551.8199999999999,612.6,1,25.912000000000262
551.6199999999999,613.5,1,25.914000000000215
551.3,612.6375,1,25.916000000000167
551.74,612.8625,1,25.91800000000012
550.8199999999999,613.0125,1,25.920000000000073
551.3,612.7874999999999,1,25.922000000000025
551.3,612.975,1,25.923999999999978
551.54,612.7125000000001,1,25.92599999999993
551.22,611.8125,1,25.92800000000034
551.74,612.4875,1,25.93000000000029
551.3,612.4875,1,25.932000000000244
552.0999999999999,611.85,1,25.934000000000196
551.3399999999999,611.2125,1,25.93600000000015
552.02,612.75,1,25.938000000000102
551.94,611.8499999999999,1,25.940000000000055
552.34,611.325,1,25.942000000000007
551.98,611.1375,1,25.94399999999996
551.94,611.2874999999999,1,25.945999999999913
551.8599999999999,610.875,1,25.94800000000032
551.86,610.7625,1,25.950000000000273
552.8199999999999,610.1625,1,25.952000000000226
552.38,610.0125,1,25.95400000000018
552.7,610.35,1,25.95600000000013
552.38,610.5,1,25.958000000000084
553.06,609.975,1,25.960000000000036
552.78,610.35,1,25.96199999999999
553.1800000000001,610.1624999999999,1,25.963999999999942
553.34,610.125,1,25.96600000000035
553.14,609.9375,1,25.968000000000302
553.14,610.425,1,25.970000000000255
553.3399999999999,609.825,1,25.972000000000207
552.86,609.8625,1,25.97400000000016
553.5799999999999,609.9000000000001,1,25.976000000000113
553.74,610.4625,1,25.978000000000065
553.5,610.425,1,25.980000000000018
553.54,610.5,1,25.98199999999997
553.5,610.575,1,25.983999999999924
553.8599999999999,610.2375,1,25.98600000000033
553.7,610.725,1,25.988000000000284
553.46,610.95,1,25.990000000000236
553.06,610.4625000000001,1,25.99200000000019
552.22,609.75,1,25.994000000000142
548.86,608.25,1,25.996000000000095
544.54,606.0375,1,25.998000000000047
540.38,602.9625,1,26.0
535.3,600.8625,1,26.001999999999953
531.02,599.25,1,26.003999999999905
526.6600000000001,597.075,1,26.006000000000313
522.6600000000001,594.525,1,26.008000000000266
519.1800000000001,595.2750000000001,1,26.01000000000022
517.22,595.575,1,26.01200000000017
514.74,594.2625,1,26.014000000000124
514.02,594.6375,1,26.016000000000076
512.1800000000001,594.7125,1,26.01800000000003
509.78,593.7750000000001,1,26.019999999999982
508.81999999999994,593.7375,1,26.021999999999935
508.1,593.9625000000001,1,26.024000000000342
507.86,594.7125000000001,1,26.026000000000295
507.86,593.9625000000001,1,26.028000000000247
508.09999999999997,594.1500000000001,1,26.0300000000002
507.94,594.1500000000001,1,26.032000000000153
507.93999999999994,594.2625,1,26.034000000000106
507.86,594.4875,1,26.036000000000058
507.81999999999994,594.0375,1,26.03800000000001
508.18,594.525,1,26.039999999999964
508.14,594.1875,1,26.041999999999916
507.86,594.375,1,26.044000000000324
508.18,593.8875,1,26.046000000000276
507.54,594.075,1,26.04800000000023
507.62,594.75,1,26.050000000000182
507.74,594.5625,1,26.052000000000135
507.06,594.5999999999999,1,26.054000000000087
507.38,594.1875,1,26.05600000000004
507.14,594.4125,1,26.057999999999993
506.34000000000003,594.45,1,26.059999999999945
506.86,593.925,1,26.061999999999898
506.74,594.4125,1,26.064000000000306
506.54,594.0,1,26.06600000000026
507.22,593.9625,1,26.06800000000021
506.65999999999997,594.45,1,26.070000000000164
506.5,594.1125,1,26.072000000000116
506.86,593.9625,1,26.07400000000007
506.42,594.1125,1,26.076000000000022
506.02,593.8499999999999,1,26.077999999999975
506.22,593.7750000000001,1,26.079999999999927
506.06000000000006,593.8125,1,26.082000000000335
505.74,593.7,1,26.084000000000287
506.18,593.2874999999999,1,26.08600000000024
506.41999999999996,593.55,1,26.088000000000193
506.46000000000004,592.8375,1,26.090000000000146
506.06000000000006,592.95,1,26.0920000000001
506.14,592.5375,1,26.09400000000005
505.94,591.75,1,26.096000000000004
505.86,592.3125,1,26.097999999999956
506.02,592.0125,1,26.09999999999991
505.42,591.45,1,26.102000000000317
505.58,591.75,1,26.10400000000027
505.70000000000005,591.7125000000001,1,26.106000000000222
505.58,590.925,1,26.108000000000175
505.17999999999995,590.8875,1,26.110000000000127
505.58000000000004,590.7750000000001,1,26.11200000000008
505.05999999999995,590.55,1,26.114000000000033
505.41999999999996,590.5125,1,26.115999999999985
505.70000000000005,590.25,1,26.117999999999938
505.38,589.6125,1,26.120000000000346
505.1,590.25,1,26.1220000000003
505.74,590.1,1,26.12400000000025
505.38,590.4375,1,26.126000000000204
505.62,589.575,1,26.128000000000156
505.62,589.9125,1,26.13000000000011
505.74,590.0625,1,26.132000000000062
505.29999999999995,589.425,1,26.134000000000015
505.46000000000004,589.6125,1,26.135999999999967
506.22,589.95,1,26.13799999999992
505.98,590.1375,1,26.140000000000327
506.34000000000003,589.6875,1,26.14200000000028
506.30000000000007,589.875,1,26.144000000000233
505.78,589.7249999999999,1,26.146000000000186
506.26,590.1375,1,26.14800000000014
506.05999999999995,589.9875,1,26.15000000000009
506.26,589.35,1,26.152000000000044
506.9,590.25,1,26.153999999999996
506.26,589.7249999999999,1,26.15599999999995
506.58,589.9125,1,26.1579999999999
506.38,589.8,1,26.16000000000031
506.5,590.0625,1,26.162000000000262
507.17999999999995,590.4000000000001,1,26.164000000000215
506.46,590.175,1,26.166000000000167
506.78,589.6875,1,26.16800000000012
507.17999999999995,590.5875000000001,1,26.170000000000073
507.14,590.2875,1,26.172000000000025
507.06,589.9125,1,26.173999999999978
507.17999999999995,590.25,1,26.17599999999993
506.9,589.6125,1,26.17800000000034
507.62,589.9875,1,26.18000000000029
507.86,590.0250000000001,1,26.182000000000244
507.38,589.9875,1,26.184000000000196
507.74,589.3499999999999,1,26.18600000000015
507.62,589.6875,1,26.188000000000102
507.94000000000005,589.3875,1,26.190000000000055
507.62,589.2375,1,26.192000000000007
507.65999999999997,589.35,1,26.19399999999996
508.26,589.575,1,26.195999999999913
508.17999999999995,589.275,1,26.19800000000032
508.42,589.0875,1,26.200000000000273
508.5,589.35,1,26.202000000000226
508.70000000000005,588.9000000000001,1,26.20400000000018
508.58,588.3375000000001,1,26.20600000000013
508.22,586.125,1,26.208000000000084
506.29999999999995,580.6125,1,26.210000000000036
505.86,574.0125,1,26.21199999999999
502.02,565.8375,1,26.213999999999942
498.3,554.8125,1,26.21600000000035
494.5,544.9875,1,26.218000000000302
490.14,529.0875,1,26.220000000000255
486.74,517.275,1,26.222000000000207
482.26,506.1375,1,26.22400000000016
477.53999999999996,489.4875,1,26.226000000000113
471.70000000000005,478.05,1,26.228000000000065
466.46000000000004,465.9,1,26.230000000000018
460.22,451.125,1,26.23199999999997
455.3,436.04999999999995,1,26.233999999999924
451.26,421.2375,1,26.23600000000033
448.3,408.9,1,26.238000000000284
444.9,391.76250000000005,1,26.240000000000236
441.82000000000005,378.9375,1,26.24200000000019
439.05999999999995,365.25,1,26.244000000000142
438.53999999999996,346.6125,1,26.246000000000095
436.82,333.3375,1,26.248000000000047
436.26,319.9125,1,26.25
434.74,304.95,1,26.251999999999953
432.18,291.1125,1,26.253999999999905
430.78,276.4875,1,26.256000000000313
427.65999999999997,265.05,1,26.258000000000266
425.78,251.175,1,26.26000000000022
424.58000000000004,237.7875,1,26.26200000000017
424.62,226.875,1,26.264000000000124
423.53999999999996,220.08749999999998,1,26.266000000000076
422.14,211.8375,1,26.26800000000003
421.86,202.275,1,26.269999999999982
421.78,194.39999999999998,1,26.271999999999935
420.41999999999996,188.625,1,26.274000000000342
419.62,184.5375,1,26.276000000000295
419.02,182.1375,1,26.278000000000247
418.74,181.5375,1,26.2800000000002
418.65999999999997,182.6625,1,26.282000000000153
418.17999999999995,183.3,1,26.284000000000106
417.62,184.5,1,26.286000000000058
417.1,184.5,1,26.28800000000001
417.82,184.425,1,26.289999999999964
416.74,183.6,1,26.291999999999916
417.1,183.675,1,26.294000000000324
417.1,183.60000000000002,1,26.296000000000276
417.86,183.825,1,26.29800000000023
417.26,184.5375,1,26.300000000000182
417.22,184.2375,1,26.302000000000135
416.82,183.41250000000002,1,26.304000000000087
416.65999999999997,183.5625,1,26.30600000000004
417.3,183.6375,1,26.307999999999993
416.70000000000005,182.775,1,26.309999999999945
416.65999999999997,182.325,1,26.311999999999898
415.94,182.77499999999998,1,26.314000000000306
416.38,182.475,1,26.31600000000026
416.38,182.55,1,26.31800000000021
416.02,181.5,1,26.320000000000164
415.74,180.89999999999998,1,26.322000000000116
415.7,181.3125,1,26.32400000000007
415.42,180.15,1,26.326000000000022
415.74,180.60000000000002,1,26.327999999999975
416.02,179.3625,1,26.329999999999927
415.34000000000003,178.95,1,26.332000000000335
416.02,178.725,1,26.334000000000287
416.1,178.35000000000002,1,26.33600000000024
415.65999999999997,177.3,1,26.338000000000193
416.17999999999995,177.3,1,26.340000000000146
414.82,176.475,1,26.3420000000001
415.22,177.14999999999998,1,26.34400000000005
415.54,177.45,1,26.346000000000004
415.41999999999996,175.425,1,26.347999999999956
415.34000000000003,175.6875,1,26.34999999999991
415.46000000000004,175.875,1,26.352000000000317
415.42,175.0875,1,26.35400000000027
415.14,174.6375,1,26.356000000000222
416.22,174.9375,1,26.358000000000175
415.58,174.1875,1,26.360000000000127
416.58000000000004,174.6375,1,26.36200000000008
417.5,173.7,1,26.364000000000033
416.65999999999997,173.625,1,26.365999999999985
417.26,173.47500000000002,1,26.367999999999938
417.02,173.85000000000002,1,26.370000000000346
417.65999999999997,173.1375,1,26.3720000000003
416.5,172.2,1,26.37400000000025
417.26,173.4375,1,26.376000000000204
417.29999999999995,172.5,1,26.378000000000156
417.38,172.1625,1,26.38000000000011
417.38,172.4625,1,26.382000000000062
417.41999999999996,171.45,1,26.384000000000015
417.74,171.2625,1,26.385999999999967
417.62,170.58749999999998,1,26.38799999999992
417.74,170.7375,1,26.390000000000327
418.46,169.7625,1,26.39200000000028
418.34000000000003,170.1,1,26.394000000000233
418.34000000000003,169.425,1,26.396000000000186
418.3,169.05,1,26.39800000000014
418.18,168.525,1,26.40000000000009
418.29999999999995,167.925,1,26.402000000000044
418.62,166.0125,1,26.403999999999996
419.42,162.7875,1,26.40599999999995
419.82,159.0,1,26.4079999999999
420.42,155.325,1,26.41000000000031
421.62,149.475,1,26.412000000000262
422.78,144.03750000000002,1,26.414000000000215
423.34000000000003,139.9875,1,26.416000000000167
422.94000000000005,134.4,1,26.41800000000012
422.82,130.4625,1,26.420000000000073
423.29999999999995,127.05,1,26.422000000000025
422.65999999999997,123.44999999999999,1,26.423999999999978
422.22,121.4625,1,26.42599999999993
422.22,119.8875,1,26.42800000000034
422.86,118.6875,1,26.43000000000029
422.22,118.5375,1,26.432000000000244
422.53999999999996,117.44999999999999,1,26.434000000000196
422.22,118.5,1,26.43600000000015
421.94,117.975,1,26.438000000000102
421.42,118.0125,1,26.440000000000055
422.1,118.9125,1,26.442000000000007
421.5,118.98750000000001,1,26.44399999999996
422.06,119.025,1,26.445999999999913
422.46000000000004,118.725,1,26.44800000000032
422.14,117.1875,1,26.450000000000273
421.98,117.975,1,26.452000000000226
422.18,117.7125,1,26.45400000000018
421.74,117.1125,1,26.45600000000013
422.06,117.5625,1,26.458000000000084
422.06,116.4375,1,26.460000000000036
421.74,117.0,1,26.46199999999999
421.14,117.0375,1,26.463999999999942
422.42,117.15,1,26.46600000000035
421.94,116.85,1,26.468000000000302
421.9,116.55000000000001,1,26.470000000000255
421.70000000000005,116.775,1,26.472000000000207
421.29999999999995,117.075,1,26.47400000000016
420.9,116.85,1,26.476000000000113
421.14,116.9625,1,26.478000000000065
421.46000000000004,116.4375,1,26.480000000000018
421.02,116.13749999999999,1,26.48199999999997
420.86,116.475,1,26.483999999999924
421.14,116.25,1,26.48600000000033
420.94,115.65,1,26.488000000000284
421.1,116.4375,1,26.490000000000236
421.02,115.5,1,26.49200000000019
421.58000000000004,115.4625,1,26.494000000000142
420.9,115.4625,1,26.496000000000095
421.14,115.9125,1,26.498000000000047
421.18,115.65,1,26.5
421.29999999999995,115.19999999999999,1,26.501999999999953
421.22,115.275,1,26.503999999999905
421.1,115.5375,1,26.506000000000313
421.86,115.6125,1,26.508000000000266
421.02,115.8375,1,26.51000000000022
420.62,114.86250000000001,1,26.51200000000017
421.58,115.0125,1,26.514000000000124
421.5,115.5,1,26.516000000000076
421.5,114.75,1,26.51800000000003
421.05999999999995,115.2,1,26.519999999999982
421.29999999999995,115.2,1,26.521999999999935
421.26,114.44999999999999,1,26.524000000000342
421.29999999999995,114.45,1,26.526000000000295
420.86,114.225,1,26.528000000000247
421.14,114.44999999999999,1,26.5300000000002
421.34000000000003,114.67500000000001,1,26.532000000000153
421.14,113.5875,1,26.534000000000106
420.94,114.6,1,26.536000000000058
421.62,114.63749999999999,1,26.53800000000001
420.86,113.85,1,26.539999999999964
421.17999999999995,113.2875,1,26.541999999999916
421.06,113.5125,1,26.544000000000324
421.53999999999996,113.8125,1,26.546000000000276
421.26,113.36250000000001,1,26.54800000000023
421.86,113.475,1,26.550000000000182
421.14,113.2125,1,26.552000000000135
421.53999999999996,113.0625,1,26.554000000000087
421.02,113.5875,1,26.55600000000004
421.42,112.6125,1,26.557999999999993
421.1,113.73750000000001,1,26.559999999999945
421.5,113.8125,1,26.561999999999898
421.14,113.2875,1,26.564000000000306
421.5,113.1,1,26.56600000000026
421.58000000000004,113.025,1,26.56800000000021
422.14,113.3625,1,26.570000000000164
422.38,113.025,1,26.572000000000116
422.14,113.3625,1,26.57400000000007
421.9,113.025,1,26.576000000000022
422.74,113.32499999999999,1,26.577999999999975
422.22,113.325,1,26.579999999999927
422.3,113.0625,1,26.582000000000335
422.58000000000004,113.51249999999999,1,26.584000000000287
422.26,113.475,1,26.58600000000024
421.98,112.5,1,26.588000000000193
422.58000000000004,112.3125,1,26.590000000000146
423.06,112.125,1,26.5920000000001
422.34000000000003,113.0625,1,26.59400000000005
422.46000000000004,112.23750000000001,1,26.596000000000004
422.18,112.5375,1,26.597999999999956
422.46000000000004,112.5,1,26.59999999999991
423.38,112.875,1,26.602000000000317
422.38,111.75,1,26.60400000000027
422.78,112.0125,1,26.606000000000222
422.46000000000004,112.23750000000001,1,26.608000000000175
422.7,111.6375,1,26.610000000000127
422.62,112.8375,1,26.61200000000008
422.70000000000005,112.125,1,26.614000000000033
423.22,111.86250000000001,1,26.615999999999985
422.14,112.7625,1,26.617999999999938
422.82,112.76249999999999,1,26.620000000000346
422.78,111.5625,1,26.6220000000003
423.26,112.9125,1,26.62400000000025
422.38,112.65,1,26.626000000000204
422.26,112.1625,1,26.628000000000156
422.78,113.4,1,26.63000000000011
421.82,113.175,1,26.632000000000062
422.22,113.325,1,26.634000000000015
421.94,112.9125,1,26.635999999999967
422.02,112.8,1,26.63799999999992
421.82,113.325,1,26.640000000000327
421.78,112.05000000000001,1,26.64200000000028
421.98,112.7625,1,26.644000000000233
422.26,112.2,1,26.646000000000186
421.86,112.38749999999999,1,26.64800000000014
421.70000000000005,112.7625,1,26.65000000000009
421.46,112.725,1,26.652000000000044
421.94,112.7625,1,26.653999999999996
421.17999999999995,112.8375,1,26.65599999999995
421.46000000000004,112.65,1,26.6579999999999
421.22,111.67500000000001,1,26.66000000000031
421.06,111.75,1,26.662000000000262
420.70000000000005,112.0125,1,26.664000000000215
420.9,111.75,1,26.666000000000167
421.41999999999996,112.05000000000001,1,26.66800000000012
421.26,111.8625,1,26.670000000000073
421.1,111.8625,1,26.672000000000025
421.22,112.01249999999999,1,26.673999999999978
420.98,111.975,1,26.67599999999993
420.42,112.125,1,26.67800000000034
420.86,111.525,1,26.68000000000029
421.06,111.75,1,26.682000000000244
421.46000000000004,112.125,1,26.684000000000196
420.46000000000004,112.0125,1,26.68600000000015
421.06,111.975,1,26.688000000000102
420.5,112.3875,1,26.690000000000055
421.02,112.3125,1,26.692000000000007
420.53999999999996,112.65,1,26.69399999999996
420.62,112.7625,1,26.695999999999913
420.58,113.36250000000001,1,26.69800000000032
419.14,117.0,1,26.700000000000273
417.06,122.0625,1,26.702000000000226
413.14,132.675,1,26.70400000000018
407.74,144.375,1,26.70600000000013
401.62,153.675,1,26.708000000000084
394.18,168.4875,1,26.710000000000036
388.58,181.6875,1,26.71199999999999
382.41999999999996,197.925,1,26.713999999999942
378.1,211.8375,1,26.71600000000035
374.41999999999996,226.2,1,26.718000000000302
372.86,241.725,1,26.720000000000255
370.14,253.575,1,26.722000000000207
367.74,265.95,1,26.72400000000016
365.42,277.61249999999995,1,26.726000000000113
364.65999999999997,289.6125,1,26.728000000000065
363.22,298.8375,1,26.730000000000018
363.98,304.01250000000005,1,26.73199999999997
364.98,305.8125,1,26.733999999999924
365.58,306.86249999999995,1,26.73600000000033
366.02,305.54999999999995,1,26.738000000000284
365.94,304.98749999999995,1,26.740000000000236
366.1,304.76250000000005,1,26.74200000000019
365.94,304.0875,1,26.744000000000142
366.82,304.425,1,26.746000000000095
366.62,304.9125,1,26.748000000000047
365.9,304.8375,1,26.75
366.17999999999995,304.8,1,26.751999999999953
366.02,304.42499999999995,1,26.753999999999905
365.41999999999996,303.7125,1,26.756000000000313
365.98,304.35,1,26.758000000000266
365.7,303.525,1,26.76000000000022
365.82,303.2625,1,26.76200000000017
366.42,302.92499999999995,1,26.764000000000124
366.38,303.5625,1,26.766000000000076
366.38,303.6375,1,26.76800000000003
366.5,302.8125,1,26.769999999999982
365.53999999999996,302.85,1,26.771999999999935
366.22,302.7,1,26.774000000000342
366.14,302.8125,1,26.776000000000295
366.3,302.6625,1,26.778000000000247
365.5,302.17499999999995,1,26.7800000000002
365.78,302.25,1,26.782000000000153
365.3,301.76250000000005,1,26.784000000000106
365.86,301.9125,1,26.786000000000058
365.82,301.7625,1,26.78800000000001
365.34000000000003,301.575,1,26.789999999999964
365.1,301.5375,1,26.791999999999916
365.18,301.35,1,26.794000000000324
364.9,300.0375,1,26.796000000000276
365.22,300.375,1,26.79800000000023
364.62,300.1875,1,26.800000000000182
365.06,299.6625,1,26.802000000000135
365.18,300.225,1,26.804000000000087
365.02,299.55,1,26.80600000000004
364.86,299.1,1,26.807999999999993
364.78,298.9875,1,26.809999999999945
365.34000000000003,299.4,1,26.811999999999898
364.29999999999995,299.13750000000005,1,26.814000000000306
364.86,299.1375,1,26.81600000000026
364.7,298.8,1,26.81800000000021
365.06,299.1375,1,26.820000000000164
364.65999999999997,299.2875,1,26.822000000000116
364.86,298.9875,1,26.82400000000007
364.54,299.54999999999995,1,26.826000000000022
364.06,299.13750000000005,1,26.827999999999975
364.74,299.325,1,26.829999999999927
364.5,299.85,1,26.832000000000335
364.26,299.4,1,26.834000000000287
364.18,299.325,1,26.83600000000024
364.06,299.55,1,26.838000000000193
364.06,298.8375,1,26.840000000000146
363.74,299.325,1,26.8420000000001
363.98,299.1,1,26.84400000000005
364.14,298.04999999999995,1,26.846000000000004
363.65999999999997,298.8375,1,26.847999999999956
363.65999999999997,300.0375,1,26.84999999999991
363.62,299.775,1,26.852000000000317
363.34000000000003,298.7625,1,26.85400000000027
363.22,299.0625,1,26.856000000000222
362.78,297.6,1,26.858000000000175
363.06,299.4375,1,26.860000000000127
363.1,298.0125,1,26.86200000000008
363.3,298.575,1,26.864000000000033
362.98,300.5625,1,26.865999999999985
362.7,299.9625,1,26.867999999999938
362.46000000000004,299.70000000000005,1,26.870000000000346
362.78,299.88750000000005,1,26.8720000000003
362.34,299.9625,1,26.87400000000025
362.9,299.475,1,26.876000000000204
362.14,298.575,1,26.878000000000156
362.38,300.225,1,26.88000000000011
361.9,299.475,1,26.882000000000062
361.65999999999997,298.79999999999995,1,26.884000000000015
361.70000000000005,299.25,1,26.885999999999967
361.94,297.825,1,26.88799999999992
361.41999999999996,298.3875,1,26.890000000000327
361.62,297.9,1,26.89200000000028
361.46000000000004,298.9125,1,26.894000000000233
361.74,297.9375,1,26.896000000000186
361.22,298.20000000000005,1,26.89800000000014
361.38,297.7125,1,26.90000000000009
361.02,297.4125,1,26.902000000000044
360.3,297.3,1,26.903999999999996
360.22,297.0,1,26.90599999999995
360.98,297.45,1,26.9079999999999
360.74,296.8875,1,26.91000000000031
362.46000000000004,296.8875,1,26.912000000000262
366.1,299.4375,1,26.914000000000215
370.82,303.4125,1,26.916000000000167
378.22,306.1125,1,26.91800000000012
387.26,309.4125,1,26.920000000000073
399.78,314.2875,1,26.922000000000025
412.65999999999997,319.65,1,26.923999999999978
425.62,326.1,1,26.92599999999993
441.5,331.575,1,26.92800000000034
455.1,336.825,1,26.93000000000029
467.53999999999996,342.075,1,26.932000000000244
479.5,345.5625,1,26.934000000000196
488.38,349.6875,1,26.93600000000015
494.42,350.925,1,26.938000000000102
499.9,352.4625,1,26.940000000000055
502.02,353.25,1,26.942000000000007
502.81999999999994,353.8875,1,26.94399999999996
502.98,354.7125,1,26.945999999999913
502.17999999999995,355.5,1,26.94800000000032
501.46,355.76250000000005,1,26.950000000000273
500.9,355.2375,1,26.952000000000226
501.02,355.275,1,26.95400000000018
500.46000000000004,355.35,1,26.95600000000013
499.9,355.4625,1,26.958000000000084
500.38,355.4625,1,26.960000000000036
499.29999999999995,355.725,1,26.96199999999999
500.5,355.6125,1,26.963999999999942
500.02,355.6125,1,26.96600000000035
500.3,355.0875,1,26.968000000000302
500.70000000000005,354.7125,1,26.970000000000255
501.06,355.125,1,26.972000000000207
500.86,354.9375,1,26.97400000000016
501.26,354.6,1,26.976000000000113
501.18,353.6625,1,26.978000000000065
501.82,354.3,1,26.980000000000018
501.42,354.225,1,26.98199999999997
500.86,353.25,1,26.983999999999924
501.22,353.475,1,26.98600000000033
501.53999999999996,352.9875,1,26.988000000000284
501.05999999999995,352.98749999999995,1,26.990000000000236
500.54,353.025,1,26.99200000000019
500.74,351.86249999999995,1,26.994000000000142
500.74,351.6,1,26.996000000000095
500.86,351.48749999999995,1,26.998000000000047
500.82000000000005,352.1625,1,27.0
500.82,351.3,1,27.001999999999953
500.94,351.3375,1,27.003999999999905
500.14,351.375,1,27.006000000000313
500.82,350.925,1,27.008000000000266
500.41999999999996,351.15,1,27.01000000000022
500.53999999999996,349.98749999999995,1,27.01200000000017
500.74,349.95000000000005,1,27.014000000000124
500.58000000000004,349.7625,1,27.016000000000076
500.74,349.3125,1,27.01800000000003
501.02000000000004,348.4125,1,27.019999999999982
500.58000000000004,348.9375,1,27.021999999999935
501.14,348.375,1,27.024000000000342
500.94000000000005,348.29999999999995,1,27.026000000000295
501.06000000000006,348.2625,1,27.028000000000247
500.26,348.075,1,27.0300000000002
500.7,347.36249999999995,1,27.032000000000153
500.86,348.15,1,27.034000000000106
501.26,348.3,1,27.036000000000058
500.78,348.4125,1,27.03800000000001
501.3,348.45000000000005,1,27.039999999999964
500.3,348.9,1,27.041999999999916
500.98,348.525,1,27.044000000000324
501.58,349.01250000000005,1,27.046000000000276
500.46000000000004,348.9375,1,27.04800000000023
501.34,349.2375,1,27.050000000000182
501.06,348.975,1,27.052000000000135
500.74,349.35,1,27.054000000000087
500.38,349.65,1,27.05600000000004
500.58,349.6125,1,27.057999999999993
500.26,348.7875,1,27.059999999999945
500.34000000000003,348.975,1,27.061999999999898
500.54,348.525,1,27.064000000000306
499.94000000000005,348.11249999999995,1,27.06600000000026
500.09999999999997,347.475,1,27.06800000000021
499.86,347.8125,1,27.070000000000164
499.9,347.17499999999995,1,27.072000000000116
500.02,346.1625,1,27.07400000000007
500.05999999999995,346.6125,1,27.076000000000022
499.82000000000005,345.975,1,27.077999999999975
499.17999999999995,345.48749999999995,1,27.079999999999927
499.29999999999995,346.04999999999995,1,27.082000000000335
499.38,345.5625,1,27.084000000000287
498.98,345.6,1,27.08600000000024
499.22,345.7125,1,27.088000000000193
499.38,344.775,1,27.090000000000146
499.22,344.4375,1,27.0920000000001
499.78,344.4,1,27.09400000000005
499.78000000000003,344.4,1,27.096000000000004
499.38,343.6875,1,27.097999999999956
499.14,342.9375,1,27.09999999999991
498.9,343.98749999999995,1,27.102000000000317
498.5,343.8375,1,27.10400000000027
499.26,343.425,1,27.106000000000222
499.17999999999995,343.725,1,27.108000000000175
499.06,343.76250000000005,1,27.110000000000127
498.97999999999996,343.76250000000005,1,27.11200000000008
499.34000000000003,343.38750000000005,1,27.114000000000033
499.06,343.5,1,27.115999999999985
499.46000000000004,343.1625,1,27.117999999999938
499.17999999999995,343.875,1,27.120000000000346
498.74,344.175,1,27.1220000000003
498.70000000000005,343.98749999999995,1,27.12400000000025
498.94,344.25,1,27.126000000000204
498.62,343.0125,1,27.128000000000156
498.38,344.8125,1,27.13000000000011
498.46000000000004,345.15,1,27.132000000000062
498.18,344.0625,1,27.134000000000015
498.06,344.9625,1,27.135999999999967
498.41999999999996,345.1125,1,27.13799999999992
498.34,345.1125,1,27.140000000000327
497.78,345.225,1,27.14200000000028
498.34000000000003,345.86249999999995,1,27.144000000000233
498.1,345.5625,1,27.146000000000186
497.70000000000005,347.175,1,27.14800000000014
497.5,345.975,1,27.15000000000009
498.02,346.425,1,27.152000000000044
497.62,346.2375,1,27.153999999999996
497.7,346.20000000000005,1,27.15599999999995
497.58000000000004,346.23749999999995,1,27.1579999999999
497.5,346.5,1,27.16000000000031
497.38,345.75,1,27.162000000000262
498.38,345.9,1,27.164000000000215
498.9,344.85,1,27.166000000000167
500.38,345.0,1,27.16800000000012
502.82,343.4625,1,27.170000000000073
504.82,341.6625,1,27.172000000000025
506.34,340.4625,1,27.173999999999978
508.98,338.25,1,27.17599999999993
510.05999999999995,337.725,1,27.17800000000034
511.38,337.98749999999995,1,27.18000000000029
511.26,337.65,1,27.182000000000244
511.70000000000005,337.6875,1,27.184000000000196
512.6600000000001,338.4375,1,27.18600000000015
512.14,338.775,1,27.188000000000102
511.82,338.325,1,27.190000000000055
511.78,338.54999999999995,1,27.192000000000007
511.53999999999996,339.225,1,27.19399999999996
511.06,339.15,1,27.195999999999913
510.86,339.26250000000005,1,27.19800000000032
511.26,339.82500000000005,1,27.200000000000273
510.70000000000005,340.79999999999995,1,27.202000000000226
511.34,340.65,1,27.20400000000018
511.3,341.625,1,27.20600000000013
511.94,341.54999999999995,1,27.208000000000084
511.5,341.325,1,27.210000000000036
511.53999999999996,341.325,1,27.21199999999999
511.26,340.9125,1,27.213999999999942
511.34,340.1625,1,27.21600000000035
511.38,341.7,1,27.218000000000302
511.29999999999995,340.9875,1,27.220000000000255
511.17999999999995,340.5375,1,27.222000000000207
511.94,340.9125,1,27.22400000000016
511.58,340.7625,1,27.226000000000113
512.14,340.4625,1,27.228000000000065
511.94,340.20000000000005,1,27.230000000000018
511.98,340.76250000000005,1,27.23199999999997
511.9,341.25,1,27.233999999999924
512.38,341.025,1,27.23600000000033
512.1,341.2125,1,27.238000000000284
511.58000000000004,340.9125,1,27.240000000000236
511.9,341.2125,1,27.24200000000019
512.3,340.6875,1,27.244000000000142
511.65999999999997,341.5875,1,27.246000000000095
512.22,341.625,1,27.248000000000047
512.14,341.7,1,27.25
511.86,341.7,1,27.251999999999953
512.02,341.4,1,27.253999999999905
511.7,341.25,1,27.256000000000313
511.74,341.85,1,27.258000000000266
512.06,341.51250000000005,1,27.26000000000022
512.06,341.5125,1,27.26200000000017
512.1800000000001,341.70000000000005,1,27.264000000000124
511.98,341.55,1,27.266000000000076
512.98,341.4,1,27.26800000000003
512.3,341.4,1,27.269999999999982
512.78,341.775,1,27.271999999999935
512.58,342.4875,1,27.274000000000342
513.1,341.85,1,27.276000000000295
512.86,342.3375,1,27.278000000000247
512.54,343.1625,1,27.2800000000002
513.02,342.375,1,27.282000000000153
512.78,342.0375,1,27.284000000000106
511.86,342.8625,1,27.286000000000058
512.58,342.6375,1,27.28800000000001
511.94,342.75,1,27.289999999999964
511.98,343.20000000000005,1,27.291999999999916
512.26,342.225,1,27.294000000000324
511.38,341.8125,1,27.296000000000276
511.62,342.0375,1,27.29800000000023
511.82,341.7375,1,27.300000000000182
511.34,342.0,1,27.302000000000135
511.34000000000003,341.775,1,27.304000000000087
511.29999999999995,341.1375,1,27.30600000000004
510.82,340.38750000000005,1,27.307999999999993
511.34000000000003,340.8,1,27.309999999999945
510.93999999999994,340.1625,1,27.311999999999898
511.02,339.825,1,27.314000000000306
511.74,340.4625,1,27.31600000000026
511.18,340.3125,1,27.31800000000021
511.53999999999996,339.75,1,27.320000000000164
511.74,340.0875,1,27.322000000000116
510.86,340.3125,1,27.32400000000007
511.14,340.38750000000005,1,27.326000000000022
511.18,340.79999999999995,1,27.327999999999975
510.82000000000005,340.5375,1,27.329999999999927
510.5,341.175,1,27.332000000000335
510.66,340.5375,1,27.334000000000287
510.65999999999997,341.1375,1,27.33600000000024
510.18,341.5125,1,27.338000000000193
510.17999999999995,341.1,1,27.340000000000146
510.02,340.8375,1,27.3420000000001
510.38,340.98749999999995,1,27.34400000000005
509.70000000000005,341.1,1,27.346000000000004
510.26,340.95000000000005,1,27.347999999999956
509.34000000000003,340.875,1,27.34999999999991
510.26,341.25,1,27.352000000000317
509.82,341.025,1,27.35400000000027
510.14,341.025,1,27.356000000000222
510.1,341.1375,1,27.358000000000175
510.02,340.79999999999995,1,27.360000000000127
509.94,340.5,1,27.36200000000008
509.81999999999994,340.3125,1,27.364000000000033
509.82000000000005,340.04999999999995,1,27.365999999999985
510.02,340.23749999999995,1,27.367999999999938
509.82,340.7625,1,27.370000000000346
509.82,340.04999999999995,1,27.3720000000003
509.70000000000005,339.86249999999995,1,27.37400000000025
510.34000000000003,339.75,1,27.376000000000204
510.58000000000004,339.7125,1,27.378000000000156
510.18,339.7875,1,27.38000000000011
510.26,339.675,1,27.382000000000062
510.05999999999995,339.6,1,27.384000000000015
510.06,340.3125,1,27.385999999999967
510.29999999999995,340.05,1,27.38799999999992
510.62,339.9375,1,27.390000000000327
510.3,340.0125,1,27.39200000000028
510.38,340.01250000000005,1,27.394000000000233
510.65999999999997,339.67499999999995,1,27.396000000000186
510.21999999999997,340.35,1,27.39800000000014
510.78,340.3125,1,27.40000000000009
510.9,339.3375,1,27.402000000000044
510.9,340.4625,1,27.403999999999996
510.54,340.1625,1,27.40599999999995
510.1,340.6875,1,27.4079999999999
510.74,340.725,1,27.41000000000031
510.46000000000004,340.2375,1,27.412000000000262
510.9,340.3875,1,27.414000000000215
510.66,340.6125,1,27.416000000000167
510.86,340.65,1,27.41800000000012
510.94,340.4625,1,27.420000000000073
510.86,340.3125,1,27.422000000000025
510.98,340.38750000000005,1,27.423999999999978
510.82000000000005,340.5,1,27.42599999999993
510.7,340.5375,1,27.42800000000034
510.78000000000003,340.6875,1,27.43000000000029
510.7,341.13750000000005,1,27.432000000000244
510.78,341.4375,1,27.434000000000196
509.38,343.8,1,27.43600000000015
507.54,346.1625,1,27.438000000000102
504.66,350.5125,1,27.440000000000055
501.53999999999996,356.1,1,27.442000000000007
498.02,365.625,1,27.44399999999996
493.58000000000004,374.85,1,27.445999999999913
492.1,380.13750000000005,1,27.44800000000032
490.5,385.0875,1,27.450000000000273
489.14,389.2125,1,27.452000000000226
488.34000000000003,394.8,1,27.45400000000018
488.05999999999995,398.2875,1,27.45600000000013
487.3,402.3375,1,27.458000000000084
487.22,405.1125,1,27.460000000000036
487.26,406.1625,1,27.46199999999999
487.5,406.5,1,27.463999999999942
487.53999999999996,406.275,1,27.46600000000035
488.02,405.825,1,27.468000000000302
487.98,406.0875,1,27.470000000000255
488.06,405.675,1,27.472000000000207
487.74,405.86249999999995,1,27.47400000000016
487.54,405.1875,1,27.476000000000113
487.5,405.0375,1,27.478000000000065
487.86,404.8125,1,27.480000000000018
487.58,405.1125,1,27.48199999999997
487.5,404.73749999999995,1,27.483999999999924
487.26,404.7375,1,27.48600000000033
487.46000000000004,405.1125,1,27.488000000000284
487.58,404.9625,1,27.490000000000236
487.26,404.5875,1,27.49200000000019
487.38,404.4375,1,27.494000000000142
487.7,404.36249999999995,1,27.496000000000095
487.34,403.5375,1,27.498000000000047
486.70000000000005,404.4,1,27.5
486.98,403.875,1,27.501999999999953
487.38,402.8625,1,27.503999999999905
487.18,403.425,1,27.506000000000313
486.78,403.275,1,27.508000000000266
486.94,402.67499999999995,1,27.51000000000022
486.94000000000005,403.275,1,27.51200000000017
487.26,402.3,1,27.514000000000124
486.82,403.65,1,27.516000000000076
487.22,403.2,1,27.51800000000003
487.34000000000003,401.1,1,27.519999999999982
487.1,402.45000000000005,1,27.521999999999935
487.18,403.3875,1,27.524000000000342
486.86,402.4875,1,27.526000000000295
487.06,403.05,1,27.528000000000247
487.41999999999996,403.38750000000005,1,27.5300000000002
487.3,402.86249999999995,1,27.532000000000153
487.58,403.6875,1,27.534000000000106
486.98,403.2375,1,27.536000000000058
487.26,402.7125,1,27.53800000000001
487.22,402.86249999999995,1,27.539999999999964
487.02,402.9375,1,27.541999999999916
487.82,401.9625,1,27.544000000000324
487.46,402.2625,1,27.546000000000276
487.22,401.88750000000005,1,27.54800000000023
487.29999999999995,401.25,1,27.550000000000182
487.5,401.0625,1,27.552000000000135
487.9,400.79999999999995,1,27.554000000000087
487.41999999999996,400.35,1,27.55600000000004
487.78,399.9,1,27.557999999999993
487.74,399.75,1,27.559999999999945
487.86,399.0,1,27.561999999999898
487.82000000000005,399.6,1,27.564000000000306
488.14,399.675,1,27.56600000000026
487.98,399.825,1,27.56800000000021
488.22,399.15,1,27.570000000000164
488.06,399.525,1,27.572000000000116
488.02,399.0375,1,27.57400000000007
488.18,400.0875,1,27.576000000000022
488.3,399.7125,1,27.577999999999975
488.46000000000004,400.3875,1,27.579999999999927
488.18,400.57500000000005,1,27.582000000000335
487.98,400.5,1,27.584000000000287
488.06,401.025,1,27.58600000000024
488.22,399.9,1,27.588000000000193
487.7,401.8125,1,27.590000000000146
488.58000000000004,400.875,1,27.5920000000001
488.58000000000004,399.375,1,27.59400000000005
488.38,400.6875,1,27.596000000000004
488.17999999999995,401.0625,1,27.597999999999956
488.02,400.65,1,27.59999999999991
488.14,400.57500000000005,1,27.602000000000317
488.02,400.6875,1,27.60400000000027
487.94000000000005,399.3,1,27.606000000000222
487.98,400.42499999999995,1,27.608000000000175
487.98,400.1625,1,27.610000000000127
487.86,399.9,1,27.61200000000008
487.94,400.2,1,27.614000000000033
487.9,399.8625,1,27.615999999999985
487.82,399.5625,1,27.617999999999938
488.14,400.04999999999995,1,27.620000000000346
488.1,398.5875,1,27.6220000000003
487.9,399.11249999999995,1,27.62400000000025
487.53999999999996,399.075,1,27.626000000000204
487.41999999999996,397.575,1,27.628000000000156
487.98,399.225,1,27.63000000000011
487.62,398.70000000000005,1,27.632000000000062
487.46000000000004,398.4,1,27.634000000000015
488.18,398.325,1,27.635999999999967
487.78,399.0375,1,27.63799999999992
487.74,397.95000000000005,1,27.640000000000327
487.14,398.925,1,27.64200000000028
487.78,398.3625,1,27.644000000000233
487.65999999999997,398.51250000000005,1,27.646000000000186
487.9,399.11249999999995,1,27.64800000000014
487.58000000000004,399.4875,1,27.65000000000009
487.78,399.4125,1,27.652000000000044
488.3,400.20000000000005,1,27.653999999999996
487.74,399.525,1,27.65599999999995
488.06,400.3125,1,27.6579999999999
488.02,400.35,1,27.66000000000031
488.38,400.0125,1,27.662000000000262
488.42,400.2,1,27.664000000000215
488.02,400.9875,1,27.666000000000167
488.14,400.3875,1,27.66800000000012
487.94,400.725,1,27.670000000000073
488.26,400.6875,1,27.672000000000025
488.3,400.76250000000005,1,27.673999999999978
488.17999999999995,399.9375,1,27.67599999999993
488.42,400.275,1,27.67800000000034
488.34000000000003,400.725,1,27.68000000000029
488.3,399.1875,1,27.682000000000244
488.41999999999996,399.1875,1,27.684000000000196
488.1,398.925,1,27.68600000000015
488.58,398.5875,1,27.688000000000102
488.1,398.775,1,27.690000000000055
488.46,398.13750000000005,1,27.692000000000007
488.38,398.2125,1,27.69399999999996
488.58,397.1625,1,27.695999999999913
488.38,397.6125,1,27.69800000000032
488.1,397.5,1,27.700000000000273
488.06,396.82500000000005,1,27.702000000000226
488.1,397.0875,1,27.70400000000018
488.3,396.6,1,27.70600000000013
488.46,397.7625,1,27.708000000000084
488.34000000000003,397.1625,1,27.710000000000036
488.26,397.125,1,27.71199999999999
488.06,396.5625,1,27.713999999999942
488.34000000000003,397.20000000000005,1,27.71600000000035
488.41999999999996,397.4625,1,27.718000000000302
488.18,397.5375,1,27.720000000000255
488.14,398.025,1,27.722000000000207
487.9,397.7625,1,27.72400000000016
488.46000000000004,397.9875,1,27.726000000000113
488.1,398.025,1,27.728000000000065
487.82000000000005,398.0625,1,27.730000000000018
488.46,398.6625,1,27.73199999999997
488.46000000000004,399.225,1,27.733999999999924
488.58000000000004,398.2875,1,27.73600000000033
488.14,397.7625,1,27.738000000000284
488.53999999999996,398.1,1,27.740000000000236
488.18,399.0375,1,27.74200000000019
488.66,398.70000000000005,1,27.744000000000142
488.78,398.8125,1,27.746000000000095
488.58,399.4125,1,27.748000000000047
488.70000000000005,399.9375,1,27.75
488.5,398.2125,1,27.751999999999953
488.46000000000004,399.4125,1,27.753999999999905
489.02,399.6,1,27.756000000000313
489.14,399.75,1,27.758000000000266
488.9,399.975,1,27.76000000000022
488.74,400.0875,1,27.76200000000017
489.02,400.5,1,27.764000000000124
488.82,400.575,1,27.766000000000076
488.98,401.1,1,27.76800000000003
489.06,400.875,1,27.769999999999982
489.29999999999995,400.6125,1,27.771999999999935
488.86,400.725,1,27.774000000000342
489.1,401.6625,1,27.776000000000295
488.94,400.76250000000005,1,27.778000000000247
489.1,401.6625,1,27.7800000000002
488.65999999999997,401.5875,1,27.782000000000153
488.94,401.5875,1,27.784000000000106
488.94,400.875,1,27.786000000000058
488.65999999999997,401.5125,1,27.78800000000001
488.78,401.325,1,27.789999999999964
488.46,400.275,1,27.791999999999916
488.58,401.175,1,27.794000000000324
488.78,400.57500000000005,1,27.796000000000276
488.86,400.3125,1,27.79800000000023
488.46000000000004,400.9125,1,27.800000000000182
488.38,400.1625,1,27.802000000000135
488.58000000000004,400.0875,1,27.804000000000087
488.62,400.875,1,27.80600000000004
488.86,400.23749999999995,1,27.807999999999993
488.26,400.875,1,27.809999999999945
488.46,400.95000000000005,1,27.811999999999898
488.58000000000004,400.3875,1,27.814000000000306
488.62,400.3875,1,27.81600000000026
488.58,401.025,1,27.81800000000021
488.42,400.38750000000005,1,27.820000000000164
488.74,400.275,1,27.822000000000116
488.58,400.65,1,27.82400000000007
488.62,400.38750000000005,1,27.826000000000022
488.53999999999996,400.875,1,27.827999999999975
488.94,400.5375,1,27.829999999999927
488.9,400.65,1,27.832000000000335
488.74,400.875,1,27.834000000000287
488.58,400.65,1,27.83600000000024
485.18,402.0,1,27.838000000000193
480.62,403.9125,1,27.840000000000146
473.58000000000004,405.375,1,27.8420000000001
465.5,409.61249999999995,1,27.84400000000005
454.65999999999997,415.65,1,27.846000000000004
443.41999999999996,419.2125,1,27.847999999999956
430.26,422.2125,1,27.84999999999991
418.98,424.57500000000005,1,27.852000000000317
405.82,427.4625,1,27.85400000000027
392.86,431.55,1,27.856000000000222
378.58,440.325,1,27.858000000000175
361.86,443.925,1,27.860000000000127
346.1,449.25,1,27.86200000000008
328.53999999999996,456.63750000000005,1,27.864000000000033
311.02,464.775,1,27.865999999999985
293.53999999999996,470.2125,1,27.867999999999938
278.05999999999995,476.3625,1,27.870000000000346
263.18,480.5625,1,27.8720000000003
250.3,486.8625,1,27.87400000000025
237.9,490.79999999999995,1,27.876000000000204
226.74,492.9,1,27.878000000000156
215.54000000000002,495.375,1,27.88000000000011
206.3,498.5625,1,27.882000000000062
198.7,501.975,1,27.884000000000015
191.22,505.0125,1,27.885999999999967
185.38,507.67499999999995,1,27.88799999999992
181.9,509.1,1,27.890000000000327
181.7,510.11249999999995,1,27.89200000000028
181.94,508.575,1,27.894000000000233
182.98,507.5625,1,27.896000000000186
185.42,506.88750000000005,1,27.89800000000014
186.57999999999998,505.1625,1,27.90000000000009
187.06,505.0875,1,27.902000000000044
185.74,505.275,1,27.903999999999996
186.01999999999998,504.75,1,27.90599999999995
186.01999999999998,503.54999999999995,1,27.9079999999999
185.89999999999998,503.85,1,27.91000000000031
185.5,503.7,1,27.912000000000262
186.18,503.2125,1,27.914000000000215
185.45999999999998,501.15,1,27.916000000000167
184.98000000000002,501.45000000000005,1,27.91800000000012
184.57999999999998,500.4,1,27.920000000000073
184.45999999999998,500.1375,1,27.922000000000025
183.89999999999998,500.1,1,27.923999999999978
183.77999999999997,499.2,1,27.92599999999993
183.9,498.4875,1,27.92800000000034
184.02,498.7875,1,27.93000000000029
184.10000000000002,498.8625,1,27.932000000000244
183.57999999999998,497.9625,1,27.934000000000196
183.74,498.225,1,27.93600000000015
183.38,497.025,1,27.938000000000102
183.45999999999998,496.8375,1,27.940000000000055
183.45999999999998,497.5125,1,27.942000000000007
183.78,496.79999999999995,1,27.94399999999996
183.45999999999998,496.38750000000005,1,27.945999999999913
183.3,495.9,1,27.94800000000032
183.34,496.0875,1,27.950000000000273
183.22000000000003,494.5875,1,27.952000000000226
182.78,494.5875,1,27.95400000000018
182.82,495.4125,1,27.95600000000013
182.98000000000002,494.7375,1,27.958000000000084
182.66,494.5125,1,27.960000000000036
182.3,494.4,1,27.96199999999999
182.57999999999998,493.4625,1,27.963999999999942
182.34,493.275,1,27.96600000000035
182.7,493.79999999999995,1,27.968000000000302
182.46,494.325,1,27.970000000000255
182.34,493.76250000000005,1,27.972000000000207
182.98,493.1625,1,27.97400000000016
182.7,492.48749999999995,1,27.976000000000113
182.98000000000002,492.975,1,27.978000000000065
183.18,492.0375,1,27.980000000000018
182.57999999999998,492.75,1,27.98199999999997
183.01999999999998,492.225,1,27.983999999999924
182.98000000000002,492.4125,1,27.98600000000033
182.89999999999998,492.0,1,27.988000000000284
182.74,491.475,1,27.990000000000236
182.5,490.98749999999995,1,27.99200000000019
182.9,491.475,1,27.994000000000142
182.34,490.76250000000005,1,27.996000000000095
182.62,491.025,1,27.998000000000047
182.3,490.76250000000005,1,28.0
182.42000000000002,490.05,1,28.001999999999953
182.18,490.125,1,28.003999999999905
182.42000000000002,489.9,1,28.006000000000313
182.14,489.4125,1,28.008000000000266
182.01999999999998,489.0375,1,28.01000000000022
182.14,489.4125,1,28.01200000000017
181.98,489.11249999999995,1,28.014000000000124
181.78,488.7,1,28.016000000000076
181.82,489.15,1,28.01800000000003
182.02,488.475,1,28.019999999999982
181.82,488.175,1,28.021999999999935
181.78,487.65,1,28.024000000000342
181.78,488.3625,1,28.026000000000295
181.18,486.9375,1,28.028000000000247
181.34,487.725,1,28.0300000000002
181.26,487.5,1,28.032000000000153
181.01999999999998,486.375,1,28.034000000000106
180.7,486.86249999999995,1,28.036000000000058
181.02,487.1625,1,28.03800000000001
180.74,486.675,1,28.039999999999964
180.62,487.275,1,28.041999999999916
180.5,486.1125,1,28.044000000000324
180.54,487.01250000000005,1,28.046000000000276
180.5,486.4875,1,28.04800000000023
180.06,486.8625,1,28.050000000000182
180.3,486.48749999999995,1,28.052000000000135
179.98000000000002,485.6625,1,28.054000000000087
180.18,486.1125,1,28.05600000000004
180.38,486.0375,1,28.057999999999993
180.26,486.1875,1,28.059999999999945
180.22,486.2625,1,28.061999999999898
179.74,485.175,1,28.064000000000306
179.94,485.5125,1,28.06600000000026
179.7,485.8125,1,28.06800000000021
180.18,485.9625,1,28.070000000000164
179.82,486.0,1,28.072000000000116
180.06,485.4375,1,28.07400000000007
179.9,485.6625,1,28.076000000000022
179.94,486.525,1,28.077999999999975
179.74,485.0625,1,28.079999999999927
179.98000000000002,484.95,1,28.082000000000335
179.74,484.95000000000005,1,28.084000000000287
180.42000000000002,484.5375,1,28.08600000000024
180.1,484.95,1,28.088000000000193
179.86,484.6125,1,28.090000000000146
180.1,483.9,1,28.0920000000001
180.3,484.3875,1,28.09400000000005
179.94,484.0875,1,28.096000000000004
180.3,483.9,1,28.097999999999956
180.3,484.01250000000005,1,28.09999999999991
179.38,484.6125,1,28.102000000000317
175.82,485.4375,1,28.10400000000027
171.14,486.975,1,28.106000000000222
164.9,491.775,1,28.108000000000175
156.26,500.1375,1,28.110000000000127
146.33999999999997,505.0125,1,28.11200000000008
136.7,508.875,1,28.114000000000033
124.18,513.9000000000001,1,28.115999999999985
113.18,522.45,1,28.117999999999938
100.98,527.55,1,28.120000000000346
89.3,534.3375,1,28.1220000000003
80.26,540.9375,1,28.12400000000025
69.30000000000001,547.0125,1,28.126000000000204
61.46000000000001,553.2375,1,28.128000000000156
53.78,556.8375,1,28.13000000000011
45.7,559.6500000000001,1,28.132000000000062
42.099999999999994,562.65,1,28.134000000000015
38.5,565.0875,1,28.135999999999967
36.46,568.275,1,28.13799999999992
35.22,569.625,1,28.140000000000327
35.18,571.8375,1,28.14200000000028
35.82,571.2375,1,28.144000000000233
36.620000000000005,569.9625,1,28.146000000000186
37.3,570.375,1,28.14800000000014
37.86,569.1,1,28.15000000000009
38.14,568.2,1,28.152000000000044
37.7,568.275,1,28.153999999999996
37.86,567.9,1,28.15599999999995
38.14,568.275,1,28.1579999999999
37.46,567.9,1,28.16000000000031
37.78,567.0,1,28.162000000000262
37.1,566.5875,1,28.164000000000215
37.18,565.4625000000001,1,28.166000000000167
37.019999999999996,566.0250000000001,1,28.16800000000012
36.620000000000005,565.5375,1,28.170000000000073
36.38,565.7625,1,28.172000000000025
36.1,565.725,1,28.173999999999978
36.06,565.8375,1,28.17599999999993
36.1,566.2874999999999,1,28.17800000000034
36.019999999999996,565.3875,1,28.18000000000029
36.099999999999994,566.025,1,28.182000000000244
35.74,565.575,1,28.184000000000196
35.94,565.875,1,28.18600000000015
35.66,565.9125,1,28.188000000000102
35.54,565.9125,1,28.190000000000055
35.34,566.0250000000001,1,28.192000000000007
34.9,565.875,1,28.19399999999996
34.98,566.1,1,28.195999999999913
34.5,565.8,1,28.19800000000032
34.94,565.95,1,28.200000000000273
34.78,566.325,1,28.202000000000226
34.66,565.125,1,28.20400000000018
34.3,565.65,1,28.20600000000013
34.54,565.125,1,28.208000000000084
34.18,566.175,1,28.210000000000036
34.02,565.5375,1,28.21199999999999
34.379999999999995,565.0125,1,28.213999999999942
34.22,565.2375,1,28.21600000000035
34.22,564.0375,1,28.218000000000302
34.18,563.8125,1,28.220000000000255
34.06,564.75,1,28.222000000000207
34.42,563.8499999999999,1,28.22400000000016
33.62,563.8875,1,28.226000000000113
33.739999999999995,562.8,1,28.228000000000065
33.46,563.1375,1,28.230000000000018
33.78,563.475,1,28.23199999999997
33.66,562.6875,1,28.233999999999924
32.98,561.75,1,28.23600000000033
33.1,560.9625,1,28.238000000000284
33.54,561.1125,1,28.240000000000236
32.86,559.575,1,28.24200000000019
33.3,560.925,1,28.244000000000142
32.9,560.3625,1,28.246000000000095
32.66,560.55,1,28.248000000000047
32.26,560.1375,1,28.25
32.14,559.2375,1,28.251999999999953
32.26,559.8,1,28.253999999999905
32.379999999999995,559.5374999999999,1,28.256000000000313
31.86,560.0625,1,28.258000000000266
32.06,559.95,1,28.26000000000022
31.7,559.575,1,28.26200000000017
31.54,558.6375,1,28.264000000000124
31.299999999999997,558.9375,1,28.266000000000076
31.42,559.425,1,28.26800000000003
31.46,558.525,1,28.269999999999982
31.38,558.225,1,28.271999999999935
31.78,558.375,1,28.274000000000342
31.18,557.55,1,28.276000000000295
30.9,556.8375,1,28.278000000000247
30.7,557.5125,1,28.2800000000002
30.9,557.5875,1,28.282000000000153
31.060000000000002,556.8375000000001,1,28.284000000000106
30.700000000000003,557.3625,1,28.286000000000058
30.54,557.25,1,28.28800000000001
30.38,556.425,1,28.289999999999964
30.3,556.3125,1,28.291999999999916
30.099999999999998,556.9124999999999,1,28.294000000000324
30.66,556.65,1,28.296000000000276
30.86,556.9125,1,28.29800000000023
30.38,556.5,1,28.300000000000182
30.58,556.4625,1,28.302000000000135
31.14,555.9375,1,28.304000000000087
30.340000000000003,557.025,1,28.30600000000004
30.339999999999996,556.65,1,28.307999999999993
31.46,558.1875,1,28.309999999999945
31.060000000000002,556.5,1,28.311999999999898
31.42,557.6625,1,28.314000000000306
31.62,557.775,1,28.31600000000026
31.3,557.625,1,28.31800000000021
31.619999999999997,557.8875,1,28.320000000000164
31.82,557.85,1,28.322000000000116
32.06,557.1375,1,28.32400000000007
31.419999999999998,557.6625,1,28.326000000000022
31.86,557.8875,1,28.327999999999975
31.939999999999998,557.4375,1,28.329999999999927
32.1,557.325,1,28.332000000000335
32.42,557.2875,1,28.334000000000287
32.5,556.95,1,28.33600000000024
31.82,557.2875,1,28.338000000000193
32.22,557.1,1,28.340000000000146
32.3,556.5374999999999,1,28.3420000000001
32.339999999999996,556.95,1,28.34400000000005
32.18,556.725,1,28.346000000000004
31.740000000000002,556.2750000000001,1,28.347999999999956
31.979999999999997,556.5,1,28.34999999999991
32.019999999999996,556.425,1,28.352000000000317
32.1,555.8625,1,28.35400000000027
32.06,556.2,1,28.356000000000222
31.779999999999998,555.7125,1,28.358000000000175
32.26,555.1500000000001,1,28.360000000000127
32.1,555.7874999999999,1,28.36200000000008
31.82,555.4125,1,28.364000000000033
32.54,555.4124999999999,1,28.365999999999985
32.46,554.625,1,28.367999999999938
31.86,555.675,1,28.370000000000346
32.1,554.6625,1,28.3720000000003
31.939999999999998,554.2875,1,28.37400000000025
32.22,554.25,1,28.376000000000204
32.019999999999996,555.0,1,28.378000000000156
31.82,554.1,1,28.38000000000011
31.659999999999997,555.5625,1,28.382000000000062
31.66,554.4000000000001,1,28.384000000000015
33.54,553.95,1,28.385999999999967
36.98,554.8875,1,28.38799999999992
42.58,555.8625,1,28.390000000000327
50.980000000000004,553.5,1,28.39200000000028
61.42,552.0,1,28.394000000000233
73.78,551.8125,1,28.396000000000186
88.25999999999999,550.8375000000001,1,28.39800000000014
102.66,546.675,1,28.40000000000009
118.30000000000001,545.325,1,28.402000000000044
132.54000000000002,545.3625,1,28.403999999999996
146.38,546.4124999999999,1,28.40599999999995
160.94,545.8875,1,28.4079999999999
174.18,541.6125,1,28.41000000000031
186.26,542.3625,1,28.412000000000262
195.7,540.9749999999999,1,28.414000000000215
204.33999999999997,540.75,1,28.416000000000167
209.82,540.4124999999999,1,28.41800000000012
213.98000000000002,540.8625,1,28.420000000000073
215.78,539.6624999999999,1,28.422000000000025
216.01999999999998,539.1,1,28.423999999999978
215.54,538.8375,1,28.42599999999993
214.82,538.8375,1,28.42800000000034
214.02,537.5250000000001,1,28.43000000000029
213.18,537.0,1,28.432000000000244
212.78,537.45,1,28.434000000000196
212.62,537.75,1,28.43600000000015
212.74,537.5625,1,28.438000000000102
212.42000000000002,537.45,1,28.440000000000055
211.94,537.3375,1,28.442000000000007
211.86,537.2249999999999,1,28.44399999999996
212.22,536.55,1,28.445999999999913
212.3,536.85,1,28.44800000000032
211.98000000000002,536.25,1,28.450000000000273
212.22,536.3625,1,28.452000000000226
212.22,535.65,1,28.45400000000018
212.01999999999998,534.975,1,28.45600000000013
211.94,535.125,1,28.458000000000084
212.38,534.5625,1,28.460000000000036
212.06,534.8625,1,28.46199999999999
212.06,534.15,1,28.463999999999942
211.98000000000002,533.4,1,28.46600000000035
211.89999999999998,532.1624999999999,1,28.468000000000302
211.74,532.8375,1,28.470000000000255
212.38,531.675,1,28.472000000000207
211.94,531.45,1,28.47400000000016
212.33999999999997,530.4,1,28.476000000000113
211.98,530.475,1,28.478000000000065
212.01999999999998,530.4375,1,28.480000000000018
211.82,529.275,1,28.48199999999997
211.89999999999998,528.7874999999999,1,28.483999999999924
212.45999999999998,528.1500000000001,1,28.48600000000033
212.54000000000002,527.8125,1,28.488000000000284
212.46,528.1125,1,28.490000000000236
212.42000000000002,527.7,1,28.49200000000019
212.22,527.475,1,28.494000000000142
212.3,527.175,1,28.496000000000095
212.5,527.5125,1,28.498000000000047
212.38,526.9125,1,28.5
212.89999999999998,527.175,1,28.501999999999953
212.62,527.2875,1,28.503999999999905
212.94,527.1,1,28.506000000000313
212.74,526.65,1,28.508000000000266
212.9,527.2875,1,28.51000000000022
213.06,527.7,1,28.51200000000017
212.94,527.7,1,28.514000000000124
212.86,526.7249999999999,1,28.516000000000076
213.14,528.15,1,28.51800000000003
213.06,527.025,1,28.519999999999982
213.14,526.9875,1,28.521999999999935
212.86,526.8375,1,28.524000000000342
212.98000000000002,526.5375,1,28.526000000000295
212.57999999999998,526.6875,1,28.528000000000247
213.06,526.0875000000001,1,28.5300000000002
213.42000000000002,527.4375,1,28.532000000000153
213.14,526.4625,1,28.534000000000106
212.82,526.6875,1,28.536000000000058
212.94,525.825,1,28.53800000000001
213.10000000000002,525.675,1,28.539999999999964
212.98000000000002,524.4749999999999,1,28.541999999999916
213.1,524.4,1,28.544000000000324
213.54,523.7249999999999,1,28.546000000000276
213.18,523.4625,1,28.54800000000023
213.42000000000002,524.325,1,28.550000000000182
213.46,522.9375,1,28.552000000000135
212.89999999999998,523.2750000000001,1,28.554000000000087
213.14,522.9375,1,28.55600000000004
213.01999999999998,521.8875,1,28.557999999999993
212.78,521.325,1,28.559999999999945
212.62,521.3625,1,28.561999999999898
213.18,521.4749999999999,1,28.564000000000306
213.34,522.2249999999999,1,28.56600000000026
213.10000000000002,520.6875,1,28.56800000000021
213.18,520.95,1,28.570000000000164
212.94,521.2125,1,28.572000000000116
212.46,521.0250000000001,1,28.57400000000007
212.82,521.1375,1,28.576000000000022
212.54000000000002,520.9875,1,28.577999999999975
212.66,520.9124999999999,1,28.579999999999927
212.7,519.975,1,28.582000000000335
212.57999999999998,521.025,1,28.584000000000287
212.7,520.1625,1,28.58600000000024
212.54,520.65,1,28.588000000000193
212.26,520.6875,1,28.590000000000146
212.7,521.1375,1,28.5920000000001
212.66,520.9875,1,28.59400000000005
212.66,520.0875000000001,1,28.596000000000004
212.66,520.8375,1,28.597999999999956
212.14,520.05,1,28.59999999999991
212.62,521.325,1,28.602000000000317
212.7,520.5,1,28.60400000000027
212.7,520.9125,1,28.606000000000222
212.7,520.7249999999999,1,28.608000000000175
212.82,520.3875,1,28.610000000000127
212.98000000000002,519.5625,1,28.61200000000008
212.94,520.5,1,28.614000000000033
213.1,519.7875,1,28.615999999999985
212.42000000000002,520.575,1,28.617999999999938
212.94,521.2125,1,28.620000000000346
212.7,520.125,1,28.6220000000003
212.82,520.5375,1,28.62400000000025
212.9,521.025,1,28.626000000000204
212.7,520.5375,1,28.628000000000156
212.7,521.775,1,28.63000000000011
212.94,520.2375,1,28.632000000000062
213.18,520.5,1,28.634000000000015
213.3,520.575,1,28.635999999999967
212.86,520.1625,1,28.63799999999992
212.89999999999998,520.2375,1,28.640000000000327
212.74,520.2375,1,28.64200000000028
212.9,519.9000000000001,1,28.644000000000233
213.18,519.75,1,28.646000000000186
212.94,520.2375,1,28.64800000000014
212.57999999999998,519.7875,1,28.65000000000009
212.89999999999998,520.275,1,28.652000000000044
212.98000000000002,520.1625,1,28.653999999999996
213.26,519.9000000000001,1,28.65599999999995
212.9,519.5999999999999,1,28.6579999999999
213.06,518.85,1,28.66000000000031
213.3,519.1125,1,28.662000000000262
213.14,519.3,1,28.664000000000215
213.26,519.1875,1,28.666000000000167
213.42000000000002,519.225,1,28.66800000000012
214.54000000000002,519.75,1,28.670000000000073
216.94,519.75,1,28.672000000000025
220.98000000000002,519.7874999999999,1,28.673999999999978
227.42,518.7750000000001,1,28.67599999999993
234.54,519.075,1,28.67800000000034
241.82,517.875,1,28.68000000000029
249.78000000000003,517.3125,1,28.682000000000244
257.74,516.075,1,28.684000000000196
263.9,516.7875,1,28.68600000000015
269.65999999999997,516.0375,1,28.688000000000102
273.82,516.825,1,28.690000000000055
276.9,516.3375,1,28.692000000000007
278.38,516.2625,1,28.69399999999996
278.98,516.375,1,28.695999999999913
279.29999999999995,516.1875,1,28.69800000000032
280.14,517.05,1,28.700000000000273
279.86,516.5625,1,28.702000000000226
280.02,516.825,1,28.70400000000018
280.53999999999996,517.8375,1,28.70600000000013
280.46000000000004,517.4625,1,28.708000000000084
281.02,517.1624999999999,1,28.710000000000036
280.02,517.2750000000001,1,28.71199999999999
280.26,517.05,1,28.713999999999942
280.14,516.825,1,28.71600000000035
280.74,517.725,1,28.718000000000302
280.29999999999995,516.825,1,28.720000000000255
280.70000000000005,516.975,1,28.722000000000207
280.58000000000004,517.3875,1,28.72400000000016
280.9,516.9375,1,28.726000000000113
280.82000000000005,516.4875,1,28.728000000000065
280.74,517.2,1,28.730000000000018
280.94,517.05,1,28.73199999999997
280.98,516.5625,1,28.733999999999924
281.17999999999995,516.45,1,28.73600000000033
280.98,516.7125,1,28.738000000000284
281.22,516.6375,1,28.740000000000236
281.58,516.2249999999999,1,28.74200000000019
280.9,515.925,1,28.744000000000142
281.3,515.5875,1,28.746000000000095
281.53999999999996,515.8125,1,28.748000000000047
281.3,515.175,1,28.75
281.86,515.4375,1,28.751999999999953
282.1,514.875,1,28.753999999999905
281.9,515.0250000000001,1,28.756000000000313
281.94,514.8375,1,28.758000000000266
281.9,514.875,1,28.76000000000022
282.06,515.25,1,28.76200000000017
281.9,514.275,1,28.764000000000124
281.98,513.975,1,28.766000000000076
282.17999999999995,514.8,1,28.76800000000003
282.22,515.025,1,28.769999999999982
282.22,514.8375,1,28.771999999999935
282.5,514.9875,1,28.774000000000342
282.34000000000003,515.2875,1,28.776000000000295
282.34000000000003,515.0625,1,28.778000000000247
282.46000000000004,515.3625,1,28.7800000000002
282.5,515.4,1,28.782000000000153
282.62,515.25,1,28.784000000000106
282.54,515.925,1,28.786000000000058
282.58,516.0,1,28.78800000000001
282.46000000000004,516.8625,1,28.789999999999964
282.5,515.8875,1,28.791999999999916
283.02,516.2625,1,28.794000000000324
282.86,516.15,1,28.796000000000276
282.53999999999996,515.6624999999999,1,28.79800000000023
282.62,516.0374999999999,1,28.800000000000182
282.58,516.5625,1,28.802000000000135
282.42,515.7375,1,28.804000000000087
282.94,515.2875,1,28.80600000000004
282.62,515.2875,1,28.807999999999993
282.26,514.7625,1,28.809999999999945
282.70000000000005,515.25,1,28.811999999999898
282.34000000000003,514.6125,1,28.814000000000306
282.46000000000004,513.825,1,28.81600000000026
282.65999999999997,513.675,1,28.81800000000021
282.7,513.1125,1,28.820000000000164
282.38,513.0375,1,28.822000000000116
281.98,512.5875,1,28.82400000000007
282.53999999999996,512.25,1,28.826000000000022
282.02,512.0625,1,28.827999999999975
282.7,510.7875,1,28.829999999999927
282.58,510.22499999999997,1,28.832000000000335
282.70000000000005,510.0,1,28.834000000000287
282.14,510.1125,1,28.83600000000024
282.26,509.5875,1,28.838000000000193
282.34000000000003,509.85,1,28.840000000000146
282.5,510.0,1,28.8420000000001
282.38,509.88750000000005,1,28.84400000000005
282.26,509.4,1,28.846000000000004
282.46000000000004,509.77500000000003,1,28.847999999999956
282.14,510.1875,1,28.84999999999991
282.38,510.0,1,28.852000000000317
282.02,510.26250000000005,1,28.85400000000027
282.22,509.88750000000005,1,28.856000000000222
282.22,510.45000000000005,1,28.858000000000175
282.53999999999996,510.975,1,28.860000000000127
282.74,511.0125,1,28.86200000000008
282.53999999999996,510.9375,1,28.864000000000033
282.3,511.3125,1,28.865999999999985
282.58000000000004,511.5,1,28.867999999999938
282.82,511.725,1,28.870000000000346
282.3,512.475,1,28.8720000000003
283.26,512.2125,1,28.87400000000025
282.46,511.98749999999995,1,28.876000000000204
282.62,512.4,1,28.878000000000156
282.53999999999996,512.2875,1,28.88000000000011
282.7,512.2874999999999,1,28.882000000000062
283.14,512.8125,1,28.884000000000015
282.54,512.775,1,28.885999999999967
282.78,512.175,1,28.88799999999992
283.06,512.1,1,28.890000000000327
282.65999999999997,512.1,1,28.89200000000028
282.74,511.95000000000005,1,28.894000000000233
283.1,511.79999999999995,1,28.896000000000186
283.14,511.9125,1,28.89800000000014
282.7,511.04999999999995,1,28.90000000000009
282.65999999999997,511.65,1,28.902000000000044
282.5,511.2375,1,28.903999999999996
282.54,511.76250000000005,1,28.90599999999995
282.58000000000004,511.2,1,28.9079999999999
282.41999999999996,511.275,1,28.91000000000031
282.26,511.0875,1,28.912000000000262
281.94,510.9375,1,28.914000000000215
282.02,511.2375,1,28.916000000000167
282.06,511.125,1,28.91800000000012
281.58,511.125,1,28.920000000000073
281.65999999999997,511.275,1,28.922000000000025
281.9,511.08750000000003,1,28.923999999999978
281.82,511.3125,1,28.92599999999993
281.62,510.52500000000003,1,28.92800000000034
281.3,511.3125,1,28.93000000000029
281.26,511.0875,1,28.932000000000244
281.53999999999996,511.01250000000005,1,28.934000000000196
281.62,510.975,1,28.93600000000015
281.14,511.2375,1,28.938000000000102
281.38,510.7125,1,28.940000000000055
281.26,510.525,1,28.942000000000007
281.1,510.63750000000005,1,28.94399999999996
281.14,511.0125,1,28.945999999999913
281.14,510.8625,1,28.94800000000032
281.14,510.675,1,28.950000000000273
280.82000000000005,510.975,1,28.952000000000226
281.34,510.4875,1,28.95400000000018
281.53999999999996,510.75,1,28.95600000000013
281.26,511.05,1,28.958000000000084
281.38,510.63750000000005,1,28.960000000000036
281.3,510.3375,1,28.96199999999999
280.9,510.33750000000003,1,28.963999999999942
280.86,510.22499999999997,1,28.96600000000035
281.74,510.7125,1,28.968000000000302
281.34000000000003,510.75,1,28.970000000000255
281.26,510.0,1,28.972000000000207
280.98,510.75,1,28.97400000000016
281.06,510.67499999999995,1,28.976000000000113
281.14,510.7875,1,28.978000000000065
281.22,511.3125,1,28.980000000000018
281.26,511.01250000000005,1,28.98199999999997
281.53999999999996,510.86249999999995,1,28.983999999999924
281.86,510.75,1,28.98600000000033
282.7,510.0,1,28.988000000000284
282.78,509.51250000000005,1,28.990000000000236
283.74,508.3875,1,28.99200000000019
283.9,507.75,1,28.994000000000142
283.98,507.375,1,28.996000000000095
284.38,506.2125,1,28.998000000000047
284.62,506.775,1,29.0
284.62,507.0375,1,29.001999999999953
285.1,506.3625,1,29.003999999999905
285.22,507.1875,1,29.006000000000313
285.46000000000004,508.20000000000005,1,29.008000000000266
285.58,507.4875,1,29.01000000000022
285.54,508.0875,1,29.01200000000017
285.22,508.125,1,29.014000000000124
285.3,508.2,1,29.016000000000076
285.02,508.2,1,29.01800000000003
285.3,508.1625,1,29.019999999999982
285.22,507.975,1,29.021999999999935
285.22,507.975,1,29.024000000000342
285.1,507.5625,1,29.026000000000295
285.34000000000003,507.6375,1,29.028000000000247
284.7,507.1125,1,29.0300000000002
284.82000000000005,507.48749999999995,1,29.032000000000153
284.82,507.4125,1,29.034000000000106
284.9,506.8875,1,29.036000000000058
284.41999999999996,506.6625,1,29.03800000000001
284.7,507.525,1,29.039999999999964
284.7,506.6625,1,29.041999999999916
284.65999999999997,506.8125,1,29.044000000000324
284.78,507.26250000000005,1,29.046000000000276
284.34000000000003,506.9625,1,29.04800000000023
284.1,506.54999999999995,1,29.050000000000182
284.7,507.07500000000005,1,29.052000000000135
284.34000000000003,506.7375,1,29.054000000000087
284.53999999999996,506.8125,1,29.05600000000004
284.29999999999995,506.775,1,29.057999999999993
284.46,506.475,1,29.059999999999945
284.65999999999997,506.625,1,29.061999999999898
284.54,506.4375,1,29.064000000000306
284.18,506.175,1,29.06600000000026
284.26,506.55,1,29.06800000000021
284.86,507.0375,1,29.070000000000164
284.94,506.5875,1,29.072000000000116
284.74,507.0375,1,29.07400000000007
284.06,508.05,1,29.076000000000022
284.02,507.07500000000005,1,29.077999999999975
283.94,506.8125,1,29.079999999999927
284.53999999999996,507.41249999999997,1,29.082000000000335
283.94,507.7125,1,29.084000000000287
284.02,507.26250000000005,1,29.08600000000024
283.94,508.3875,1,29.088000000000193
283.65999999999997,508.0875,1,29.090000000000146
283.74,507.975,1,29.0920000000001
283.74,507.7875,1,29.09400000000005
284.18,508.38750000000005,1,29.096000000000004
284.02,507.975,1,29.097999999999956
284.1,508.125,1,29.09999999999991
284.1,508.4625,1,29.102000000000317
283.5,508.23749999999995,1,29.10400000000027
284.14,507.3375,1,29.106000000000222
284.02,507.975,1,29.108000000000175
283.98,507.67499999999995,1,29.110000000000127
284.14,507.5625,1,29.11200000000008
284.42,508.0125,1,29.114000000000033
284.02,507.9375,1,29.115999999999985
284.22,507.3,1,29.117999999999938
283.78,508.04999999999995,1,29.120000000000346
284.22,508.0875,1,29.1220000000003
284.38,507.67499999999995,1,29.12400000000025
283.94,507.4875,1,29.126000000000204
284.02,507.525,1,29.128000000000156
283.74,508.0875,1,29.13000000000011
283.74,507.7125,1,29.132000000000062
284.02,507.6,1,29.134000000000015
283.86,507.4875,1,29.135999999999967
283.86,507.075,1,29.13799999999992
283.78,507.1125,1,29.140000000000327
283.62,507.5625,1,29.14200000000028
283.1,507.1875,1,29.144000000000233
283.7,506.775,1,29.146000000000186
283.53999999999996,507.1125,1,29.14800000000014
283.22,507.3375,1,29.15000000000009
283.34000000000003,507.63750000000005,1,29.152000000000044
283.3,507.71250000000003,1,29.153999999999996
282.9,507.375,1,29.15599999999995
282.98,507.1875,1,29.1579999999999
282.86,507.29999999999995,1,29.16000000000031
283.1,507.075,1,29.162000000000262
282.58,506.5875,1,29.164000000000215
283.06,506.775,1,29.166000000000167
282.74,506.7,1,29.16800000000012
282.74,506.775,1,29.170000000000073
283.02,506.4,1,29.172000000000025
283.06,506.9625,1,29.173999999999978
282.53999999999996,506.9625,1,29.17599999999993
283.06,507.2625,1,29.17800000000034
282.94,507.67499999999995,1,29.18000000000029
283.02,506.9625,1,29.182000000000244
282.58000000000004,507.4125,1,29.184000000000196
283.02,507.4875,1,29.18600000000015
282.7,507.0375,1,29.188000000000102
282.78,507.9375,1,29.190000000000055
283.34000000000003,506.9625,1,29.192000000000007
282.94,507.525,1,29.19399999999996
283.1,507.4125,1,29.195999999999913
283.1,507.63750000000005,1,29.19800000000032
283.14,507.1875,1,29.200000000000273
282.74,507.3,1,29.202000000000226
282.98,507.1875,1,29.20400000000018
282.1,508.01250000000005,1,29.20600000000013
279.58,508.65,1,29.208000000000084
275.82,510.0,1,29.210000000000036
269.82,511.79999999999995,1,29.21199999999999
261.78,514.125,1,29.213999999999942
253.74,515.325,1,29.21600000000035
244.22,519.3375,1,29.218000000000302
233.82,520.4625000000001,1,29.220000000000255
225.14,523.3125,1,29.222000000000207
216.54000000000002,525.15,1,29.22400000000016
209.33999999999997,525.3,1,29.226000000000113
204.62,525.375,1,29.228000000000065
199.7,526.2,1,29.230000000000018
196.9,525.7125000000001,1,29.23199999999997
195.57999999999998,526.3125,1,29.233999999999924
193.74,526.425,1,29.23600000000033
192.57999999999998,526.6500000000001,1,29.238000000000284
192.57999999999998,528.7125,1,29.240000000000236
193.26,527.7750000000001,1,29.24200000000019
194.06,526.8375000000001,1,29.244000000000142
194.98,527.775,1,29.246000000000095
195.10000000000002,526.05,1,29.248000000000047
195.5,526.3125,1,29.25
195.18,526.125,1,29.251999999999953
195.34,526.0875,1,29.253999999999905
195.34,526.4625,1,29.256000000000313
195.42000000000002,526.1625,1,29.258000000000266
195.42000000000002,526.3499999999999,1,29.26000000000022
195.26,526.2750000000001,1,29.26200000000017
195.22,526.3875,1,29.264000000000124
194.86,526.4625,1,29.266000000000076
194.46,526.2375,1,29.26800000000003
194.62,526.0875,1,29.269999999999982
194.9,526.4625000000001,1,29.271999999999935
194.7,525.825,1,29.274000000000342
194.62,525.7874999999999,1,29.276000000000295
194.74,526.2375,1,29.278000000000247
194.98,525.6375,1,29.2800000000002
195.22,525.7875,1,29.282000000000153
194.78,525.3,1,29.284000000000106
194.5,524.7750000000001,1,29.286000000000058
194.78,524.6624999999999,1,29.28800000000001
194.62,524.85,1,29.289999999999964
194.3,524.7,1,29.291999999999916
194.38,525.1875,1,29.294000000000324
194.18,525.075,1,29.296000000000276
194.10000000000002,524.7,1,29.29800000000023
194.18,524.5875,1,29.300000000000182
194.14,525.2625,1,29.302000000000135
193.74,525.5999999999999,1,29.304000000000087
193.98000000000002,525.375,1,29.30600000000004
193.82,524.625,1,29.307999999999993
193.86,525.45,1,29.309999999999945
193.38,526.05,1,29.311999999999898
193.86,526.0875,1,29.314000000000306
193.74,525.6,1,29.31600000000026
193.3,525.3375,1,29.31800000000021
193.38,526.0875000000001,1,29.320000000000164
193.26,525.075,1,29.322000000000116
193.3,525.5625,1,29.32400000000007
193.22,525.1500000000001,1,29.326000000000022
193.1,525.6,1,29.327999999999975
192.78,525.9375,1,29.329999999999927
192.74,525.4875,1,29.332000000000335
192.77999999999997,525.6375,1,29.334000000000287
192.62,525.2625,1,29.33600000000024
192.22,525.375,1,29.338000000000193
192.9,525.825,1,29.340000000000146
192.5,525.0,1,29.3420000000001
192.38,525.1125,1,29.34400000000005
191.98000000000002,525.0,1,29.346000000000004
192.22,524.8875,1,29.347999999999956
192.26,525.1875,1,29.34999999999991
192.57999999999998,524.175,1,29.352000000000317
192.06,525.2625,1,29.35400000000027
192.06,525.3375000000001,1,29.356000000000222
192.01999999999998,525.9375,1,29.358000000000175
192.26,524.7375,1,29.360000000000127
191.98000000000002,525.825,1,29.36200000000008
192.3,525.225,1,29.364000000000033
191.66000000000003,525.2625,1,29.365999999999985
191.86,525.6,1,29.367999999999938
192.34,525.2625,1,29.370000000000346
191.82,525.075,1,29.3720000000003
191.94,525.5999999999999,1,29.37400000000025
191.9,525.225,1,29.376000000000204
192.46,525.45,1,29.378000000000156
192.54000000000002,525.7874999999999,1,29.38000000000011
192.1,525.2625,1,29.382000000000062
192.54,525.375,1,29.384000000000015
192.86,524.7375,1,29.385999999999967
192.54000000000002,525.225,1,29.38799999999992
192.22,524.9625,1,29.390000000000327
192.66,525.1125,1,29.39200000000028
193.06,525.0,1,29.394000000000233
192.82,524.7,1,29.396000000000186
192.62,524.925,1,29.39800000000014
192.7,524.4375,1,29.40000000000009
192.86,524.5125,1,29.402000000000044
193.38,524.775,1,29.403999999999996
193.1,524.5125,1,29.40599999999995
193.42000000000002,523.9125,1,29.4079999999999
193.26,524.0999999999999,1,29.41000000000031
193.38,523.9124999999999,1,29.412000000000262
193.22,524.0250000000001,1,29.414000000000215
193.34,523.9875,1,29.416000000000167
193.54000000000002,524.5875,1,29.41800000000012
193.7,524.1375,1,29.420000000000073
193.5,524.175,1,29.422000000000025
193.9,524.1375,1,29.423999999999978
193.7,524.4000000000001,1,29.42599999999993
193.54000000000002,524.3625,1,29.42800000000034
193.74,524.625,1,29.43000000000029
193.82,525.075,1,29.432000000000244
194.1,525.15,1,29.434000000000196
193.82,525.675,1,29.43600000000015
193.86,525.3375000000001,1,29.438000000000102
194.14,525.4124999999999,1,29.440000000000055
193.5,525.0375,1,29.442000000000007
193.46,526.3875,1,29.44399999999996
194.14,526.2375,1,29.445999999999913
193.7,526.425,1,29.44800000000032
193.86,525.75,1,29.450000000000273
194.1,525.7874999999999,1,29.452000000000226
193.7,526.8375000000001,1,29.45400000000018
194.10000000000002,526.425,1,29.45600000000013
193.7,525.9000000000001,1,29.458000000000084
193.5,525.45,1,29.460000000000036
193.82,525.9,1,29.46199999999999
193.5,525.6375,1,29.463999999999942
193.3,524.9625000000001,1,29.46600000000035
193.38,525.4875,1,29.468000000000302
193.57999999999998,525.675,1,29.470000000000255
193.46,523.9875,1,29.472000000000207
192.78,525.1875,1,29.47400000000016
193.26,524.55,1,29.476000000000113
193.38,524.9625,1,29.478000000000065
192.9,525.0375,1,29.480000000000018
192.94,525.1125,1,29.48199999999997
193.38,525.5625,1,29.483999999999924
193.26,526.2375,1,29.48600000000033
193.01999999999998,525.675,1,29.488000000000284
192.86,526.0875000000001,1,29.490000000000236
193.1,526.0875,1,29.49200000000019
193.02,526.425,1,29.494000000000142
192.82,526.0875,1,29.496000000000095
192.78,526.65,1,29.498000000000047
192.7,526.3875,1,29.5
192.5,526.575,1,29.501999999999953
192.26,525.7875,1,29.503999999999905
192.5,526.6125,1,29.506000000000313
193.1,525.5625,1,29.508000000000266
192.62,526.5,1,29.51000000000022
192.57999999999998,525.9749999999999,1,29.51200000000017
193.06,525.2625,1,29.514000000000124
192.38,525.825,1,29.516000000000076
192.74,525.7125,1,29.51800000000003
192.66,525.5625,1,29.519999999999982
193.26,525.6,1,29.521999999999935
192.57999999999998,524.5125,1,29.524000000000342
192.26,525.9375,1,29.526000000000295
192.34,524.6625,1,29.528000000000247
192.66,525.1500000000001,1,29.5300000000002
192.38,526.0125,1,29.532000000000153
192.89999999999998,525.7875,1,29.534000000000106
192.66,525.9,1,29.536000000000058
192.9,526.5,1,29.53800000000001
192.9,526.6125,1,29.539999999999964
192.66,526.725,1,29.541999999999916
193.14,527.3625,1,29.544000000000324
192.86,528.225,1,29.546000000000276
193.1,528.5625,1,29.54800000000023
193.22,528.15,1,29.550000000000182
192.9,528.6375,1,29.552000000000135
193.01999999999998,528.825,1,29.554000000000087
192.82,528.2625,1,29.55600000000004
192.94,528.0,1,29.557999999999993
193.01999999999998,528.1875,1,29.559999999999945
193.18,528.6375,1,29.561999999999898
193.33999999999997,528.3,1,29.564000000000306
193.3,527.775,1,29.56600000000026
192.62,527.4375,1,29.56800000000021
193.22,527.325,1,29.570000000000164
193.3,527.0625,1,29.572000000000116
192.66,527.625,1,29.57400000000007
192.82,526.3125,1,29.576000000000022
193.26,526.5,1,29.577999999999975
193.3,526.6125,1,29.579999999999927
192.82,526.2750000000001,1,29.582000000000335
192.94,526.0875,1,29.584000000000287
192.86,526.425,1,29.58600000000024
193.26,525.4124999999999,1,29.588000000000193
193.42000000000002,526.3875,1,29.590000000000146
193.01999999999998,525.1125,1,29.5920000000001
192.98000000000002,525.1125,1,29.59400000000005
193.22000000000003,525.4875,1,29.596000000000004
193.42000000000002,525.1500000000001,1,29.597999999999956
193.26,525.0375,1,29.59999999999991
193.14,525.0374999999999,1,29.602000000000317
193.3,525.3,1,29.60400000000027
193.42000000000002,525.7874999999999,1,29.606000000000222
192.98,525.45,1,29.608000000000175
192.82,526.2375,1,29.610000000000127
193.14,526.4625000000001,1,29.61200000000008
193.5,526.0875000000001,1,29.614000000000033
193.22,526.35,1,29.615999999999985
193.18,526.3125,1,29.617999999999938
192.57999999999998,527.55,1,29.620000000000346
192.14,528.15,1,29.6220000000003
192.06,527.7750000000001,1,29.62400000000025
192.57999999999998,527.775,1,29.626000000000204
191.78,527.9625000000001,1,29.628000000000156
192.26,528.7875,1,29.63000000000011
191.74,528.6375,1,29.632000000000062
191.9,529.1625,1,29.634000000000015
192.3,529.05,1,29.635999999999967
191.86,528.9375,1,29.63799999999992
191.9,529.575,1,29.640000000000327
191.86,528.825,1,29.64200000000028
191.74,529.3125,1,29.644000000000233
191.7,529.7625,1,29.646000000000186
191.86,528.4124999999999,1,29.64800000000014
191.57999999999998,529.125,1,29.65000000000009
192.18,527.625,1,29.652000000000044
191.34,528.6375,1,29.653999999999996
191.42000000000002,528.0375,1,29.65599999999995
191.66000000000003,528.4875,1,29.6579999999999
191.22,528.4875,1,29.66000000000031
191.26,528.9000000000001,1,29.662000000000262
191.42000000000002,528.5625,1,29.664000000000215
191.1,528.9749999999999,1,29.666000000000167
191.62,528.3375,1,29.66800000000012
191.45999999999998,528.5625,1,29.670000000000073
191.14,528.525,1,29.672000000000025
190.94,528.7125000000001,1,29.673999999999978
191.1,528.3,1,29.67599999999993
190.86,527.85,1,29.67800000000034
191.02,527.8125,1,29.68000000000029
190.74,527.7,1,29.682000000000244
190.74,527.325,1,29.684000000000196
190.98000000000002,526.7625,1,29.68600000000015
190.98,525.7875,1,29.688000000000102
190.98000000000002,526.3875,1,29.690000000000055
191.18,525.375,1,29.692000000000007
191.26,524.8499999999999,1,29.69399999999996
191.7,524.7750000000001,1,29.695999999999913
191.86,525.0,1,29.69800000000032
191.74,524.5875,1,29.700000000000273
192.06,524.4375,1,29.702000000000226
192.14,524.625,1,29.70400000000018
192.22,524.7375,1,29.70600000000013
192.38,524.6625,1,29.708000000000084
192.45999999999998,526.125,1,29.710000000000036
192.33999999999997,526.3125,1,29.71199999999999
192.26,526.8375,1,29.713999999999942
192.3,526.6875,1,29.71600000000035
192.3,526.9124999999999,1,29.718000000000302
192.14,527.925,1,29.720000000000255
191.86,529.05,1,29.722000000000207
191.94,528.9,1,29.72400000000016
192.02,530.3625,1,29.726000000000113
192.3,530.325,1,29.728000000000065
192.01999999999998,530.5875,1,29.730000000000018
192.06,531.45,1,29.73199999999997
192.46,531.0,1,29.733999999999924
192.57999999999998,530.8875,1,29.73600000000033
192.45999999999998,531.1875,1,29.738000000000284
192.3,530.55,1,29.740000000000236
192.3,531.375,1,29.74200000000019
192.78,530.4375,1,29.744000000000142
192.38,531.0374999999999,1,29.746000000000095
192.62,530.55,1,29.748000000000047
193.02,529.4625000000001,1,29.75
192.66000000000003,529.65,1,29.751999999999953
193.10000000000002,529.3875,1,29.753999999999905
192.98,529.0125,1,29.756000000000313
193.06,528.825,1,29.758000000000266
193.3,528.525,1,29.76000000000022
192.94,528.3,1,29.76200000000017
193.22,527.325,1,29.764000000000124
192.5,527.7375,1,29.766000000000076
193.01999999999998,527.175,1,29.76800000000003
193.01999999999998,527.6625,1,29.769999999999982
193.14,526.2,1,29.771999999999935
192.82,526.95,1,29.774000000000342
192.94,526.5,1,29.776000000000295
192.5,526.2,1,29.778000000000247
192.5,525.9375,1,29.7800000000002
192.62,526.0125,1,29.782000000000153
192.54000000000002,527.25,1,29.784000000000106
192.46,527.1375,1,29.786000000000058
192.26,526.875,1,29.78800000000001
192.38,527.175,1,29.789999999999964
192.1,527.925,1,29.791999999999916
191.54000000000002,528.5999999999999,1,29.794000000000324
192.22,528.6375,1,29.796000000000276
191.54,528.4875,1,29.79800000000023
191.38,528.0,1,29.800000000000182
192.14,529.125,1,29.802000000000135
191.34,528.7125000000001,1,29.804000000000087
191.94,529.275,1,29.80600000000004
192.14,529.8375,1,29.807999999999993
191.78,529.05,1,29.809999999999945
192.01999999999998,528.675,1,29.811999999999898
192.5,529.575,1,29.814000000000306
192.22,528.675,1,29.81600000000026
192.57999999999998,528.3,1,29.81800000000021
191.46,528.8625,1,29.820000000000164
191.14,529.3875,1,29.822000000000116
189.89999999999998,528.3375,1,29.82400000000007
188.26,528.675,1,29.826000000000022
186.18,527.7375,1,29.827999999999975
182.98000000000002,528.2625,1,29.829999999999927
180.1,527.7375,1,29.832000000000335
176.86,527.4,1,29.834000000000287
173.86,527.7,1,29.83600000000024
172.74,527.8875,1,29.838000000000193
172.54000000000002,528.675,1,29.840000000000146
172.74,528.675,1,29.8420000000001
172.78,528.3,1,29.84400000000005
173.42000000000002,527.2125,1,29.846000000000004
174.01999999999998,527.2125,1,29.847999999999956
174.82,527.1375,1,29.84999999999991
174.62,527.1375,1,29.852000000000317
174.38,527.6625,1,29.85400000000027
175.42000000000002,527.925,1,29.856000000000222
175.14,528.15,1,29.858000000000175
175.3,527.325,1,29.860000000000127
175.22,527.85,1,29.86200000000008
175.66,528.1875,1,29.864000000000033
174.62,527.4,1,29.865999999999985
174.7,527.6625,1,29.867999999999938
174.74,528.3375000000001,1,29.870000000000346
174.74,527.5875,1,29.8720000000003
174.3,527.5875,1,29.87400000000025
174.54000000000002,526.875,1,29.876000000000204
175.14,527.8125,1,29.878000000000156
174.33999999999997,527.025,1,29.88000000000011
174.9,526.8375000000001,1,29.882000000000062
175.10000000000002,527.175,1,29.884000000000015
174.57999999999998,526.8375,1,29.885999999999967
174.98,526.3875,1,29.88799999999992
175.10000000000002,526.4625,1,29.890000000000327
175.3,525.9,1,29.89200000000028
174.94,526.0125,1,29.894000000000233
175.34,526.05,1,29.896000000000186
175.22,525.9375,1,29.89800000000014
175.01999999999998,525.7125,1,29.90000000000009
175.3,526.3875,1,29.902000000000044
175.18,526.05,1,29.903999999999996
175.5,526.5374999999999,1,29.90599999999995
175.62,526.6500000000001,1,29.9079999999999
175.22,525.8625,1,29.91000000000031
175.62,526.575,1,29.912000000000262
175.3,526.4625000000001,1,29.914000000000215
175.62,525.8625,1,29.916000000000167
175.14,525.9749999999999,1,29.91800000000012
175.01999999999998,526.6500000000001,1,29.920000000000073
175.74,526.2,1,29.922000000000025
175.38,526.425,1,29.923999999999978
175.02,526.1625,1,29.92599999999993
175.74,526.0875,1,29.92800000000034
175.9,525.75,1,29.93000000000029
175.66000000000003,526.275,1,29.932000000000244
175.74,526.5,1,29.934000000000196
175.57999999999998,526.2375,1,29.93600000000015
175.58,526.6875,1,29.938000000000102
175.62,526.3125,1,29.940000000000055
176.02,526.6875,1,29.942000000000007
175.82,526.3499999999999,1,29.94399999999996
175.78,526.3875,1,29.945999999999913
176.3,526.3875,1,29.94800000000032
176.34,525.75,1,29.950000000000273
176.14,526.425,1,29.952000000000226
176.26,526.5,1,29.95400000000018
176.14,526.425,1,29.95600000000013
176.1,526.6875,1,29.958000000000084
176.26,526.0125,1,29.960000000000036
176.38,526.7249999999999,1,29.96199999999999
176.42,526.1625,1,29.963999999999942
175.98000000000002,526.95,1,29.96600000000035
176.45999999999998,526.6875,1,29.968000000000302
176.22,526.875,1,29.970000000000255
176.1,527.25,1,29.972000000000207
175.98000000000002,526.875,1,29.97400000000016
176.58,527.1375,1,29.976000000000113
176.46,527.475,1,29.978000000000065
175.82,527.625,1,29.980000000000018
176.02,527.025,1,29.98199999999997
176.33999999999997,527.0625,1,29.983999999999924
176.42000000000002,526.95,1,29.98600000000033
176.26,527.2125,1,29.988000000000284
177.3,527.4,1,29.990000000000236
179.94,527.8875,1,29.99200000000019
182.57999999999998,527.8875,1,29.994000000000142
186.34,528.075,1,29.996000000000095
191.22,528.45,1,29.998000000000047
196.22,528.4875,1,30.0
201.86,529.35,1,30.001999999999953
206.98000000000002,529.3875,1,30.003999999999905
210.57999999999998,529.8,1,30.006000000000313
213.9,529.9125,1,30.008000000000266
216.26,530.4000000000001,1,30.01000000000022
217.66000000000003,529.9125,1,30.01200000000017
218.46,529.2375,1,30.014000000000124
219.14,529.125,1,30.016000000000076
219.3,529.2,1,30.01800000000003
220.06,529.1625,1,30.019999999999982
220.46,529.7625,1,30.021999999999935
220.34,529.95,1,30.024000000000342
219.5,530.625,1,30.026000000000295
220.18,530.175,1,30.028000000000247
219.86,530.2125,1,30.0300000000002
219.33999999999997,530.5875000000001,1,30.032000000000153
220.01999999999998,530.7,1,30.034000000000106
219.62,530.0999999999999,1,30.036000000000058
219.98000000000002,530.5875,1,30.03800000000001
220.01999999999998,531.4875,1,30.039999999999964
219.86,531.1875,1,30.041999999999916
220.3,530.9625000000001,1,30.044000000000324
220.38,531.525,1,30.046000000000276
220.18,531.45,1,30.04800000000023
220.66,531.8625,1,30.050000000000182
220.5,530.85,1,30.052000000000135
220.5,531.1500000000001,1,30.054000000000087
220.3,531.9000000000001,1,30.05600000000004
220.5,531.5250000000001,1,30.057999999999993
220.86,530.8499999999999,1,30.059999999999945
220.3,531.3375,1,30.061999999999898
220.5,530.5875000000001,1,30.064000000000306
220.86,530.325,1,30.06600000000026
220.94,530.475,1,30.06800000000021
221.18,530.7375,1,30.070000000000164
221.06,530.1375,1,30.072000000000116
220.74,530.7375,1,30.07400000000007
220.7,531.15,1,30.076000000000022
220.5,531.375,1,30.077999999999975
220.74,530.0999999999999,1,30.079999999999927
220.66,530.6625,1,30.082000000000335
220.5,530.4375,1,30.084000000000287
220.5,529.9125,1,30.08600000000024
220.34,529.95,1,30.088000000000193
220.5,530.2874999999999,1,30.090000000000146
220.82,529.5,1,30.0920000000001
220.38,530.1,1,30.09400000000005
220.33999999999997,529.4625000000001,1,30.096000000000004
220.42,530.175,1,30.097999999999956
220.42000000000002,529.4625,1,30.09999999999991
220.45999999999998,529.5,1,30.102000000000317
220.54000000000002,529.1625,1,30.10400000000027
220.14,529.3125,1,30.106000000000222
219.9,529.8375000000001,1,30.108000000000175
220.3,529.3875,1,30.110000000000127
220.54000000000002,529.1625,1,30.11200000000008
220.62,530.025,1,30.114000000000033
220.74,530.3625,1,30.115999999999985
220.18,529.4625000000001,1,30.117999999999938
220.14,529.425,1,30.120000000000346
219.98000000000002,530.2875,1,30.1220000000003
220.18,529.6125,1,30.12400000000025
219.74,530.325,1,30.126000000000204
219.98000000000002,530.4749999999999,1,30.128000000000156
219.78,530.4375,1,30.13000000000011
219.5,529.4625,1,30.132000000000062
220.06,529.1625,1,30.134000000000015
220.01999999999998,529.65,1,30.135999999999967
219.86,530.25,1,30.13799999999992
219.94,529.95,1,30.140000000000327
219.82,529.8,1,30.14200000000028
220.01999999999998,529.5374999999999,1,30.144000000000233
219.54000000000002,529.6875,1,30.146000000000186
220.57999999999998,530.325,1,30.14800000000014
219.78,529.8375000000001,1,30.15000000000009
220.3,529.6875,1,30.152000000000044
219.86,530.25,1,30.153999999999996
219.54,529.425,1,30.15599999999995
219.46,530.475,1,30.1579999999999
219.34,530.1,1,30.16000000000031
219.01999999999998,529.95,1,30.162000000000262
219.02,529.6875,1,30.164000000000215
218.89999999999998,529.7625,1,30.166000000000167
219.42000000000002,530.4,1,30.16800000000012
219.45999999999998,530.7,1,30.170000000000073
219.22,529.9875,1,30.172000000000025
219.26,530.0999999999999,1,30.173999999999978
218.78,530.3625,1,30.17599999999993
219.54,530.625,1,30.17800000000034
218.94,529.275,1,30.18000000000029
219.18,531.375,1,30.182000000000244
219.14,530.0625,1,30.184000000000196
218.9,530.175,1,30.18600000000015
219.45999999999998,529.95,1,30.188000000000102
219.18,531.075,1,30.190000000000055
219.54000000000002,530.9625000000001,1,30.192000000000007
219.57999999999998,529.95,1,30.19399999999996
219.45999999999998,531.675,1,30.195999999999913
219.26,531.2625,1,30.19800000000032
219.45999999999998,529.7249999999999,1,30.200000000000273
219.78,530.9625,1,30.202000000000226
219.10000000000002,530.775,1,30.20400000000018
219.62,530.7375,1,30.20600000000013
218.86,531.75,1,30.208000000000084
219.01999999999998,531.6375,1,30.210000000000036
219.06,530.7375,1,30.21199999999999
219.3,531.075,1,30.213999999999942
219.3,531.375,1,30.21600000000035
218.89999999999998,531.4125,1,30.218000000000302
219.18,530.7,1,30.220000000000255
219.42000000000002,531.375,1,30.222000000000207
219.18,530.775,1,30.22400000000016
219.45999999999998,530.7,1,30.226000000000113
219.14,531.7125000000001,1,30.228000000000065
219.06,530.8875,1,30.230000000000018
219.01999999999998,531.5625,1,30.23199999999997
219.3,531.45,1,30.233999999999924
218.66,530.8875,1,30.23600000000033
219.26,531.1125,1,30.238000000000284
219.98000000000002,530.8875,1,30.240000000000236
219.18,530.55,1,30.24200000000019
219.14,531.0374999999999,1,30.244000000000142
219.26,531.2249999999999,1,30.246000000000095
219.14,530.625,1,30.248000000000047
218.9,531.1875,1,30.25
219.38,529.6125,1,30.251999999999953
219.06,530.325,1,30.253999999999905
219.38,530.5875000000001,1,30.256000000000313
218.82,530.25,1,30.258000000000266
219.01999999999998,529.9875,1,30.26000000000022
219.22,530.325,1,30.26200000000017
218.9,529.8,1,30.264000000000124
218.78,530.0250000000001,1,30.266000000000076
218.86,529.9124999999999,1,30.26800000000003
218.94,530.175,1,30.269999999999982
219.06,530.0625,1,30.271999999999935
219.1,530.2875,1,30.274000000000342
218.57999999999998,529.8375000000001,1,30.276000000000295
218.78,529.9875,1,30.278000000000247
218.74,530.4375,1,30.2800000000002
218.74,530.2125,1,30.282000000000153
219.06,530.175,1,30.284000000000106
219.14,530.625,1,30.286000000000058
219.14,529.8375000000001,1,30.28800000000001
218.94,530.4375,1,30.289999999999964
219.10000000000002,530.55,1,30.291999999999916
219.06,530.625,1,30.294000000000324
219.18,530.175,1,30.296000000000276
218.82,530.325,1,30.29800000000023
218.78,530.3625,1,30.300000000000182
218.9,530.325,1,30.302000000000135
218.98,529.9875,1,30.304000000000087
219.18,530.4375,1,30.30600000000004
218.94,530.3625,1,30.307999999999993
219.1,529.7625,1,30.309999999999945
218.9,530.9625,1,30.311999999999898
218.74,530.6625,1,30.314000000000306
219.3,530.25,1,30.31600000000026
219.38,530.85,1,30.31800000000021
219.06,530.4375,1,30.320000000000164
219.14,530.5125,1,30.322000000000116
218.89999999999998,530.325,1,30.32400000000007
219.01999999999998,530.2125000000001,1,30.326000000000022
218.82,530.5125,1,30.327999999999975
218.57999999999998,530.2125,1,30.329999999999927
219.22,530.8875,1,30.332000000000335
218.57999999999998,529.9125,1,30.334000000000287
218.78,529.8,1,30.33600000000024
219.38,529.875,1,30.338000000000193
218.98000000000002,530.7,1,30.340000000000146
218.94,530.8125,1,30.3420000000001
218.82,530.475,1,30.34400000000005
218.86,530.7750000000001,1,30.346000000000004
219.7,529.875,1,30.347999999999956
220.06,529.35,1,30.34999999999991
221.66,528.9375,1,30.352000000000317
223.66,528.6375,1,30.35400000000027
225.74,528.2625,1,30.356000000000222
227.26,526.8375000000001,1,30.358000000000175
228.89999999999998,525.1875,1,30.360000000000127
229.78,524.9625,1,30.36200000000008
230.89999999999998,524.0250000000001,1,30.364000000000033
231.82,523.3499999999999,1,30.365999999999985
233.57999999999998,522.5250000000001,1,30.367999999999938
234.22,522.1875,1,30.370000000000346
235.42000000000002,520.65,1,30.3720000000003
235.26,519.4875,1,30.37400000000025
235.14,520.5375,1,30.376000000000204
234.38,520.0125,1,30.378000000000156
233.94,520.575,1,30.38000000000011
233.3,521.2125,1,30.382000000000062
233.7,521.775,1,30.384000000000015
233.46,522.45,1,30.385999999999967
233.1,521.8125,1,30.38799999999992
232.94,522.1875,1,30.390000000000327
232.66,521.0625,1,30.39200000000028
233.01999999999998,521.7375,1,30.394000000000233
233.06,520.9125,1,30.396000000000186
232.86,521.8125,1,30.39800000000014
233.26,521.3625,1,30.40000000000009
232.78,521.0999999999999,1,30.402000000000044
232.26,521.25,1,30.403999999999996
232.3,521.7375,1,30.40599999999995
232.34,521.55,1,30.4079999999999
232.14,521.2875,1,30.41000000000031
232.78,522.2625,1,30.412000000000262
232.46,521.625,1,30.414000000000215
232.14,521.5125,1,30.416000000000167
232.18,521.8125,1,30.41800000000012
232.10000000000002,521.55,1,30.420000000000073
232.58,521.8875,1,30.422000000000025
232.34,521.0625,1,30.423999999999978
232.38,521.85,1,30.42599999999993
232.46,520.7625,1,30.42800000000034
232.42000000000002,520.6500000000001,1,30.43000000000029
232.06,521.1,1,30.432000000000244
232.18,520.6125,1,30.434000000000196
232.78,520.7625,1,30.43600000000015
232.38,519.825,1,30.438000000000102
232.54,520.2,1,30.440000000000055
232.62,519.975,1,30.442000000000007
232.06,519.4875,1,30.44399999999996
232.46,520.2375,1,30.445999999999913
232.38,519.7125,1,30.44800000000032
232.34,519.075,1,30.450000000000273
232.45999999999998,519.7125,1,30.452000000000226
232.22,519.375,1,30.45400000000018
231.82,518.5875,1,30.45600000000013
232.54000000000002,519.075,1,30.458000000000084
232.42000000000002,518.475,1,30.460000000000036
232.18,518.85,1,30.46199999999999
231.78,518.0999999999999,1,30.463999999999942
232.02,518.25,1,30.46600000000035
232.06,518.2874999999999,1,30.468000000000302
232.26,517.6125,1,30.470000000000255
233.5,517.3125,1,30.472000000000207
235.5,515.325,1,30.47400000000016
238.74,511.3125,1,30.476000000000113
245.1,506.40000000000003,1,30.478000000000065
250.94,500.25,1,30.480000000000018
259.26,495.0,1,30.48199999999997
268.98,486.9,1,30.483999999999924
278.86,480.075,1,30.48600000000033
288.41999999999996,473.88750000000005,1,30.488000000000284
297.1,467.73749999999995,1,30.490000000000236
304.86,463.3125,1,30.49200000000019
312.9,457.5,1,30.494000000000142
320.78,450.26250000000005,1,30.496000000000095
328.62,443.32500000000005,1,30.498000000000047
336.06,439.875,1,30.5
341.86,433.9125,1,30.501999999999953
346.58,427.5,1,30.503999999999905
350.74,419.1,1,30.506000000000313
354.53999999999996,413.1,1,30.508000000000266
356.98,409.05,1,30.51000000000022
358.14,406.95,1,30.51200000000017
359.38,405.3375,1,30.514000000000124
359.94,403.95000000000005,1,30.516000000000076
359.78,403.6875,1,30.51800000000003
359.78,403.6875,1,30.519999999999982
359.82,403.3125,1,30.521999999999935
359.5,403.0875,1,30.524000000000342
358.98,403.5,1,30.526000000000295
358.78,403.425,1,30.528000000000247
358.78,402.9375,1,30.5300000000002
358.78,402.45000000000005,1,30.532000000000153
358.62,402.3375,1,30.534000000000106
358.70000000000005,401.88750000000005,1,30.536000000000058
358.22,401.4,1,30.53800000000001
358.29999999999995,401.025,1,30.539999999999964
357.98,400.6125,1,30.541999999999916
358.02,400.79999999999995,1,30.544000000000324
357.94000000000005,400.2375,1,30.546000000000276
357.98,400.3875,1,30.54800000000023
357.62,400.35,1,30.550000000000182
357.7,399.6375,1,30.552000000000135
357.62,399.4125,1,30.554000000000087
357.18,399.15,1,30.55600000000004
356.82,399.0375,1,30.557999999999993
357.1,397.8375,1,30.559999999999945
356.98,398.025,1,30.561999999999898
356.70000000000005,397.5375,1,30.564000000000306
356.41999999999996,397.5,1,30.56600000000026
356.34000000000003,397.0125,1,30.56800000000021
356.34000000000003,396.7875,1,30.570000000000164
356.06,397.2375,1,30.572000000000116
355.74,396.4875,1,30.57400000000007
355.9,395.925,1,30.576000000000022
355.78,395.475,1,30.577999999999975
356.17999999999995,394.6125,1,30.579999999999927
355.74,395.2125,1,30.582000000000335
356.14,394.125,1,30.584000000000287
356.7,395.1,1,30.58600000000024
356.65999999999997,393.8625,1,30.588000000000193
356.38,394.04999999999995,1,30.590000000000146
356.53999999999996,394.575,1,30.5920000000001
356.9,393.5625,1,30.59400000000005
356.74,393.525,1,30.596000000000004
356.42,393.375,1,30.597999999999956
356.38,392.8875,1,30.59999999999991
356.62,393.1125,1,30.602000000000317
356.02,392.5875,1,30.60400000000027
356.46,392.775,1,30.606000000000222
356.65999999999997,392.325,1,30.608000000000175
356.3,392.025,1,30.610000000000127
356.54,391.575,1,30.61200000000008
356.46000000000004,392.1,1,30.614000000000033
356.62,391.6875,1,30.615999999999985
356.74,391.0125,1,30.617999999999938
356.26,390.9,1,30.620000000000346
356.86,391.425,1,30.6220000000003
356.58,389.85,1,30.62400000000025
356.3,390.75,1,30.626000000000204
356.38,390.0375,1,30.628000000000156
355.78,390.26250000000005,1,30.63000000000011
356.34000000000003,388.9875,1,30.632000000000062
356.06,389.13750000000005,1,30.634000000000015
355.86,388.8375,1,30.635999999999967
356.26,388.725,1,30.63799999999992
356.38,387.6,1,30.640000000000327
356.14,387.7875,1,30.64200000000028
356.38,387.675,1,30.644000000000233
356.22,387.975,1,30.646000000000186
356.14,387.4875,1,30.64800000000014
356.58,387.67499999999995,1,30.65000000000009
356.65999999999997,387.3,1,30.652000000000044
356.06,387.75,1,30.653999999999996
356.42,387.4125,1,30.65599999999995
356.38,387.26250000000005,1,30.6579999999999
356.3,387.3375,1,30.66000000000031
355.98,386.85,1,30.662000000000262
356.26,386.92499999999995,1,30.664000000000215
355.98,386.5125,1,30.666000000000167
356.06,387.2625,1,30.66800000000012
356.34000000000003,387.525,1,30.670000000000073
355.86,387.1125,1,30.672000000000025
355.7,387.9,1,30.673999999999978
355.9,387.1125,1,30.67599999999993
355.53999999999996,387.4125,1,30.67800000000034
355.78,387.15,1,30.68000000000029
356.06,387.225,1,30.682000000000244
356.1,387.15,1,30.684000000000196
355.82,386.775,1,30.68600000000015
355.65999999999997,386.775,1,30.688000000000102
355.65999999999997,387.3,1,30.690000000000055
355.34000000000003,387.1125,1,30.692000000000007
356.1,386.4375,1,30.69399999999996
355.58000000000004,386.2125,1,30.695999999999913
355.46000000000004,385.9125,1,30.69800000000032
355.74,386.625,1,30.700000000000273
355.62,385.6875,1,30.702000000000226
355.94,386.2125,1,30.70400000000018
355.9,386.025,1,30.70600000000013
355.62,384.825,1,30.708000000000084
355.65999999999997,385.3125,1,30.710000000000036
355.65999999999997,385.35,1,30.71199999999999
355.38,385.125,1,30.713999999999942
355.22,385.275,1,30.71600000000035
355.74,385.2,1,30.718000000000302
355.7,383.1,1,30.720000000000255
356.06,382.125,1,30.722000000000207
356.42,378.8625,1,30.72400000000016
358.06,372.525,1,30.726000000000113
359.06,365.5875,1,30.728000000000065
360.26,361.2,1,30.730000000000018
360.94,354.825,1,30.73199999999997
361.29999999999995,349.95000000000005,1,30.733999999999924
362.62,346.6875,1,30.73600000000033
363.14,343.7625,1,30.738000000000284
364.38,341.4,1,30.740000000000236
364.22,340.6875,1,30.74200000000019
365.29999999999995,338.9625,1,30.744000000000142
365.78,338.13750000000005,1,30.746000000000095
365.14,336.75,1,30.748000000000047
365.1,336.1875,1,30.75
365.70000000000005,336.225,1,30.751999999999953
365.94,335.9625,1,30.753999999999905
365.82,335.8125,1,30.756000000000313
365.65999999999997,336.1125,1,30.758000000000266
365.9,336.2625,1,30.76000000000022
365.65999999999997,336.525,1,30.76200000000017
365.86,336.4125,1,30.764000000000124
366.06,336.2625,1,30.766000000000076
365.98,335.55,1,30.76800000000003
366.29999999999995,335.85,1,30.769999999999982
366.46000000000004,335.6625,1,30.771999999999935
366.53999999999996,334.725,1,30.774000000000342
366.7,335.9625,1,30.776000000000295
366.70000000000005,336.4125,1,30.778000000000247
366.38,335.1375,1,30.7800000000002
366.22,335.2875,1,30.782000000000153
366.46000000000004,335.85,1,30.784000000000106
366.26,334.8375,1,30.786000000000058
366.5,335.3625,1,30.78800000000001
366.34000000000003,334.95,1,30.789999999999964
366.62,334.6875,1,30.791999999999916
366.65999999999997,334.5,1,30.794000000000324
366.70000000000005,334.38750000000005,1,30.796000000000276
366.86,334.05,1,30.79800000000023
367.14,334.1625,1,30.800000000000182
367.22,333.7875,1,30.802000000000135
367.38,334.3125,1,30.804000000000087
367.3,334.0875,1,30.80600000000004
366.98,333.7875,1,30.807999999999993
367.1,333.525,1,30.809999999999945
367.38,333.6,1,30.811999999999898
367.38,333.0375,1,30.814000000000306
367.5,333.63750000000005,1,30.81600000000026
367.14,332.85,1,30.81800000000021
367.1,332.92499999999995,1,30.820000000000164
367.22,333.225,1,30.822000000000116
367.22,332.73749999999995,1,30.82400000000007
367.02,333.3375,1,30.826000000000022
367.06,332.7,1,30.827999999999975
366.9,333.0,1,30.829999999999927
367.06,332.2875,1,30.832000000000335
366.58,332.4375,1,30.834000000000287
366.98,332.025,1,30.83600000000024
367.34000000000003,332.54999999999995,1,30.838000000000193
366.82000000000005,331.9125,1,30.840000000000146
366.26,331.5375,1,30.8420000000001
366.46000000000004,331.725,1,30.84400000000005
366.9,331.05,1,30.846000000000004
366.22,332.36249999999995,1,30.847999999999956
366.41999999999996,332.25,1,30.84999999999991
366.18,331.0875,1,30.852000000000317
366.22,330.5625,1,30.85400000000027
365.65999999999997,331.0875,1,30.856000000000222
365.78,330.67499999999995,1,30.858000000000175
365.94,330.11249999999995,1,30.860000000000127
365.53999999999996,329.92499999999995,1,30.86200000000008
365.26,330.5625,1,30.864000000000033
365.62,330.45000000000005,1,30.865999999999985
365.34000000000003,329.8875,1,30.867999999999938
364.94,330.15,1,30.870000000000346
364.86,330.07500000000005,1,30.8720000000003
365.02,329.6625,1,30.87400000000025
365.14,329.54999999999995,1,30.876000000000204
365.06,329.85,1,30.878000000000156
364.65999999999997,330.1875,1,30.88000000000011
364.7,329.36249999999995,1,30.882000000000062
364.41999999999996,329.2125,1,30.884000000000015
364.94,329.36249999999995,1,30.885999999999967
364.86,328.7625,1,30.88799999999992
364.58000000000004,329.2125,1,30.890000000000327
364.9,329.2875,1,30.89200000000028
364.86,329.17499999999995,1,30.894000000000233
365.02,328.5,1,30.896000000000186
364.86,328.5,1,30.89800000000014
364.65999999999997,328.725,1,30.90000000000009
364.38,328.0875,1,30.902000000000044
364.41999999999996,328.125,1,30.903999999999996
364.58000000000004,327.9375,1,30.90599999999995
364.58,327.9375,1,30.9079999999999
364.46000000000004,327.29999999999995,1,30.91000000000031
364.82,327.975,1,30.912000000000262
365.06,328.01250000000005,1,30.914000000000215
364.38,327.45,1,30.916000000000167
364.22,327.4875,1,30.91800000000012
364.78,328.23749999999995,1,30.920000000000073
364.7,328.01250000000005,1,30.922000000000025
364.62,327.6,1,30.923999999999978
364.9,328.5375,1,30.92599999999993
364.34000000000003,328.04999999999995,1,30.92800000000034
365.18,328.42499999999995,1,30.93000000000029
364.82000000000005,328.3125,1,30.932000000000244
364.65999999999997,328.8375,1,30.934000000000196
364.53999999999996,327.7125,1,30.93600000000015
365.1,328.425,1,30.938000000000102
365.1,327.8625,1,30.940000000000055
366.34000000000003,325.3125,1,30.942000000000007
368.78,320.1,1,30.94399999999996
372.14,313.125,1,30.945999999999913
375.38,304.4625,1,30.94800000000032
381.86,294.15,1,30.950000000000273
386.3,284.175,1,30.952000000000226
390.26,273.4875,1,30.95400000000018
392.02,259.95,1,30.95600000000013
395.53999999999996,249.9375,1,30.958000000000084
398.02,240.825,1,30.960000000000036
402.82,226.46249999999998,1,30.96199999999999
406.58,217.8,1,30.963999999999942
409.41999999999996,211.53750000000002,1,30.96600000000035
411.86,202.05,1,30.968000000000302
414.26,189.975,1,30.970000000000255
416.14,180.1875,1,30.972000000000207
417.94,168.8625,1,30.97400000000016
419.82,157.65,1,30.976000000000113
419.29999999999995,150.675,1,30.978000000000065
420.7,144.4875,1,30.980000000000018
420.38,135.3375,1,30.98199999999997
421.9,126.375,1,30.983999999999924
421.82,121.3125,1,30.98600000000033
422.65999999999997,118.0125,1,30.988000000000284
422.18,115.0875,1,30.990000000000236
422.86,114.30000000000001,1,30.99200000000019
422.18,114.11250000000001,1,30.994000000000142
422.26,114.75,1,30.996000000000095
422.38,113.85,1,30.998000000000047
423.06,114.7875,1,31.0
423.46,113.6625,1,31.001999999999953
423.02,113.025,1,31.003999999999905
423.1,113.25,1,31.006000000000313
422.65999999999997,112.425,1,31.008000000000266
422.41999999999996,112.425,1,31.01000000000022
422.58000000000004,112.575,1,31.01200000000017
423.02,112.65,1,31.014000000000124
423.1,112.9125,1,31.016000000000076
422.86,112.7625,1,31.01800000000003
422.86,112.5375,1,31.019999999999982
423.14,112.9875,1,31.021999999999935
423.14,112.6875,1,31.024000000000342
422.9,112.575,1,31.026000000000295
423.02,112.575,1,31.028000000000247
423.5,113.13749999999999,1,31.0300000000002
423.46000000000004,112.725,1,31.032000000000153
423.34000000000003,112.275,1,31.034000000000106
423.65999999999997,112.3875,1,31.036000000000058
423.86,111.15,1,31.03800000000001
423.62,111.4125,1,31.039999999999964
424.46,111.0375,1,31.041999999999916
423.5,110.6625,1,31.044000000000324
424.1,110.25,1,31.046000000000276
423.65999999999997,109.425,1,31.04800000000023
423.34000000000003,109.2375,1,31.050000000000182
423.22,109.94999999999999,1,31.052000000000135
422.98,108.26249999999999,1,31.054000000000087
423.94,108.5625,1,31.05600000000004
423.53999999999996,108.45,1,31.057999999999993
423.34000000000003,108.225,1,31.059999999999945
423.3,107.92500000000001,1,31.061999999999898
423.17999999999995,108.11250000000001,1,31.064000000000306
423.65999999999997,108.375,1,31.06600000000026
422.98,108.525,1,31.06800000000021
422.38,107.7,1,31.070000000000164
423.02,108.1875,1,31.072000000000116
422.5,107.4,1,31.07400000000007
422.78,107.88749999999999,1,31.076000000000022
422.62,107.025,1,31.077999999999975
422.86,107.1,1,31.079999999999927
422.5,107.5875,1,31.082000000000335
422.53999999999996,106.7625,1,31.084000000000287
422.86,106.875,1,31.08600000000024
422.65999999999997,107.175,1,31.088000000000193
423.18,106.5,1,31.090000000000146
422.62,106.125,1,31.0920000000001
422.82,106.8,1,31.09400000000005
423.18,105.26249999999999,1,31.096000000000004
422.62,105.5625,1,31.097999999999956
422.78,105.525,1,31.09999999999991
422.65999999999997,104.8875,1,31.102000000000317
422.53999999999996,105.5625,1,31.10400000000027
422.34000000000003,105.26249999999999,1,31.106000000000222
422.66,105.26249999999999,1,31.108000000000175
422.62,105.30000000000001,1,31.110000000000127
422.34000000000003,105.0,1,31.11200000000008
422.46000000000004,106.0875,1,31.114000000000033
422.94,105.15,1,31.115999999999985
422.22,105.75,1,31.117999999999938
422.5,105.675,1,31.120000000000346
422.82000000000005,105.26249999999999,1,31.1220000000003
422.74,105.675,1,31.12400000000025
422.94,105.675,1,31.126000000000204
423.18,106.1625,1,31.128000000000156
423.06,106.35,1,31.13000000000011
422.86,106.0875,1,31.132000000000062
423.06,105.3375,1,31.134000000000015
422.5,105.675,1,31.135999999999967
422.94,105.7875,1,31.13799999999992
424.02,105.675,1,31.140000000000327
423.14,105.9375,1,31.14200000000028
423.65999999999997,105.525,1,31.144000000000233
422.9,105.6,1,31.146000000000186
423.02,104.92500000000001,1,31.14800000000014
423.22,104.8875,1,31.15000000000009
423.3,104.55000000000001,1,31.152000000000044
422.86,104.1,1,31.153999999999996
422.74,103.80000000000001,1,31.15599999999995
423.02,104.475,1,31.1579999999999
422.66,103.9125,1,31.16000000000031
422.38,102.525,1,31.162000000000262
421.86,102.8625,1,31.164000000000215
421.94,102.975,1,31.166000000000167
421.5,102.75,1,31.16800000000012
421.62,101.925,1,31.170000000000073
420.98,102.30000000000001,1,31.172000000000025
420.86,102.0375,1,31.173999999999978
420.3,101.5875,1,31.17599999999993
420.5,101.4,1,31.17800000000034
419.9,101.1,1,31.18000000000029
419.41999999999996,101.25,1,31.182000000000244
418.74,101.1,1,31.184000000000196
419.58,100.875,1,31.18600000000015
418.42,100.0875,1,31.188000000000102
418.74,100.6125,1,31.190000000000055
418.58000000000004,100.8375,1,31.192000000000007
418.74,100.9875,1,31.19399999999996
418.34000000000003,100.3875,1,31.195999999999913
418.46000000000004,100.42500000000001,1,31.19800000000032
418.38,100.94999999999999,1,31.200000000000273
417.94,100.875,1,31.202000000000226
418.46000000000004,101.0625,1,31.20400000000018
418.26,101.325,1,31.20600000000013
417.5,102.15,1,31.208000000000084
417.94,101.85,1,31.210000000000036
418.5,102.3,1,31.21199999999999
418.46,102.3,1,31.213999999999942
418.62,102.7125,1,31.21600000000035
418.22,102.675,1,31.218000000000302
418.26,102.0,1,31.220000000000255
418.3,102.3375,1,31.222000000000207
418.78,103.275,1,31.22400000000016
418.62,102.525,1,31.226000000000113
418.7,102.4125,1,31.228000000000065
418.66,103.5,1,31.230000000000018
418.58000000000004,103.05000000000001,1,31.23199999999997
419.1,102.86250000000001,1,31.233999999999924
418.82,102.82499999999999,1,31.23600000000033
418.86,102.7875,1,31.238000000000284
419.46,103.875,1,31.240000000000236
419.06,104.325,1,31.24200000000019
419.46000000000004,103.2,1,31.244000000000142
419.62,103.7625,1,31.246000000000095
419.54,102.5625,1,31.248000000000047
419.74,102.3375,1,31.25
419.53999999999996,103.3125,1,31.251999999999953
420.62,102.4125,1,31.253999999999905
419.7,102.26249999999999,1,31.256000000000313
419.86,102.15,1,31.258000000000266
420.22,102.26249999999999,1,31.26000000000022
420.65999999999997,101.8875,1,31.26200000000017
420.3,101.775,1,31.264000000000124
419.98,103.01249999999999,1,31.266000000000076
420.38,101.925,1,31.26800000000003
420.65999999999997,101.4375,1,31.269999999999982
420.53999999999996,100.95,1,31.271999999999935
420.5,100.57499999999999,1,31.274000000000342
420.65999999999997,101.88749999999999,1,31.276000000000295
420.54,102.6,1,31.278000000000247
421.02,101.92500000000001,1,31.2800000000002
420.78,102.525,1,31.282000000000153
421.06,101.17500000000001,1,31.284000000000106
421.29999999999995,101.51249999999999,1,31.286000000000058
421.26,102.86250000000001,1,31.28800000000001
421.5,101.2875,1,31.289999999999964
421.41999999999996,101.775,1,31.291999999999916
421.78,102.9,1,31.294000000000324
421.5,101.6625,1,31.296000000000276
421.86,102.0,1,31.29800000000023
421.26,101.475,1,31.300000000000182
421.3,102.82499999999999,1,31.302000000000135
421.34000000000003,102.75,1,31.304000000000087
421.62,102.225,1,31.30600000000004
421.53999999999996,102.15,1,31.307999999999993
420.9,102.11250000000001,1,31.309999999999945
421.46000000000004,102.5625,1,31.311999999999898
421.5,101.775,1,31.314000000000306
421.7,101.51249999999999,1,31.31600000000026
420.94,101.175,1,31.31800000000021
421.74,101.0625,1,31.320000000000164
421.14,100.2,1,31.322000000000116
421.58000000000004,100.3125,1,31.32400000000007
421.22,100.0875,1,31.326000000000022
421.22,100.0875,1,31.327999999999975
420.74,99.44999999999999,1,31.329999999999927
420.17999999999995,99.67500000000001,1,31.332000000000335
421.02,98.9625,1,31.334000000000287
420.41999999999996,99.0,1,31.33600000000024
421.02,99.1875,1,31.338000000000193
419.98,98.51249999999999,1,31.340000000000146
420.02,98.625,1,31.3420000000001
419.94,99.15,1,31.34400000000005
420.02,99.0,1,31.346000000000004
420.02,98.775,1,31.347999999999956
419.78,98.1,1,31.34999999999991
420.26,98.2125,1,31.352000000000317
419.65999999999997,97.9875,1,31.35400000000027
419.41999999999996,97.5375,1,31.356000000000222
419.42,98.025,1,31.358000000000175
419.42,97.725,1,31.360000000000127
419.82,97.8,1,31.36200000000008
419.78,97.98750000000001,1,31.364000000000033
419.26,98.025,1,31.365999999999985
419.7,98.925,1,31.367999999999938
419.3,98.475,1,31.370000000000346
419.1,99.1875,1,31.3720000000003
419.14,99.0375,1,31.37400000000025
418.78,98.9625,1,31.376000000000204
418.34000000000003,98.73750000000001,1,31.378000000000156
418.82,99.07499999999999,1,31.38000000000011
418.78,99.0,1,31.382000000000062
419.62,100.05000000000001,1,31.384000000000015
418.53999999999996,99.9,1,31.385999999999967
419.38,100.2,1,31.38799999999992
418.66,99.82499999999999,1,31.390000000000327
418.18,99.7125,1,31.39200000000028
418.38,100.5,1,31.394000000000233
417.98,100.6875,1,31.396000000000186
418.62,100.8375,1,31.39800000000014
418.22,99.1875,1,31.40000000000009
418.1,99.4125,1,31.402000000000044
417.74,99.0,1,31.403999999999996
418.05999999999995,99.63749999999999,1,31.40599999999995
417.86,99.4125,1,31.4079999999999
417.74,98.92500000000001,1,31.41000000000031
417.53999999999996,98.3625,1,31.412000000000262
417.98,98.2125,1,31.414000000000215
417.38,97.875,1,31.416000000000167
417.41999999999996,97.8,1,31.41800000000012
417.74,96.15,1,31.420000000000073
417.26,96.2625,1,31.422000000000025
417.06,95.8125,1,31.423999999999978
417.53999999999996,95.73750000000001,1,31.42599999999993
417.22,95.2125,1,31.42800000000034
417.22,94.76249999999999,1,31.43000000000029
417.3,95.1375,1,31.432000000000244
416.98,95.0625,1,31.434000000000196
417.53999999999996,94.5375,1,31.43600000000015
417.66,94.95,1,31.438000000000102
417.06,94.6125,1,31.440000000000055
416.98,94.1625,1,31.442000000000007
417.1,95.775,1,31.44399999999996
417.9,95.8125,1,31.445999999999913
417.1,95.4,1,31.44800000000032
417.5,96.15,1,31.450000000000273
416.98,95.5125,1,31.452000000000226
417.54,96.15,1,31.45400000000018
417.86,97.35,1,31.45600000000013
417.74,98.1375,1,31.458000000000084
417.78,97.125,1,31.460000000000036
417.54,98.175,1,31.46199999999999
418.18,99.975,1,31.463999999999942
417.94,100.275,1,31.46600000000035
417.98,101.4375,1,31.468000000000302
417.74,101.4375,1,31.470000000000255
418.26,102.1875,1,31.472000000000207
417.9,101.8875,1,31.47400000000016
417.82,101.4,1,31.476000000000113
418.02,102.075,1,31.478000000000065
418.1,101.2125,1,31.480000000000018
417.74,101.7375,1,31.48199999999997
417.86,100.4625,1,31.483999999999924
418.58,100.125,1,31.48600000000033
417.7,101.325,1,31.488000000000284
418.26,100.4625,1,31.490000000000236
418.3,99.375,1,31.49200000000019
417.94,100.80000000000001,1,31.494000000000142
418.3,100.8375,1,31.496000000000095
418.18,99.975,1,31.498000000000047
418.06,99.8625,1,31.5
418.18,100.725,1,31.501999999999953
418.1,99.1875,1,31.503999999999905
418.06,100.35,1,31.506000000000313
418.5,100.35,1,31.508000000000266
418.5,100.2,1,31.51000000000022
418.9,100.1625,1,31.51200000000017
419.5,100.9125,1,31.514000000000124
420.74,101.8125,1,31.516000000000076
421.58,104.2875,1,31.51800000000003
424.78,106.4625,1,31.519999999999982
427.82000000000005,107.2875,1,31.521999999999935
431.46000000000004,109.275,1,31.524000000000342
434.06,111.7125,1,31.526000000000295
436.78,116.7,1,31.528000000000247
440.53999999999996,115.95,1,31.5300000000002
444.82000000000005,125.39999999999999,1,31.532000000000153
449.26,136.91250000000002,1,31.534000000000106
456.98,149.0625,1,31.536000000000058
460.7,161.9625,1,31.53800000000001
466.5,187.05,1,31.539999999999964
471.9,217.725,1,31.541999999999916
475.74,243.975,1,31.544000000000324
477.78,273.825,1,31.546000000000276
483.14,300.525,1,31.54800000000023
485.58,327.07500000000005,1,31.550000000000182
484.24260869565217,342.2331521739131,0,31.552000000000135
482.90521739130435,357.3913043478261,0,31.554000000000087
481.56782608695653,372.54945652173916,0,31.55600000000004
480.23043478260865,387.70760869565225,0,31.557999999999993
478.8930434782608,402.86576086956524,0,31.559999999999945
477.555652173913,418.0239130434783,0,31.561999999999898
476.21826086956526,433.18206521739137,0,31.564000000000306
474.8808695652174,448.3402173913044,0,31.56600000000026
473.54347826086956,463.49836956521744,0,31.56800000000021
472.20608695652174,478.6565217391304,0,31.570000000000164
470.8686956521739,493.8146739130435,0,31.572000000000116
469.5313043478261,508.9728260869566,0,31.57400000000007
468.1939130434783,524.1309782608696,0,31.576000000000022
466.85652173913047,539.2891304347827,0,31.577999999999975
465.51913043478265,554.4472826086958,0,31.579999999999927
464.1817391304348,569.6054347826088,0,31.582000000000335
462.84434782608696,584.7635869565217,0,31.584000000000287
461.50695652173914,599.9217391304348,0,31.58600000000024
460.1695652173913,615.0798913043479,0,31.588000000000193
458.8321739130435,630.2380434782609,0,31.590000000000146
457.4947826086957,645.3961956521739,0,31.5920000000001
456.15739130434787,660.5543478260871,0,31.59400000000005
454.82000000000005,675.7125000000001,1,31.596000000000004
454.14,675.5250000000001,1,31.597999999999956
451.29999999999995,672.9,1,31.59999999999991
448.41999999999996,670.275,1,31.602000000000317
444.38,667.2,1,31.60400000000027
443.18,665.2125,1,31.606000000000222
440.06,661.9875,1,31.608000000000175
440.14,662.25,1,31.610000000000127
439.26,660.0,1,31.61200000000008
435.82,658.65,1,31.614000000000033
437.38,655.6125,1,31.615999999999985
434.14,650.8499999999999,1,31.617999999999938
432.1,648.8625,1,31.620000000000346
430.9,646.8375,1,31.6220000000003
430.46000000000004,643.4625,1,31.62400000000025
428.26,639.5625,1,31.626000000000204
427.65999999999997,639.2249999999999,1,31.628000000000156
426.5,634.7249999999999,1,31.63000000000011
426.5,631.5374999999999,1,31.632000000000062
425.3,628.6500000000001,1,31.634000000000015
425.38,623.1375,1,31.635999999999967
424.82,620.85,1,31.63799999999992
424.9,618.9749999999999,1,31.640000000000327
424.86,616.8,1,31.64200000000028
424.1,616.7625,1,31.644000000000233
424.34000000000003,616.2,1,31.646000000000186
424.06,615.1875,1,31.64800000000014
423.62,614.8875,1,31.65000000000009
423.86,615.7125,1,31.652000000000044
423.86,615.3,1,31.653999999999996
423.58000000000004,615.225,1,31.65599999999995
423.65999999999997,615.225,1,31.6579999999999
423.53999999999996,615.9375,1,31.66000000000031
423.9,616.2,1,31.662000000000262
423.82,616.0875,1,31.664000000000215
423.94,616.35,1,31.666000000000167
423.86,617.2125,1,31.66800000000012
423.78,617.5875000000001,1,31.670000000000073
423.9,618.9000000000001,1,31.672000000000025
423.65999999999997,618.075,1,31.673999999999978
424.02,619.3125,1,31.67599999999993
424.1,619.7249999999999,1,31.67800000000034
424.38,619.425,1,31.68000000000029
424.46000000000004,620.3625,1,31.682000000000244
424.1,620.4375,1,31.684000000000196
424.7,620.7,1,31.68600000000015
424.78,621.7875,1,31.688000000000102
424.94,622.7249999999999,1,31.690000000000055
424.94,621.9000000000001,1,31.692000000000007
425.53999999999996,621.75,1,31.69399999999996
425.7,622.95,1,31.695999999999913
424.98,622.9124999999999,1,31.69800000000032
424.78,621.9375,1,31.700000000000273
424.9,622.4625,1,31.702000000000226
424.86,622.7625,1,31.70400000000018
424.78,623.325,1,31.70600000000013
424.78,623.4,1,31.708000000000084
424.53999999999996,623.1375,1,31.710000000000036
424.42,623.7750000000001,1,31.71199999999999
424.3,622.95,1,31.713999999999942
424.62,623.4375,1,31.71600000000035
423.94000000000005,623.25,1,31.718000000000302
424.22,623.2875,1,31.720000000000255
424.1,622.9875,1,31.722000000000207
424.46,622.9125,1,31.72400000000016
424.34000000000003,622.125,1,31.726000000000113
424.53999999999996,621.525,1,31.728000000000065
424.22,622.5375,1,31.730000000000018
424.22,622.6125,1,31.73199999999997
424.22,622.575,1,31.733999999999924
424.06,622.6875,1,31.73600000000033
423.9,622.05,1,31.738000000000284
424.06,622.4625000000001,1,31.740000000000236
424.14,622.125,1,31.74200000000019
423.82,622.35,1,31.744000000000142
423.98,622.725,1,31.746000000000095
423.74,622.5375,1,31.748000000000047
423.74,622.9124999999999,1,31.75
423.74,622.875,1,31.751999999999953
423.86,622.9125,1,31.753999999999905
423.78,622.3875,1,31.756000000000313
423.98,622.3125,1,31.758000000000266
423.7,622.9124999999999,1,31.76000000000022
424.02,622.575,1,31.76200000000017
424.46000000000004,623.3625,1,31.764000000000124
423.9,622.425,1,31.766000000000076
424.17999999999995,622.8,1,31.76800000000003
423.86,623.5875000000001,1,31.769999999999982
423.94,623.7,1,31.771999999999935
423.86,623.5875000000001,1,31.774000000000342
424.3,623.7375,1,31.776000000000295
424.06,623.475,1,31.778000000000247
424.1,623.55,1,31.7800000000002
424.46000000000004,623.25,1,31.782000000000153
424.14,623.4375,1,31.784000000000106
424.34000000000003,624.0,1,31.786000000000058
424.34000000000003,623.2125,1,31.78800000000001
424.06,623.2874999999999,1,31.789999999999964
423.9,623.2875,1,31.791999999999916
424.5,622.6875,1,31.794000000000324
423.82,622.8375000000001,1,31.796000000000276
424.22,622.9124999999999,1,31.79800000000023
424.46000000000004,622.95,1,31.800000000000182
423.74,622.7625,1,31.802000000000135
423.94,622.2375,1,31.804000000000087
424.34000000000003,622.9875,1,31.80600000000004
423.94,622.875,1,31.807999999999993
424.46000000000004,621.6,1,31.809999999999945
424.38,622.05,1,31.811999999999898
424.5,622.2,1,31.814000000000306
424.38,622.2375,1,31.81600000000026
424.54,622.4625,1,31.81800000000021
424.46,622.2750000000001,1,31.820000000000164
424.41999999999996,621.9375,1,31.822000000000116
424.98,621.9375,1,31.82400000000007
424.82000000000005,621.8625,1,31.826000000000022
424.3,621.75,1,31.827999999999975
424.70000000000005,621.675,1,31.829999999999927
425.02,622.8375,1,31.832000000000335
424.58000000000004,622.1625,1,31.834000000000287
425.14,622.3875,1,31.83600000000024
424.82,623.2874999999999,1,31.838000000000193
425.02,622.6875,1,31.840000000000146
425.22,622.5375,1,31.8420000000001
424.82,622.0875,1,31.84400000000005
425.38,622.6875,1,31.846000000000004
424.86,622.6500000000001,1,31.847999999999956
425.14,622.875,1,31.84999999999991
425.26,623.5125,1,31.852000000000317
425.34000000000003,623.5125,1,31.85400000000027
425.65999999999997,623.625,1,31.856000000000222
425.58000000000004,623.7375,1,31.858000000000175
425.46000000000004,623.2125,1,31.860000000000127
425.38,622.5375,1,31.86200000000008
425.86,623.325,1,31.864000000000033
425.41999999999996,623.325,1,31.865999999999985
425.65999999999997,624.225,1,31.867999999999938
425.22,623.4375,1,31.870000000000346
426.02,624.1125,1,31.8720000000003
427.82,624.15,1,31.87400000000025
430.41999999999996,624.6375,1,31.876000000000204
436.14,624.4875,1,31.878000000000156
445.41999999999996,623.8875,1,31.88000000000011
455.62,622.425,1,31.882000000000062
469.53999999999996,620.4000000000001,1,31.884000000000015
481.86,619.2375,1,31.885999999999967
496.02,620.475,1,31.88799999999992
509.78,621.9375,1,31.890000000000327
523.1400000000001,621.5999999999999,1,31.89200000000028
536.4200000000001,621.4875,1,31.894000000000233
547.7,621.525,1,31.896000000000186
559.7,620.8125,1,31.89800000000014
570.86,620.6625,1,31.90000000000009
581.14,621.15,1,31.902000000000044
591.26,621.3,1,31.903999999999996
600.74,622.2,1,31.90599999999995
606.9,622.0125,1,31.9079999999999
611.3399999999999,620.9625,1,31.91000000000031
614.86,621.825,1,31.912000000000262
614.8199999999999,620.925,1,31.914000000000215
613.14,620.25,1,31.916000000000167
611.5799999999999,618.675,1,31.91800000000012
609.8199999999999,618.1125,1,31.920000000000073
609.02,617.925,1,31.922000000000025
609.22,618.4125,1,31.923999999999978
609.1800000000001,619.35,1,31.92599999999993
609.4200000000001,618.8625,1,31.92800000000034
609.02,619.6125,1,31.93000000000029
609.46,619.9125,1,31.932000000000244
608.94,619.425,1,31.934000000000196
609.22,619.425,1,31.93600000000015
609.26,618.975,1,31.938000000000102
609.54,619.575,1,31.940000000000055
609.98,618.7875,1,31.942000000000007
609.6199999999999,619.125,1,31.94399999999996
610.3399999999999,618.5999999999999,1,31.945999999999913
609.98,618.7874999999999,1,31.94800000000032
610.46,618.1875,1,31.950000000000273
610.38,617.325,1,31.952000000000226
610.62,617.5125,1,31.95400000000018
610.6600000000001,616.3875,1,31.95600000000013
611.0999999999999,615.675,1,31.958000000000084
610.8199999999999,615.3,1,31.960000000000036
610.8199999999999,615.15,1,31.96199999999999
611.94,614.7375,1,31.963999999999942
611.54,614.025,1,31.96600000000035
611.8199999999999,613.8375,1,31.968000000000302
612.02,613.2375,1,31.970000000000255
611.94,612.375,1,31.972000000000207
612.1800000000001,612.5999999999999,1,31.97400000000016
612.22,612.1500000000001,1,31.976000000000113
612.1,612.5250000000001,1,31.978000000000065
612.54,612.375,1,31.980000000000018
612.4200000000001,611.8875,1,31.98199999999997
612.8199999999999,611.925,1,31.983999999999924
612.5,612.45,1,31.98600000000033
612.3,612.525,1,31.988000000000284
612.3399999999999,612.675,1,31.990000000000236
612.22,613.6125,1,31.99200000000019
612.3,613.1625,1,31.994000000000142
612.46,612.9749999999999,1,31.996000000000095
611.9000000000001,615.0,1,31.998000000000047
611.5799999999999,614.5875,1,32.0
611.38,614.8875,1,32.00199999999995
611.22,615.5625,1,32.003999999999905
610.7,616.2750000000001,1,32.00600000000031
610.74,616.275,1,32.008000000000266
610.5799999999999,616.425,1,32.01000000000022
610.74,617.175,1,32.01200000000017
610.46,616.575,1,32.014000000000124
610.62,616.05,1,32.016000000000076
610.94,615.9749999999999,1,32.01800000000003
610.5,615.6,1,32.01999999999998
610.7,615.5250000000001,1,32.021999999999935
610.26,615.5625,1,32.02400000000034
610.26,614.5875,1,32.026000000000295
610.5,615.2625,1,32.02800000000025
609.98,614.8125,1,32.0300000000002
610.22,614.325,1,32.03200000000015
610.3,614.325,1,32.034000000000106
610.66,613.3875,1,32.03600000000006
610.06,613.725,1,32.03800000000001
610.38,612.675,1,32.039999999999964
610.58,612.2625,1,32.041999999999916
610.14,612.3375000000001,1,32.044000000000324
610.22,611.6625,1,32.04600000000028
610.5799999999999,610.9124999999999,1,32.04800000000023
610.46,611.2125000000001,1,32.05000000000018
609.8599999999999,611.25,1,32.052000000000135
610.38,610.3499999999999,1,32.05400000000009
610.46,609.8625,1,32.05600000000004
610.58,609.225,1,32.05799999999999
610.94,608.0625,1,32.059999999999945
611.02,608.775,1,32.0619999999999
610.8599999999999,608.3625,1,32.064000000000306
610.9000000000001,608.325,1,32.06600000000026
610.98,608.025,1,32.06800000000021
610.8199999999999,608.2125,1,32.070000000000164
610.54,607.9875,1,32.072000000000116
611.06,607.5,1,32.07400000000007
610.26,608.175,1,32.07600000000002
610.38,607.575,1,32.077999999999975
610.22,607.05,1,32.07999999999993
610.66,606.525,1,32.082000000000335
610.5,607.4625,1,32.08400000000029
610.78,606.9000000000001,1,32.08600000000024
611.26,606.975,1,32.08800000000019
610.86,606.375,1,32.090000000000146
611.06,606.525,1,32.0920000000001
611.02,607.425,1,32.09400000000005
610.78,607.0875000000001,1,32.096000000000004
611.14,606.9375,1,32.097999999999956
611.22,607.575,1,32.09999999999991
611.38,606.825,1,32.10200000000032
611.22,607.95,1,32.10400000000027
611.6600000000001,607.95,1,32.10600000000022
611.62,608.0250000000001,1,32.108000000000175
611.54,609.075,1,32.11000000000013
611.66,609.375,1,32.11200000000008
611.8199999999999,609.225,1,32.11400000000003
611.5799999999999,609.2625,1,32.115999999999985
611.26,608.8125,1,32.11799999999994
611.3399999999999,608.7,1,32.120000000000346
611.54,609.4125,1,32.1220000000003
611.02,609.8625,1,32.12400000000025
611.3,608.8875,1,32.126000000000204
611.1400000000001,609.075,1,32.128000000000156
611.5,608.625,1,32.13000000000011
610.98,608.5125,1,32.13200000000006
611.46,608.1375,1,32.134000000000015
611.06,608.325,1,32.13599999999997
611.62,608.4749999999999,1,32.13799999999992
611.1800000000001,608.2875,1,32.14000000000033
611.54,607.6875,1,32.14200000000028
611.7,607.2375,1,32.14400000000023
611.86,606.7875,1,32.146000000000186
611.6600000000001,606.675,1,32.14800000000014
611.7,606.6375,1,32.15000000000009
611.8199999999999,606.525,1,32.152000000000044
611.42,605.8875,1,32.153999999999996
611.62,606.1125,1,32.15599999999995
611.5799999999999,605.175,1,32.1579999999999
611.42,605.55,1,32.16000000000031
611.42,604.65,1,32.16200000000026
611.1400000000001,605.55,1,32.164000000000215
611.8199999999999,604.8375000000001,1,32.16600000000017
611.38,604.875,1,32.16800000000012
611.74,604.6875,1,32.17000000000007
612.42,605.0625,1,32.172000000000025
611.74,605.4000000000001,1,32.17399999999998
612.26,604.9125,1,32.17599999999993
611.78,605.4,1,32.17800000000034
612.02,605.7375,1,32.18000000000029
611.5799999999999,605.4000000000001,1,32.182000000000244
611.98,606.075,1,32.1840000000002
611.58,606.0,1,32.18600000000015
611.5,606.2625,1,32.1880000000001
611.5799999999999,606.5625,1,32.190000000000055
612.06,607.5374999999999,1,32.19200000000001
611.78,607.6875,1,32.19399999999996
611.22,607.4625,1,32.19599999999991
612.02,607.4625000000001,1,32.19800000000032
611.98,607.575,1,32.20000000000027
611.4200000000001,607.95,1,32.202000000000226
611.8599999999999,608.3625,1,32.20400000000018
611.8599999999999,607.6500000000001,1,32.20600000000013
611.26,607.5,1,32.208000000000084
611.18,607.575,1,32.210000000000036
611.02,608.0625,1,32.21199999999999
611.5,607.8,1,32.21399999999994
611.58,607.9875,1,32.21600000000035
610.8199999999999,607.425,1,32.2180000000003
611.26,607.3125,1,32.220000000000255
611.8199999999999,606.9375,1,32.22200000000021
611.38,606.75,1,32.22400000000016
611.0999999999999,606.4875,1,32.22600000000011
610.62,606.75,1,32.228000000000065
610.6600000000001,606.075,1,32.23000000000002
610.38,606.5999999999999,1,32.23199999999997
610.3,605.4749999999999,1,32.233999999999924
610.26,605.625,1,32.23600000000033
610.3399999999999,605.3625,1,32.238000000000284
610.5,604.425,1,32.24000000000024
611.06,605.0625,1,32.24200000000019
610.7,604.7625,1,32.24400000000014
610.38,604.575,1,32.246000000000095
610.22,603.9000000000001,1,32.24800000000005
609.98,603.375,1,32.25
610.06,603.5250000000001,1,32.25199999999995
609.78,603.3375000000001,1,32.253999999999905
609.8199999999999,603.525,1,32.25600000000031
609.7,603.2625,1,32.258000000000266
609.86,603.5625,1,32.26000000000022
609.98,603.1500000000001,1,32.26200000000017
610.14,603.3,1,32.264000000000124
609.74,602.55,1,32.266000000000076
609.8199999999999,602.8125,1,32.26800000000003
609.7,602.475,1,32.26999999999998
609.94,603.2625,1,32.271999999999935
609.98,603.3,1,32.27400000000034
609.54,602.7750000000001,1,32.276000000000295
609.5,603.1875,1,32.27800000000025
609.46,603.3375000000001,1,32.2800000000002
609.98,603.4124999999999,1,32.28200000000015
610.02,603.6375,1,32.284000000000106
609.9000000000001,603.525,1,32.28600000000006
610.7,604.125,1,32.28800000000001
611.8199999999999,604.05,1,32.289999999999964
615.26,605.7,1,32.291999999999916
619.9000000000001,605.85,1,32.294000000000324
627.7,606.9,1,32.29600000000028
638.4200000000001,607.2,1,32.29800000000023
649.3,607.6125,1,32.30000000000018
660.22,607.3875,1,32.302000000000135
671.74,607.0875000000001,1,32.30400000000009
683.62,605.775,1,32.30600000000004
695.1800000000001,606.75,1,32.30799999999999
706.46,606.3375000000001,1,32.309999999999945
717.66,607.2375,1,32.3119999999999
728.54,607.125,1,32.314000000000306
737.62,607.6125,1,32.31600000000026
746.74,607.3875,1,32.31800000000021
752.8199999999999,606.3,1,32.320000000000164
757.6600000000001,605.9625,1,32.322000000000116
761.02,605.25,1,32.32400000000007
762.14,604.1625,1,32.32600000000002
762.98,604.2750000000001,1,32.327999999999975
762.74,603.3375,1,32.32999999999993
762.46,603.2249999999999,1,32.332000000000335
762.46,602.775,1,32.33400000000029
761.98,602.625,1,32.33600000000024
761.5,602.2874999999999,1,32.33800000000019
760.9,601.95,1,32.340000000000146
760.98,601.2375,1,32.3420000000001
760.66,600.8625,1,32.34400000000005
759.98,601.2375,1,32.346000000000004
760.42,600.45,1,32.347999999999956
760.62,600.975,1,32.34999999999991
760.14,600.675,1,32.35200000000032
760.66,599.8875,1,32.35400000000027
760.98,599.7375,1,32.35600000000022
760.62,600.7874999999999,1,32.358000000000175
761.06,600.0,1,32.36000000000013
761.3,599.0625,1,32.36200000000008
760.74,599.1375,1,32.36400000000003
760.78,599.175,1,32.365999999999985
760.94,598.05,1,32.36799999999994
761.38,598.6125,1,32.370000000000346
761.46,598.7625,1,32.3720000000003
761.62,598.0875000000001,1,32.37400000000025
761.22,598.725,1,32.376000000000204
761.54,598.5,1,32.378000000000156
762.02,598.7625,1,32.38000000000011
761.54,598.6125,1,32.38200000000006
761.94,598.0125,1,32.384000000000015
762.0999999999999,599.325,1,32.38599999999997
761.62,597.975,1,32.38799999999992
762.46,598.1625,1,32.39000000000033
762.38,597.9375,1,32.39200000000028
761.74,598.575,1,32.39400000000023
762.26,597.9375,1,32.396000000000186
761.7,597.0374999999999,1,32.39800000000014
762.3399999999999,597.75,1,32.40000000000009
762.54,596.7,1,32.402000000000044
762.34,596.175,1,32.403999999999996
762.5799999999999,597.3375000000001,1,32.40599999999995
762.66,597.15,1,32.4079999999999
762.6600000000001,596.0250000000001,1,32.41000000000031
762.46,596.8125,1,32.41200000000026
762.66,596.2875,1,32.414000000000215
762.46,595.6875,1,32.41600000000017
763.06,596.025,1,32.41800000000012
762.54,595.5374999999999,1,32.42000000000007
762.1800000000001,595.7625,1,32.422000000000025
762.14,595.1624999999999,1,32.42399999999998
762.26,595.8,1,32.42599999999993
762.58,594.8625,1,32.42800000000034
762.7,594.6375,1,32.43000000000029
762.74,595.0125,1,32.432000000000244
761.74,594.1875,1,32.4340000000002
762.14,594.5250000000001,1,32.43600000000015
762.3,593.85,1,32.4380000000001
761.66,594.4875,1,32.440000000000055
761.94,593.8125,1,32.44200000000001
761.74,593.2125,1,32.44399999999996
761.6600000000001,593.3625,1,32.44599999999991
761.7,592.6125,1,32.44800000000032
762.06,592.5,1,32.45000000000027
761.5799999999999,592.4625000000001,1,32.452000000000226
761.58,592.3125,1,32.45400000000018
761.46,592.4625,1,32.45600000000013
761.5,592.275,1,32.458000000000084
761.62,592.6500000000001,1,32.460000000000036
761.5799999999999,592.35,1,32.46199999999999
761.9000000000001,592.5375,1,32.46399999999994
761.26,592.5,1,32.46600000000035
761.62,591.7875,1,32.4680000000003
761.5799999999999,592.7625,1,32.470000000000255
761.54,592.5,1,32.47200000000021
761.38,592.3125,1,32.47400000000016
761.42,593.8499999999999,1,32.47600000000011
761.22,593.5875,1,32.478000000000065
761.34,593.5875000000001,1,32.48000000000002
761.3399999999999,594.4875,1,32.48199999999997
760.8199999999999,594.45,1,32.483999999999924
761.46,594.5999999999999,1,32.48600000000033
761.1800000000001,595.125,1,32.488000000000284
760.6600000000001,595.05,1,32.49000000000024
760.74,596.2874999999999,1,32.49200000000019
760.78,595.0125,1,32.49400000000014
760.86,595.6125,1,32.496000000000095
760.5799999999999,596.5125,1,32.49800000000005
760.6600000000001,595.95,1,32.5
761.02,595.4625,1,32.50199999999995
760.74,596.2125,1,32.503999999999905
760.46,595.4625,1,32.50600000000031
761.1,595.5375,1,32.508000000000266
760.74,594.9749999999999,1,32.51000000000022
761.26,595.275,1,32.51200000000017
761.1,594.45,1,32.514000000000124
760.94,594.975,1,32.516000000000076
760.94,594.3375000000001,1,32.51800000000003
760.78,593.625,1,32.51999999999998
761.22,593.25,1,32.521999999999935
760.54,592.7625,1,32.52400000000034
761.8199999999999,592.575,1,32.526000000000295
761.38,591.6375,1,32.52800000000025
761.62,591.2625,1,32.5300000000002
761.3,590.8499999999999,1,32.53200000000015
760.9000000000001,589.8375000000001,1,32.534000000000106
761.3,589.6125,1,32.53600000000006
761.4200000000001,588.4125,1,32.53800000000001
761.34,588.45,1,32.539999999999964
761.14,588.9,1,32.541999999999916
759.94,588.4875,1,32.544000000000324
757.62,589.575,1,32.54600000000028
752.1,590.325,1,32.54800000000023
744.7,589.5,1,32.55000000000018
733.74,590.025,1,32.552000000000135
719.34,585.2625,1,32.55400000000009
701.74,582.2249999999999,1,32.55600000000004
683.7,579.975,1,32.55799999999999
663.94,578.8875,1,32.559999999999945
644.46,576.1125,1,32.5619999999999
623.7,573.1500000000001,1,32.564000000000306
602.8199999999999,569.8875,1,32.56600000000026
581.86,567.4875,1,32.56800000000021
560.3399999999999,565.8,1,32.570000000000164
539.62,562.875,1,32.572000000000116
519.62,560.7375,1,32.57400000000007
500.54,556.4625,1,32.57600000000002
481.94,551.3625,1,32.577999999999975
463.42,547.425,1,32.57999999999993
444.17999999999995,545.0625,1,32.582000000000335
427.65999999999997,543.225,1,32.58400000000029
412.62,539.925,1,32.58600000000024
396.98,537.6375,1,32.58800000000019
385.82,534.15,1,32.590000000000146
375.1,528.9375,1,32.5920000000001
365.5,526.3125,1,32.59400000000005
358.94,525.1125,1,32.596000000000004
354.02,521.625,1,32.597999999999956
350.02,520.425,1,32.59999999999991
348.34000000000003,518.55,1,32.60200000000032
347.38,516.8625,1,32.60400000000027
348.06,515.625,1,32.60600000000022
347.78,515.1375,1,32.608000000000175
348.74,514.9125,1,32.61000000000013
348.22,515.2875,1,32.61200000000008
347.5,514.6125,1,32.61400000000003
347.18,514.3125,1,32.615999999999985
347.53999999999996,513.1875,1,32.61799999999994
347.7,514.275,1,32.620000000000346
347.53999999999996,513.0375,1,32.6220000000003
347.78,511.875,1,32.62400000000025
347.78,512.1,1,32.626000000000204
346.98,511.65,1,32.628000000000156
347.05999999999995,511.08750000000003,1,32.63000000000011
346.62,510.45000000000005,1,32.63200000000006
346.26,510.225,1,32.634000000000015
346.29999999999995,509.5125,1,32.63599999999997
347.14,509.88750000000005,1,32.63799999999992
347.38,510.3375,1,32.64000000000033
347.1,509.475,1,32.64200000000028
347.18,508.875,1,32.64400000000023
347.38,509.5875,1,32.646000000000186
347.3,508.2375,1,32.64800000000014
347.82,507.82500000000005,1,32.65000000000009
347.29999999999995,507.15,1,32.652000000000044
347.5,508.125,1,32.653999999999996
347.14,507.7875,1,32.65599999999995
347.5,506.51250000000005,1,32.6579999999999
347.5,507.225,1,32.66000000000031
347.54,505.65,1,32.66200000000026
347.62,506.36249999999995,1,32.664000000000215
347.42,505.575,1,32.66600000000017
347.41999999999996,505.35,1,32.66800000000012
348.06,504.7875,1,32.67000000000007
347.58,503.775,1,32.672000000000025
347.9,503.25,1,32.67399999999998
347.14,504.15,1,32.67599999999993
346.86,503.25,1,32.67800000000034
347.3,502.9875,1,32.68000000000029
347.62,501.375,1,32.682000000000244
347.58,502.125,1,32.6840000000002
347.86,502.38750000000005,1,32.68600000000015
347.38,501.5625,1,32.6880000000001
347.58000000000004,500.55,1,32.690000000000055
347.34000000000003,500.5125,1,32.69200000000001
347.5,500.32500000000005,1,32.69399999999996
347.22,499.4625,1,32.69599999999991
347.06,499.5,1,32.69800000000032
346.98,498.0375,1,32.70000000000027
346.98,498.0375,1,32.702000000000226
346.86,497.9625,1,32.70400000000018
346.38,497.175,1,32.70600000000013
346.1,497.9625,1,32.708000000000084
345.46,497.1,1,32.710000000000036
346.02,496.0875,1,32.71199999999999
345.62,496.4625,1,32.71399999999994
344.98,495.7125,1,32.71600000000035
345.05999999999995,493.98749999999995,1,32.7180000000003
344.9,494.88750000000005,1,32.720000000000255
344.1,493.2,1,32.72200000000021
343.65999999999997,494.2125,1,32.72400000000016
343.53999999999996,493.275,1,32.72600000000011
343.53999999999996,493.6875,1,32.728000000000065
342.86,492.825,1,32.73000000000002
343.34000000000003,493.2,1,32.73199999999997
342.41999999999996,492.4125,1,32.733999999999924
341.98,492.6375,1,32.73600000000033
341.86,491.8125,1,32.738000000000284
341.9,492.29999999999995,1,32.74000000000024
340.98,491.8875,1,32.74200000000019
341.58000000000004,492.11249999999995,1,32.74400000000014
340.98,492.7125,1,32.746000000000095
340.98,492.9375,1,32.74800000000005
340.41999999999996,492.525,1,32.75
340.53999999999996,492.5625,1,32.75199999999995
340.1,493.125,1,32.753999999999905
340.86,492.75,1,32.75600000000031
340.5,492.9,1,32.758000000000266
340.5,493.2,1,32.76000000000022
340.65999999999997,493.8375,1,32.76200000000017
340.98,493.3125,1,32.764000000000124
340.78,493.725,1,32.766000000000076
340.78,494.0625,1,32.76800000000003
340.5,494.92499999999995,1,32.76999999999998
340.70000000000005,493.98749999999995,1,32.771999999999935
341.34000000000003,493.0125,1,32.77400000000034
340.86,494.0625,1,32.776000000000295
340.9,493.9125,1,32.77800000000025
340.98,494.1,1,32.7800000000002
341.34000000000003,493.42499999999995,1,32.78200000000015
341.02,493.575,1,32.784000000000106
341.14,492.7875,1,32.78600000000006
341.94,491.85,1,32.78800000000001
342.18,492.75,1,32.789999999999964
342.14,492.525,1,32.791999999999916
341.53999999999996,491.8875,1,32.794000000000324
342.34000000000003,492.29999999999995,1,32.79600000000028
342.06,491.925,1,32.79800000000023
342.34000000000003,491.2875,1,32.80000000000018
342.82000000000005,491.5875,1,32.802000000000135
342.58,491.6625,1,32.80400000000009
342.38,491.3625,1,32.80600000000004
342.74,490.7625,1,32.80799999999999
342.5,490.95,1,32.809999999999945
342.18,490.875,1,32.8119999999999
342.98,490.425,1,32.814000000000306
342.98,490.05,1,32.81600000000026
342.94,490.42499999999995,1,32.81800000000021
343.1,490.575,1,32.820000000000164
343.58000000000004,490.38750000000005,1,32.822000000000116
342.86,490.6875,1,32.82400000000007
343.86,490.275,1,32.82600000000002
343.38,490.0125,1,32.827999999999975
343.86,490.76250000000005,1,32.82999999999993
343.5,489.6,1,32.832000000000335
343.41999999999996,490.5375,1,32.83400000000029
343.62,490.2,1,32.83600000000024
343.65999999999997,489.26250000000005,1,32.83800000000019
343.41999999999996,490.275,1,32.840000000000146
343.65999999999997,490.1625,1,32.8420000000001
343.62,489.7125,1,32.84400000000005
343.74,489.6375,1,32.846000000000004
343.46000000000004,490.0875,1,32.847999999999956
343.86,489.86249999999995,1,32.84999999999991
343.65999999999997,489.225,1,32.85200000000032
343.22,489.48749999999995,1,32.85400000000027
343.3,489.9,1,32.85600000000022
343.58,489.3,1,32.858000000000175
343.46000000000004,488.925,1,32.86000000000013
343.66,489.26250000000005,1,32.86200000000008
343.3,488.85,1,32.86400000000003
343.74,488.32500000000005,1,32.865999999999985
343.65999999999997,488.7,1,32.86799999999994
343.3,488.325,1,32.870000000000346
343.42,488.775,1,32.8720000000003
343.46000000000004,488.88750000000005,1,32.87400000000025
343.06,488.325,1,32.876000000000204
343.26,488.88750000000005,1,32.878000000000156
343.06,488.4,1,32.88000000000011
343.22,488.55,1,32.88200000000006
342.94,487.9125,1,32.884000000000015
343.1,488.475,1,32.88599999999997
343.1,488.51250000000005,1,32.88799999999992
343.02,488.85,1,32.89000000000033
343.05999999999995,488.92499999999995,1,32.89200000000028
343.26,488.3625,1,32.89400000000023
343.02,488.325,1,32.896000000000186
343.26,487.79999999999995,1,32.89800000000014
343.22,488.325,1,32.90000000000009
342.86,488.13750000000005,1,32.902000000000044
343.41999999999996,488.2125,1,32.903999999999996
343.1,487.875,1,32.90599999999995
342.86,487.61249999999995,1,32.9079999999999
343.38,487.8375,1,32.91000000000031
343.06,487.3125,1,32.91200000000026
343.58,487.20000000000005,1,32.914000000000215
343.34000000000003,487.425,1,32.91600000000017
343.42,487.5375,1,32.91800000000012
342.62,486.7125,1,32.92000000000007
343.58000000000004,487.20000000000005,1,32.922000000000025
343.62,487.1625,1,32.92399999999998
344.38,486.7875,1,32.92599999999993
343.82,486.45,1,32.92800000000034
344.22,486.3375,1,32.93000000000029
343.74,486.6,1,32.932000000000244
343.86,485.6625,1,32.9340000000002
343.46000000000004,485.7,1,32.93600000000015
344.1,485.5875,1,32.9380000000001
343.58,486.1875,1,32.940000000000055
343.53999999999996,485.55,1,32.94200000000001
343.7,485.7375,1,32.94399999999996
343.53999999999996,486.525,1,32.94599999999991
343.65999999999997,486.1125,1,32.94800000000032
343.62,485.55,1,32.95000000000027
343.34000000000003,485.6625,1,32.952000000000226
343.18,487.2,1,32.95400000000018
343.17999999999995,487.4625,1,32.95600000000013
343.02,488.1,1,32.958000000000084
342.7,488.54999999999995,1,32.960000000000036
343.1,487.425,1,32.96199999999999
342.94,487.95000000000005,1,32.96399999999994
343.06,487.5,1,32.96600000000035
342.82,487.6875,1,32.9680000000003
342.94,487.3125,1,32.970000000000255
342.74,487.57500000000005,1,32.97200000000021
342.86,487.35,1,32.97400000000016
342.9,487.3875,1,32.97600000000011
343.06,487.275,1,32.978000000000065
343.06,486.7875,1,32.98000000000002
343.06,486.2625,1,32.98199999999997
343.42,486.1875,1,32.983999999999924
343.18,485.9625,1,32.98600000000033
343.5,486.075,1,32.988000000000284
343.62,485.2125,1,32.99000000000024
343.41999999999996,484.95000000000005,1,32.99200000000019
343.22,483.975,1,32.99400000000014
343.53999999999996,484.0875,1,32.996000000000095
343.58000000000004,484.04999999999995,1,32.99800000000005
343.53999999999996,483.1875,1,33.0
343.86,483.5625,1,33.00199999999995
343.65999999999997,482.8875,1,33.003999999999905
343.58000000000004,483.3375,1,33.00600000000031
343.62,483.7875,1,33.008000000000266
343.82,483.375,1,33.01000000000022
343.58,483.4125,1,33.01200000000017
343.98,483.6,1,33.014000000000124
343.66,484.425,1,33.016000000000076
343.02,484.95,1,33.01800000000003
343.53999999999996,484.5,1,33.01999999999998
343.22,485.2125,1,33.021999999999935
343.58000000000004,483.7125,1,33.02400000000034
343.38,484.725,1,33.026000000000295
343.1,485.5125,1,33.02800000000025
343.02,486.3375,1,33.0300000000002
343.38,487.0875,1,33.03200000000015
342.74,485.775,1,33.034000000000106
342.74,487.65,1,33.03600000000006
342.62,486.525,1,33.03800000000001
342.5,486.7125,1,33.039999999999964
342.62,487.7625,1,33.041999999999916
342.62,487.3125,1,33.044000000000324
342.29999999999995,486.29999999999995,1,33.04600000000028
342.46000000000004,487.575,1,33.04800000000023
341.65999999999997,487.5,1,33.05000000000018
342.22,486.3375,1,33.052000000000135
342.26,487.4625,1,33.05400000000009
342.22,487.275,1,33.05600000000004
342.06,485.8875,1,33.05799999999999
342.94,485.0625,1,33.059999999999945
342.26,484.65,1,33.0619999999999
342.78,484.5375,1,33.064000000000306
342.38,483.375,1,33.06600000000026
342.38,483.5625,1,33.06800000000021
342.74,482.9625,1,33.070000000000164
342.5,483.525,1,33.072000000000116
342.22,483.3375,1,33.07400000000007
341.94,482.5875,1,33.07600000000002
341.94,482.775,1,33.077999999999975
341.65999999999997,481.2375,1,33.07999999999993
341.66,480.975,1,33.082000000000335
341.74,480.525,1,33.08400000000029
341.41999999999996,481.125,1,33.08600000000024
341.34000000000003,480.7125,1,33.08800000000019
341.58000000000004,480.1875,1,33.090000000000146
341.34000000000003,479.8125,1,33.0920000000001
341.34000000000003,479.2875,1,33.09400000000005
341.82,479.0625,1,33.096000000000004
341.26,479.4,1,33.097999999999956
341.58,480.1875,1,33.09999999999991
341.65999999999997,480.15,1,33.10200000000032
341.86,480.29999999999995,1,33.10400000000027
341.65999999999997,480.9,1,33.10600000000022
341.38,480.525,1,33.108000000000175
341.74,480.86249999999995,1,33.11000000000013
342.29999999999995,480.4125,1,33.11200000000008
341.86,480.2625,1,33.11400000000003
341.74,481.425,1,33.115999999999985
341.62,481.05,1,33.11799999999994
341.7,481.275,1,33.120000000000346
342.22,481.2375,1,33.1220000000003
341.98,480.975,1,33.12400000000025
342.22,480.7875,1,33.126000000000204
342.58,481.275,1,33.128000000000156
342.29999999999995,481.4625,1,33.13000000000011
342.65999999999997,481.8375,1,33.13200000000006
342.7,480.8625,1,33.134000000000015
342.42,481.8,1,33.13599999999997
342.65999999999997,481.725,1,33.13799999999992
342.46,480.75,1,33.14000000000033
342.26,480.26250000000005,1,33.14200000000028
342.65999999999997,480.9375,1,33.14400000000023
342.26,479.475,1,33.146000000000186
342.46000000000004,480.75,1,33.14800000000014
343.1,479.8125,1,33.15000000000009
342.9,479.475,1,33.152000000000044
342.7,479.85,1,33.153999999999996
343.1,480.0375,1,33.15599999999995
343.02,479.2125,1,33.1579999999999
343.18,479.55,1,33.16000000000031
343.26,480.4125,1,33.16200000000026
343.1,480.8625,1,33.164000000000215
343.1,480.7875,1,33.16600000000017
343.18,480.2625,1,33.16800000000012
342.38,482.3625,1,33.17000000000007
340.05999999999995,484.5375,1,33.172000000000025
339.06,486.86249999999995,1,33.17399999999998
335.18,491.025,1,33.17599999999993
332.34000000000003,493.76250000000005,1,33.17800000000034
326.94,498.9,1,33.18000000000029
320.5,501.975,1,33.182000000000244
313.98,509.28749999999997,1,33.1840000000002
309.70000000000005,514.725,1,33.18600000000015
306.29999999999995,518.6624999999999,1,33.1880000000001
303.65999999999997,522.4124999999999,1,33.190000000000055
300.70000000000005,525.1875,1,33.19200000000001
299.14,527.325,1,33.19399999999996
297.98,528.1875,1,33.19599999999991
297.5,530.1375,1,33.19800000000032
297.14,530.55,1,33.20000000000027
296.86,531.7874999999999,1,33.202000000000226
296.78,531.675,1,33.20400000000018
296.94,531.225,1,33.20600000000013
296.86,531.4125,1,33.208000000000084
296.94,530.8875,1,33.210000000000036
297.3,529.8,1,33.21199999999999
297.1,529.2,1,33.21399999999994
296.98,528.675,1,33.21600000000035
296.86,528.675,1,33.2180000000003
296.58000000000004,528.6375,1,33.220000000000255
296.58000000000004,527.9625000000001,1,33.22200000000021
296.46000000000004,527.7375,1,33.22400000000016
296.74,527.2125,1,33.22600000000011
296.65999999999997,527.4,1,33.228000000000065
296.06,527.7375,1,33.23000000000002
296.38,527.25,1,33.23199999999997
295.74,527.925,1,33.233999999999924
295.58,527.4,1,33.23600000000033
296.02,526.7625,1,33.238000000000284
295.74,527.1,1,33.24000000000024
296.1,526.9875,1,33.24200000000019
296.02,526.8,1,33.24400000000014
296.06,526.875,1,33.246000000000095
295.86,526.2375,1,33.24800000000005
295.9,527.1375,1,33.25
295.58,526.6125,1,33.25199999999995
295.78,526.425,1,33.253999999999905
295.74,527.2874999999999,1,33.25600000000031
295.74,526.2375,1,33.258000000000266
296.14,526.6500000000001,1,33.26000000000022
295.94,526.875,1,33.26200000000017
295.82,527.175,1,33.264000000000124
296.1,527.6624999999999,1,33.266000000000076
296.14,526.9124999999999,1,33.26800000000003
296.22,527.7375,1,33.26999999999998
296.1,527.3625,1,33.271999999999935
296.26,527.3625,1,33.27400000000034
296.02,527.4749999999999,1,33.276000000000295
295.98,527.4375,1,33.27800000000025
295.94,527.9625000000001,1,33.2800000000002
295.86,526.7625,1,33.28200000000015
295.82000000000005,527.8499999999999,1,33.284000000000106
295.86,527.2125000000001,1,33.28600000000006
295.94,526.9875,1,33.28800000000001
295.66,527.625,1,33.289999999999964
295.22,526.65,1,33.291999999999916
295.5,527.3625,1,33.294000000000324
295.14,526.9875,1,33.29600000000028
295.34,525.975,1,33.29800000000023
295.26,526.05,1,33.30000000000018
295.18,526.7625,1,33.302000000000135
295.5,526.125,1,33.30400000000009
295.1,525.075,1,33.30600000000004
295.58000000000004,524.8125,1,33.30799999999999
295.5,524.4375,1,33.309999999999945
295.98,524.2875,1,33.3119999999999
295.06,524.475,1,33.314000000000306
295.3,524.625,1,33.31600000000026
295.7,524.0999999999999,1,33.31800000000021
295.58,523.875,1,33.320000000000164
295.53999999999996,523.7625,1,33.322000000000116
296.1,523.4625000000001,1,33.32400000000007
296.14,523.875,1,33.32600000000002
296.86,522.3375000000001,1,33.327999999999975
296.46000000000004,523.0125,1,33.32999999999993
296.7,523.875,1,33.332000000000335
297.18,523.4625000000001,1,33.33400000000029
296.78,523.875,1,33.33600000000024
297.26,523.7625,1,33.33800000000019
297.02,523.6875,1,33.340000000000146
297.42,523.425,1,33.3420000000001
296.62,524.625,1,33.34400000000005
297.42,523.8375,1,33.346000000000004
297.06,524.5125,1,33.347999999999956
296.78,525.1125,1,33.34999999999991
296.74,525.225,1,33.35200000000032
297.38,524.9625000000001,1,33.35400000000027
297.14,525.1125,1,33.35600000000022
297.42,525.5625,1,33.358000000000175
297.29999999999995,525.525,1,33.36000000000013
297.54,525.0,1,33.36200000000008
297.41999999999996,524.9625000000001,1,33.36400000000003
296.7,525.45,1,33.365999999999985
296.82,525.45,1,33.36799999999994
297.14,525.5625,1,33.370000000000346
296.9,525.1125,1,33.3720000000003
297.42,525.1125,1,33.37400000000025
297.22,525.2625,1,33.376000000000204
297.18,525.375,1,33.378000000000156
297.26,525.3,1,33.38000000000011
297.26,524.6625,1,33.38200000000006
296.9,525.2625,1,33.384000000000015
297.18,524.4,1,33.38599999999997
296.94,524.4749999999999,1,33.38799999999992
297.22,523.6500000000001,1,33.39000000000033
296.78,524.1375,1,33.39200000000028
296.86,523.575,1,33.39400000000023
296.78,522.975,1,33.396000000000186
296.94,523.7625,1,33.39800000000014
297.02,523.3125,1,33.40000000000009
296.94,522.375,1,33.402000000000044
296.5,523.05,1,33.403999999999996
296.46000000000004,522.8625,1,33.40599999999995
296.65999999999997,521.925,1,33.4079999999999
296.9,523.05,1,33.41000000000031
296.74,523.0125,1,33.41200000000026
296.46000000000004,521.4,1,33.414000000000215
296.46000000000004,522.45,1,33.41600000000017
296.18,520.6875,1,33.41800000000012
296.34000000000003,520.8,1,33.42000000000007
295.78,520.125,1,33.422000000000025
296.22,521.2874999999999,1,33.42399999999998
295.34000000000003,520.7625,1,33.42599999999993
295.82,520.3499999999999,1,33.42800000000034
295.1,520.05,1,33.43000000000029
295.14,519.675,1,33.432000000000244
295.53999999999996,519.975,1,33.4340000000002
295.02,519.3,1,33.43600000000015
295.22,519.7875,1,33.4380000000001
294.78,519.8625,1,33.440000000000055
294.9,519.15,1,33.44200000000001
295.34000000000003,519.4875,1,33.44399999999996
295.38,518.3625,1,33.44599999999991
294.74,518.8125,1,33.44800000000032
295.02,518.6625,1,33.45000000000027
295.26,519.0375,1,33.452000000000226
295.42,518.55,1,33.45400000000018
295.41999999999996,518.3625,1,33.45600000000013
295.65999999999997,518.55,1,33.458000000000084
295.9,518.6625,1,33.460000000000036
296.06,517.9125,1,33.46199999999999
295.58000000000004,519.225,1,33.46399999999994
295.62,519.0,1,33.46600000000035
296.06,520.275,1,33.4680000000003
295.9,519.4875,1,33.470000000000255
295.70000000000005,520.0125,1,33.47200000000021
295.94,520.5374999999999,1,33.47400000000016
296.02,521.2875,1,33.47600000000011
296.22,520.425,1,33.478000000000065
296.46000000000004,520.95,1,33.48000000000002
296.5,520.725,1,33.48199999999997
296.74,521.5875,1,33.483999999999924
296.18,522.3375,1,33.48600000000033
296.62,521.8125,1,33.488000000000284
296.53999999999996,521.4749999999999,1,33.49000000000024
296.53999999999996,522.1125,1,33.49200000000019
296.53999999999996,521.7375,1,33.49400000000014
296.58000000000004,521.4749999999999,1,33.496000000000095
296.65999999999997,522.4875,1,33.49800000000005
296.7,522.5250000000001,1,33.5
296.7,522.0375,1,33.50199999999995
296.53999999999996,522.075,1,33.503999999999905
296.62,522.1125,1,33.50600000000031
296.58,521.85,1,33.508000000000266
297.06,522.75,1,33.51000000000022
296.42,522.2249999999999,1,33.51200000000017
296.38,522.6375,1,33.514000000000124
296.7,522.825,1,33.516000000000076
296.41999999999996,522.075,1,33.51800000000003
296.65999999999997,521.8499999999999,1,33.51999999999998
296.3,521.1,1,33.521999999999935
296.7,520.8375000000001,1,33.52400000000034
297.02,519.2625,1,33.526000000000295
297.62,519.075,1,33.52800000000025
298.34000000000003,520.2750000000001,1,33.5300000000002
298.14,523.4625000000001,1,33.53200000000015
299.78,528.75,1,33.534000000000106
301.5,543.4124999999999,1,33.53600000000006
304.02,551.8125,1,33.53800000000001
305.38,573.15,1,33.539999999999964
306.98,601.125,1,33.541999999999916
307.62,632.85,1,33.544000000000324
307.6344262295082,634.4422131147542,0,33.54600000000028
307.64885245901644,636.0344262295083,0,33.54800000000023
307.6632786885246,637.6266393442623,0,33.55000000000018
307.6777049180328,639.2188524590165,0,33.552000000000135
307.69213114754103,640.8110655737705,0,33.55400000000009
307.7065573770492,642.4032786885247,0,33.55600000000004
307.7209836065574,643.9954918032788,0,33.55799999999999
307.7354098360656,645.587704918033,0,33.559999999999945
307.7498360655738,647.1799180327869,0,33.5619999999999
307.76426229508195,648.7721311475411,0,33.564000000000306
307.77868852459017,650.3643442622952,0,33.56600000000026
307.7931147540984,651.9565573770492,0,33.56800000000021
307.80754098360654,653.5487704918032,0,33.570000000000164
307.8219672131148,655.1409836065575,0,33.572000000000116
307.836393442623,656.7331967213115,0,33.57400000000007
307.85081967213114,658.3254098360657,0,33.57600000000002
307.86524590163935,659.9176229508197,0,33.577999999999975
307.8796721311475,661.5098360655738,0,33.57999999999993
307.89409836065573,663.1020491803279,0,33.582000000000335
307.90852459016395,664.694262295082,0,33.58400000000029
307.9229508196721,666.2864754098362,0,33.58600000000024
307.9373770491803,667.8786885245902,0,33.58800000000019
307.95180327868854,669.4709016393443,0,33.590000000000146
307.96622950819676,671.0631147540985,0,33.5920000000001
307.9806557377049,672.6553278688525,0,33.59400000000005
307.9950819672132,674.2475409836067,0,33.596000000000004
308.00950819672136,675.8397540983608,0,33.597999999999956
308.0239344262295,677.4319672131148,0,33.59999999999991
308.03836065573773,679.0241803278689,0,33.60200000000032
308.05278688524595,680.616393442623,0,33.60400000000027
308.0672131147541,682.2086065573772,0,33.60600000000022
308.08163934426227,683.8008196721312,0,33.608000000000175
308.0960655737705,685.3930327868852,0,33.61000000000013
308.1104918032787,686.9852459016395,0,33.61200000000008
308.1249180327869,688.5774590163935,0,33.61400000000003
308.1393442622951,690.1696721311475,0,33.615999999999985
308.15377049180324,691.7618852459016,0,33.61799999999994
308.16819672131146,693.3540983606558,0,33.620000000000346
308.1826229508197,694.9463114754099,0,33.6220000000003
308.1970491803279,696.538524590164,0,33.62400000000025
308.2114754098361,698.1307377049181,0,33.626000000000204
308.2259016393443,699.7229508196722,0,33.628000000000156
308.24032786885243,701.3151639344262,0,33.63000000000011
308.25475409836065,702.9073770491804,0,33.63200000000006
308.26918032786887,704.4995901639345,0,33.634000000000015
308.2836065573771,706.0918032786885,0,33.63599999999997
308.2980327868853,707.6840163934427,0,33.63799999999992
308.31245901639346,709.2762295081968,0,33.64000000000033
308.3268852459016,710.8684426229509,0,33.64200000000028
308.34131147540984,712.460655737705,0,33.64400000000023
308.35573770491806,714.0528688524591,0,33.646000000000186
308.3701639344263,715.6450819672132,0,33.64800000000014
308.38459016393443,717.2372950819673,0,33.65000000000009
308.39901639344265,718.8295081967215,0,33.652000000000044
308.4134426229508,720.4217213114754,0,33.653999999999996
308.427868852459,722.0139344262295,0,33.65599999999995
308.4422950819672,723.6061475409836,0,33.6579999999999
308.45672131147546,725.1983606557378,0,33.66000000000031
308.4711475409837,726.790573770492,0,33.66200000000026
308.48557377049184,728.382786885246,0,33.664000000000215
308.5,729.975,1,33.66600000000017
310.3,721.425,1,33.66800000000012
309.02,706.3875,1,33.67000000000007
307.78,691.125,1,33.672000000000025
308.41999999999996,675.0375,1,33.67399999999998
306.46000000000004,662.5125,1,33.67599999999993
306.86,645.9749999999999,1,33.67800000000034
306.5,635.0625,1,33.68000000000029
306.38,621.4125,1,33.682000000000244
306.06,608.0625,1,33.6840000000002
306.02,599.625,1,33.68600000000015
306.1,588.9000000000001,1,33.6880000000001
306.82,578.8875,1,33.690000000000055
306.34000000000003,570.7125000000001,1,33.69200000000001
306.82,559.95,1,33.69399999999996
306.62,554.7,1,33.69599999999991
306.1,548.925,1,33.69800000000032
305.94,541.5,1,33.70000000000027
305.5,540.675,1,33.702000000000226
304.94,536.4,1,33.70400000000018
304.58000000000004,535.275,1,33.70600000000013
304.29999999999995,535.575,1,33.708000000000084
304.02,535.725,1,33.710000000000036
303.94,535.6875,1,33.71199999999999
303.9,537.3375,1,33.71399999999994
304.02,536.55,1,33.71600000000035
303.65999999999997,537.3375,1,33.7180000000003
303.62,538.575,1,33.720000000000255
303.98,538.5,1,33.72200000000021
303.98,538.4625,1,33.72400000000016
303.82,539.625,1,33.72600000000011
303.7,540.15,1,33.728000000000065
304.46,540.0375,1,33.73000000000002
303.78,541.575,1,33.73199999999997
303.74,542.1,1,33.733999999999924
303.58,542.2875,1,33.73600000000033
303.65999999999997,542.8875,1,33.738000000000284
303.53999999999996,542.4375,1,33.74000000000024
303.53999999999996,543.075,1,33.74200000000019
303.62,542.8875,1,33.74400000000014
303.62,543.2625,1,33.746000000000095
303.78,543.0,1,33.74800000000005
303.34000000000003,544.0125,1,33.75
303.34000000000003,543.75,1,33.75199999999995
303.9,543.8625,1,33.753999999999905
303.53999999999996,543.2625,1,33.75600000000031
303.94,543.7875,1,33.758000000000266
303.82,544.5,1,33.76000000000022
303.53999999999996,543.6375,1,33.76200000000017
304.14,544.7249999999999,1,33.764000000000124
303.74,544.3125,1,33.766000000000076
303.86,545.0250000000001,1,33.76800000000003
303.82,544.9875,1,33.76999999999998
303.62,545.4,1,33.771999999999935
303.38,545.025,1,33.77400000000034
303.74,545.925,1,33.776000000000295
303.82000000000005,546.8625,1,33.77800000000025
303.62,546.7875,1,33.7800000000002
303.5,547.5,1,33.78200000000015
303.38,547.275,1,33.784000000000106
303.9,547.9125,1,33.78600000000006
303.41999999999996,548.7375,1,33.78800000000001
303.53999999999996,549.1875,1,33.789999999999964
303.7,550.05,1,33.791999999999916
303.98,549.8625,1,33.794000000000324
304.1,550.3125,1,33.79600000000028
304.14,552.0375,1,33.79800000000023
303.7,551.3625,1,33.80000000000018
304.26,553.3125,1,33.802000000000135
303.78,553.2,1,33.80400000000009
304.14,554.55,1,33.80600000000004
303.7,554.025,1,33.80799999999999
303.9,555.0,1,33.809999999999945
303.7,555.4875,1,33.8119999999999
303.82000000000005,555.0,1,33.814000000000306
304.41999999999996,555.375,1,33.81600000000026
304.34000000000003,556.4625000000001,1,33.81800000000021
304.06,556.0875000000001,1,33.820000000000164
304.34000000000003,556.9125,1,33.822000000000116
303.86,556.2375,1,33.82400000000007
304.34000000000003,557.5875000000001,1,33.82600000000002
304.62,558.75,1,33.827999999999975
304.65999999999997,557.8125,1,33.82999999999993
304.58,557.0625,1,33.832000000000335
304.46,558.15,1,33.83400000000029
304.18,559.05,1,33.83600000000024
304.53999999999996,559.8,1,33.83800000000019
304.62,559.6875,1,33.840000000000146
304.58000000000004,560.0250000000001,1,33.8420000000001
304.65999999999997,559.95,1,33.84400000000005
305.14,560.625,1,33.846000000000004
305.26,559.5375,1,33.847999999999956
305.34000000000003,561.375,1,33.84999999999991
305.5,560.6624999999999,1,33.85200000000032
305.18,560.6625,1,33.85400000000027
305.65999999999997,560.7,1,33.85600000000022
305.46000000000004,561.2249999999999,1,33.858000000000175
305.53999999999996,560.7,1,33.86000000000013
305.9,560.1375,1,33.86200000000008
305.78,558.7125,1,33.86400000000003
305.78,560.0625,1,33.865999999999985
306.1,558.975,1,33.86799999999994
305.86,560.025,1,33.870000000000346
305.82,559.5374999999999,1,33.8720000000003
306.18,558.4875,1,33.87400000000025
305.98,559.3125,1,33.876000000000204
305.86,559.0875,1,33.878000000000156
305.5,560.025,1,33.88000000000011
305.94,558.8625,1,33.88200000000006
305.98,560.175,1,33.884000000000015
305.9,560.8125,1,33.88599999999997
306.22,560.6625,1,33.88799999999992
306.14,560.925,1,33.89000000000033
305.74,561.675,1,33.89200000000028
305.86,561.9375,1,33.89400000000023
306.14,562.0125,1,33.896000000000186
305.94,562.05,1,33.89800000000014
306.1,562.7249999999999,1,33.90000000000009
305.94,563.175,1,33.902000000000044
306.58,563.2874999999999,1,33.903999999999996
306.26,563.775,1,33.90599999999995
306.78,564.525,1,33.9079999999999
306.82,564.6,1,33.91000000000031
306.65999999999997,564.1125,1,33.91200000000026
307.3,564.4124999999999,1,33.914000000000215
306.46000000000004,564.75,1,33.91600000000017
307.22,564.7874999999999,1,33.91800000000012
307.06,564.075,1,33.92000000000007
306.7,565.0875000000001,1,33.922000000000025
306.94,565.2,1,33.92399999999998
307.38,564.375,1,33.92599999999993
306.70000000000005,564.6375,1,33.92800000000034
307.06,564.375,1,33.93000000000029
306.65999999999997,565.0125,1,33.932000000000244
306.58,565.2375,1,33.9340000000002
306.74,564.3375,1,33.93600000000015
306.70000000000005,564.675,1,33.9380000000001
306.29999999999995,564.7125,1,33.940000000000055
307.1,564.3375,1,33.94200000000001
306.5,564.1125,1,33.94399999999996
306.29999999999995,563.8875,1,33.94599999999991
306.34000000000003,562.35,1,33.94800000000032
306.62,562.6875,1,33.95000000000027
306.02,562.0875,1,33.952000000000226
305.86,562.575,1,33.95400000000018
306.38,561.5625,1,33.95600000000013
305.9,562.3125,1,33.958000000000084
306.34000000000003,560.8875,1,33.960000000000036
306.02,560.775,1,33.96199999999999
306.18,561.3375,1,33.96399999999994
305.9,561.975,1,33.96600000000035
306.14,561.15,1,33.9680000000003
305.58,561.9000000000001,1,33.970000000000255
306.1,561.9375,1,33.97200000000021
305.86,561.825,1,33.97400000000016
305.98,561.75,1,33.97600000000011
306.02,562.7625,1,33.978000000000065
305.53999999999996,563.5125,1,33.98000000000002
306.62,564.0375,1,33.98199999999997
305.9,564.1500000000001,1,33.983999999999924
306.53999999999996,564.075,1,33.98600000000033
306.38,564.5625,1,33.988000000000284
305.98,564.675,1,33.99000000000024
306.26,564.675,1,33.99200000000019
306.06,564.9,1,33.99400000000014
306.46000000000004,565.2,1,33.996000000000095
306.3,564.6375,1,33.99800000000005
306.34000000000003,564.7125,1,34.0
306.58000000000004,564.0375,1,34.00199999999995
307.1,563.9625,1,34.003999999999905
306.74,564.75,1,34.00600000000031
307.34000000000003,564.2625,1,34.008000000000266
307.22,564.1125,1,34.01000000000022
306.94,564.3375,1,34.01200000000017
307.18,563.6625,1,34.014000000000124
307.62,563.3625,1,34.016000000000076
307.14,563.8499999999999,1,34.01800000000003
308.06,562.95,1,34.01999999999998
308.14,562.575,1,34.021999999999935
308.53999999999996,563.475,1,34.02400000000034
308.58000000000004,563.7375,1,34.026000000000295
308.53999999999996,562.6125,1,34.02800000000025
309.05999999999995,562.0125,1,34.0300000000002
308.42,562.425,1,34.03200000000015
309.06,561.6,1,34.034000000000106
308.9,561.1500000000001,1,34.03600000000006
308.78,561.975,1,34.03800000000001
308.78,561.1125,1,34.039999999999964
309.1,562.3125,1,34.041999999999916
308.7,561.3375000000001,1,34.044000000000324
308.82,561.9749999999999,1,34.04600000000028
308.65999999999997,561.3375,1,34.04800000000023
308.82,561.0,1,34.05000000000018
309.1,561.1500000000001,1,34.052000000000135
308.65999999999997,561.6,1,34.05400000000009
308.1,560.925,1,34.05600000000004
308.58000000000004,561.3375,1,34.05799999999999
308.62,562.275,1,34.059999999999945
308.34000000000003,561.2249999999999,1,34.0619999999999
308.29999999999995,560.4,1,34.064000000000306
308.34000000000003,561.3375000000001,1,34.06600000000026
308.34000000000003,561.3375000000001,1,34.06800000000021
308.06,561.3375,1,34.070000000000164
308.46000000000004,561.3,1,34.072000000000116
309.14,561.3375,1,34.07400000000007
311.98,561.675,1,34.07600000000002
316.41999999999996,562.9124999999999,1,34.077999999999975
324.14,566.1375,1,34.07999999999993
333.9,566.925,1,34.082000000000335
344.26,568.4625,1,34.08400000000029
357.74,571.425,1,34.08600000000024
369.5,572.7,1,34.08800000000019
382.5,574.5,1,34.090000000000146
397.5,575.1,1,34.0920000000001
411.58,576.75,1,34.09400000000005
427.26,578.925,1,34.096000000000004
443.65999999999997,580.5,1,34.097999999999956
461.78,583.2,1,34.09999999999991
478.5,585.7875,1,34.10200000000032
495.26,588.8625,1,34.10400000000027
511.34000000000003,591.1875,1,34.10600000000022
527.78,594.075,1,34.108000000000175
543.26,596.4,1,34.11000000000013
558.9,600.4875,1,34.11200000000008
575.98,603.6375,1,34.11400000000003
591.9,606.375,1,34.115999999999985
608.62,607.0125,1,34.11799999999994
625.22,609.2625,1,34.120000000000346
640.94,612.8625,1,34.1220000000003
657.6600000000001,614.4749999999999,1,34.12400000000025
674.74,615.975,1,34.126000000000204
690.74,617.175,1,34.128000000000156
704.78,618.4125,1,34.13000000000011
720.54,621.0374999999999,1,34.13200000000006
734.8599999999999,622.8,1,34.134000000000015
746.46,622.6125,1,34.13599999999997
761.14,623.0999999999999,1,34.13799999999992
772.5799999999999,625.1624999999999,1,34.14000000000033
785.06,625.275,1,34.14200000000028
796.06,626.4000000000001,1,34.14400000000023
806.46,627.5999999999999,1,34.146000000000186
814.54,626.4375,1,34.14800000000014
821.3800000000001,625.9124999999999,1,34.15000000000009
824.3399999999999,625.3875,1,34.152000000000044
826.22,621.3375,1,34.153999999999996
825.62,620.2125,1,34.15599999999995
824.26,618.2625,1,34.1579999999999
822.94,616.4625,1,34.16000000000031
822.46,616.6125,1,34.16200000000026
821.4200000000001,616.6125,1,34.164000000000215
821.62,616.2,1,34.16600000000017
821.14,614.85,1,34.16800000000012
821.22,615.8625,1,34.17000000000007
820.66,615.3,1,34.172000000000025
820.78,615.2625,1,34.17399999999998
820.66,615.225,1,34.17599999999993
820.86,615.2625,1,34.17800000000034
821.38,614.5125,1,34.18000000000029
821.62,614.2874999999999,1,34.182000000000244
821.6600000000001,614.4000000000001,1,34.1840000000002
821.9000000000001,614.2875,1,34.18600000000015
822.4200000000001,613.5,1,34.1880000000001
822.94,612.75,1,34.190000000000055
822.3399999999999,613.3125,1,34.19200000000001
823.1800000000001,612.2625,1,34.19399999999996
823.26,612.825,1,34.19599999999991
823.26,613.0125,1,34.19800000000032
823.5799999999999,612.6,1,34.20000000000027
823.62,612.1875,1,34.202000000000226
823.86,611.5125,1,34.20400000000018
824.02,612.3,1,34.20600000000013
824.02,612.1125,1,34.208000000000084
824.14,611.6625,1,34.210000000000036
824.06,611.7750000000001,1,34.21199999999999
824.06,611.7375,1,34.21399999999994
824.5799999999999,611.1,1,34.21600000000035
824.3,611.3625,1,34.2180000000003
824.62,610.9124999999999,1,34.220000000000255
824.54,610.6500000000001,1,34.22200000000021
825.02,610.5375,1,34.22400000000016
824.6600000000001,610.3125,1,34.22600000000011
824.5799999999999,609.2625,1,34.228000000000065
825.06,608.9625,1,34.23000000000002
825.66,609.2625,1,34.23199999999997
825.1800000000001,608.5125,1,34.233999999999924
825.6600000000001,608.025,1,34.23600000000033
825.5,607.8,1,34.238000000000284
826.22,606.675,1,34.24000000000024
825.66,606.4875,1,34.24200000000019
826.02,605.325,1,34.24400000000014
826.06,607.0125,1,34.246000000000095
826.3,605.7,1,34.24800000000005
825.94,606.375,1,34.25
826.0999999999999,606.6,1,34.25199999999995
826.22,605.7750000000001,1,34.253999999999905
826.1800000000001,604.5374999999999,1,34.25600000000031
826.5,605.25,1,34.258000000000266
826.54,605.3625,1,34.26000000000022
826.54,605.0999999999999,1,34.26200000000017
826.22,605.4000000000001,1,34.264000000000124
825.94,605.4749999999999,1,34.266000000000076
826.3399999999999,604.0875,1,34.26800000000003
826.5799999999999,604.575,1,34.26999999999998
826.3399999999999,604.7625,1,34.271999999999935
826.0999999999999,605.25,1,34.27400000000034
826.1,604.8,1,34.276000000000295
826.1800000000001,603.9,1,34.27800000000025
825.94,604.5,1,34.2800000000002
825.6600000000001,604.0125,1,34.28200000000015
825.9000000000001,603.9,1,34.284000000000106
825.58,604.65,1,34.28600000000006
825.78,604.3499999999999,1,34.28800000000001
825.74,603.6375,1,34.289999999999964
825.54,603.375,1,34.291999999999916
825.62,603.6375,1,34.294000000000324
825.02,603.225,1,34.29600000000028
824.98,603.3375,1,34.29800000000023
824.8199999999999,602.4000000000001,1,34.30000000000018
825.26,602.9625000000001,1,34.302000000000135
823.98,603.1125,1,34.30400000000009
823.94,603.3,1,34.30600000000004
823.86,603.6,1,34.30799999999999
824.14,603.975,1,34.309999999999945
823.4200000000001,602.8125,1,34.3119999999999
823.94,603.5625,1,34.314000000000306
823.54,603.6,1,34.31600000000026
824.1,603.0,1,34.31800000000021
823.46,603.4875,1,34.320000000000164
823.26,603.4875,1,34.322000000000116
823.54,603.9,1,34.32400000000007
823.46,604.3125,1,34.32600000000002
823.22,604.3125,1,34.327999999999975
823.94,603.0374999999999,1,34.32999999999993
823.18,604.725,1,34.332000000000335
823.78,603.7874999999999,1,34.33400000000029
823.22,604.425,1,34.33600000000024
823.5799999999999,603.9000000000001,1,34.33800000000019
823.46,603.45,1,34.340000000000146
823.3,603.9375,1,34.3420000000001
823.58,603.7125,1,34.34400000000005
823.78,603.5625,1,34.346000000000004
823.74,603.4125,1,34.347999999999956
823.94,603.4875,1,34.34999999999991
824.18,603.45,1,34.35200000000032
824.5,603.375,1,34.35400000000027
824.7,602.925,1,34.35600000000022
824.94,602.775,1,34.358000000000175
824.98,603.1125,1,34.36000000000013
825.14,603.15,1,34.36200000000008
825.22,602.55,1,34.36400000000003
824.78,602.8125,1,34.365999999999985
825.46,602.25,1,34.36799999999994
825.94,602.1,1,34.370000000000346
825.54,601.6875,1,34.3720000000003
825.74,601.875,1,34.37400000000025
825.5,602.2125,1,34.376000000000204
825.5799999999999,602.5875,1,34.378000000000156
826.1400000000001,601.9125,1,34.38000000000011
825.78,602.5875,1,34.38200000000006
825.7,601.95,1,34.384000000000015
826.22,602.5125,1,34.38599999999997
825.6600000000001,602.6624999999999,1,34.38799999999992
826.06,602.4749999999999,1,34.39000000000033
826.46,601.9124999999999,1,34.39200000000028
825.9,602.4000000000001,1,34.39400000000023
826.02,602.3625,1,34.396000000000186
826.06,602.2125,1,34.39800000000014
825.5,602.8499999999999,1,34.40000000000009
825.94,602.325,1,34.402000000000044
825.74,602.6624999999999,1,34.403999999999996
825.74,602.8499999999999,1,34.40599999999995
825.3399999999999,602.25,1,34.4079999999999
825.8599999999999,602.7,1,34.41000000000031
825.78,602.2874999999999,1,34.41200000000026
826.14,601.8,1,34.414000000000215
825.74,602.9625000000001,1,34.41600000000017
825.58,603.1125,1,34.41800000000012
825.58,603.5999999999999,1,34.42000000000007
825.38,603.45,1,34.422000000000025
824.8599999999999,604.0875,1,34.42399999999998
825.46,603.7874999999999,1,34.42599999999993
825.5,604.0875000000001,1,34.42800000000034
825.7,604.275,1,34.43000000000029
824.9,604.3875,1,34.432000000000244
825.0999999999999,604.7249999999999,1,34.4340000000002
825.22,604.875,1,34.43600000000015
824.78,605.1375,1,34.4380000000001
824.98,605.175,1,34.440000000000055
825.14,605.25,1,34.44200000000001
824.98,605.5875,1,34.44399999999996
824.46,606.375,1,34.44599999999991
824.74,605.625,1,34.44800000000032
825.14,606.225,1,34.45000000000027
824.86,605.7,1,34.452000000000226
825.02,605.9625,1,34.45400000000018
825.26,606.1125,1,34.45600000000013
825.66,606.0374999999999,1,34.458000000000084
825.4200000000001,605.8125,1,34.460000000000036
826.1,605.625,1,34.46199999999999
825.94,606.225,1,34.46399999999994
826.4200000000001,606.2249999999999,1,34.46600000000035
826.1,606.3,1,34.4680000000003
826.8199999999999,605.3625,1,34.470000000000255
826.86,605.6624999999999,1,34.47200000000021
826.5,605.2875,1,34.47400000000016
826.8199999999999,605.85,1,34.47600000000011
827.26,605.55,1,34.478000000000065
827.1,604.95,1,34.48000000000002
827.14,604.6500000000001,1,34.48199999999997
827.3,603.9375,1,34.483999999999924
827.46,604.7625,1,34.48600000000033
827.66,604.6875,1,34.488000000000284
828.1,603.5625,1,34.49000000000024
827.94,603.8625,1,34.49200000000019
827.94,603.1125,1,34.49400000000014
828.22,603.7125,1,34.496000000000095
829.02,603.6,1,34.49800000000005
829.06,603.15,1,34.5
828.98,602.925,1,34.50199999999995
829.5,602.925,1,34.503999999999905
829.62,602.4749999999999,1,34.50600000000031
829.74,602.4,1,34.508000000000266
830.14,602.4375,1,34.51000000000022
830.34,602.0625,1,34.51200000000017
829.9000000000001,602.5125,1,34.514000000000124
829.9000000000001,602.2875,1,34.516000000000076
830.06,602.25,1,34.51800000000003
830.22,602.5875,1,34.51999999999998
830.14,602.3625,1,34.521999999999935
830.7,600.7875,1,34.52400000000034
830.62,601.05,1,34.526000000000295
830.8199999999999,600.8625,1,34.52800000000025
830.74,600.7875,1,34.5300000000002
831.14,601.725,1,34.53200000000015
830.9,601.3499999999999,1,34.534000000000106
831.1,601.5374999999999,1,34.53600000000006
831.34,601.875,1,34.53800000000001
831.22,601.3125,1,34.539999999999964
831.0999999999999,602.0625,1,34.541999999999916
831.14,600.825,1,34.544000000000324
831.06,601.0125,1,34.54600000000028
830.8199999999999,600.9000000000001,1,34.54800000000023
830.7,601.05,1,34.55000000000018
829.62,601.575,1,34.552000000000135
828.02,601.5,1,34.55400000000009
824.6600000000001,602.325,1,34.55600000000004
817.78,604.2375,1,34.55799999999999
810.42,602.5125,1,34.559999999999945
800.62,604.425,1,34.5619999999999
788.4200000000001,603.3375,1,34.564000000000306
776.78,605.85,1,34.56600000000026
762.78,605.1,1,34.56800000000021
748.9000000000001,605.925,1,34.570000000000164
735.46,606.975,1,34.572000000000116
722.54,608.5875000000001,1,34.57400000000007
708.7,608.1375,1,34.57600000000002
693.9,608.6625,1,34.577999999999975
678.6600000000001,609.2625,1,34.57999999999993
662.1800000000001,610.7625,1,34.582000000000335
645.8199999999999,612.3,1,34.58400000000029
629.9,613.425,1,34.58600000000024
614.46,613.9875,1,34.58800000000019
598.8599999999999,616.2,1,34.590000000000146
585.54,617.925,1,34.5920000000001
571.94,618.5999999999999,1,34.59400000000005
560.78,618.6375,1,34.596000000000004
548.3,619.3875,1,34.597999999999956
536.62,620.25,1,34.59999999999991
522.02,621.0,1,34.60200000000032
506.54,621.45,1,34.60400000000027
491.94,621.9375,1,34.60600000000022
475.7,622.0125,1,34.608000000000175
460.1,624.0,1,34.61000000000013
445.62,626.325,1,34.61200000000008
430.78,627.7125,1,34.61400000000003
417.65999999999997,628.0125,1,34.615999999999985
404.41999999999996,630.5250000000001,1,34.61799999999994
391.98,630.9,1,34.620000000000346
379.26,630.6375,1,34.6220000000003
370.78,632.55,1,34.62400000000025
363.1,632.6624999999999,1,34.626000000000204
357.14,631.125,1,34.628000000000156
354.9,629.4000000000001,1,34.63000000000011
354.42,628.275,1,34.63200000000006
354.41999999999996,627.75,1,34.634000000000015
355.1,627.45,1,34.63599999999997
355.5,626.5125,1,34.63799999999992
355.74,625.725,1,34.64000000000033
355.62,625.875,1,34.64200000000028
356.02,626.1375,1,34.64400000000023
355.78,625.8,1,34.646000000000186
356.02,625.6125,1,34.64800000000014
356.26,625.125,1,34.65000000000009
356.53999999999996,624.825,1,34.652000000000044
355.94,623.6625,1,34.653999999999996
355.86,623.4749999999999,1,34.65599999999995
355.34,623.1375,1,34.6579999999999
355.22,622.35,1,34.66000000000031
354.38,622.4625000000001,1,34.66200000000026
354.42,622.05,1,34.664000000000215
354.42,621.5625,1,34.66600000000017
354.14,621.2249999999999,1,34.66800000000012
354.18,621.1500000000001,1,34.67000000000007
353.86,620.2125000000001,1,34.672000000000025
353.46,619.875,1,34.67399999999998
353.62,619.1625,1,34.67599999999993
353.65999999999997,618.45,1,34.67800000000034
353.58,618.5625,1,34.68000000000029
353.5,618.375,1,34.682000000000244
353.74,618.4124999999999,1,34.6840000000002
353.02,618.6,1,34.68600000000015
353.65999999999997,618.075,1,34.6880000000001
353.82000000000005,618.2625,1,34.690000000000055
353.38,617.625,1,34.69200000000001
353.14,618.075,1,34.69399999999996
353.9,617.1375,1,34.69599999999991
353.7,616.6125,1,34.69800000000032
353.14,616.2375,1,34.70000000000027
353.9,616.4625000000001,1,34.702000000000226
353.94,615.9375,1,34.70400000000018
353.94,616.9875,1,34.70600000000013
354.3,615.225,1,34.708000000000084
353.58000000000004,615.825,1,34.710000000000036
353.58000000000004,615.3375,1,34.71199999999999
353.46000000000004,614.4375,1,34.71399999999994
353.42,614.475,1,34.71600000000035
353.5,614.4,1,34.7180000000003
353.5,613.8375000000001,1,34.720000000000255
353.3,614.0625,1,34.72200000000021
353.26,612.825,1,34.72400000000016
353.7,613.0125,1,34.72600000000011
353.02,612.375,1,34.728000000000065
352.70000000000005,612.75,1,34.73000000000002
352.58000000000004,611.4375,1,34.73199999999997
352.5,611.8499999999999,1,34.733999999999924
353.02,610.7625,1,34.73600000000033
352.42,611.4,1,34.738000000000284
352.7,611.1375,1,34.74000000000024
352.78,611.0250000000001,1,34.74200000000019
352.14,611.55,1,34.74400000000014
352.46000000000004,610.425,1,34.746000000000095
352.5,610.2,1,34.74800000000005
352.46000000000004,611.25,1,34.75
352.46,611.175,1,34.75199999999995
352.38,609.975,1,34.753999999999905
351.98,610.8375,1,34.75600000000031
352.02,611.3625,1,34.758000000000266
351.78,610.875,1,34.76000000000022
351.74,611.5125,1,34.76200000000017
351.42,611.4,1,34.764000000000124
351.70000000000005,611.5875,1,34.766000000000076
351.29999999999995,612.1125,1,34.76800000000003
350.98,611.925,1,34.76999999999998
350.9,612.375,1,34.771999999999935
350.74,613.2375,1,34.77400000000034
350.62,613.0875,1,34.776000000000295
350.5,613.2,1,34.77800000000025
350.78,613.3125,1,34.7800000000002
350.41999999999996,612.7125000000001,1,34.78200000000015
350.65999999999997,612.1875,1,34.784000000000106
350.38,612.825,1,34.78600000000006
350.34000000000003,612.1125,1,34.78800000000001
350.86,612.15,1,34.789999999999964
350.46,611.5875000000001,1,34.791999999999916
350.62,611.4,1,34.794000000000324
350.5,612.6375,1,34.79600000000028
350.46000000000004,611.8125,1,34.79800000000023
350.78,611.2874999999999,1,34.80000000000018
350.41999999999996,610.5374999999999,1,34.802000000000135
350.94,609.75,1,34.80400000000009
350.82,609.675,1,34.80600000000004
350.3,609.0375,1,34.80799999999999
350.26,608.9625000000001,1,34.809999999999945
350.1,608.2125,1,34.8119999999999
350.34000000000003,609.225,1,34.814000000000306
350.54,607.65,1,34.81600000000026
349.98,608.0250000000001,1,34.81800000000021
350.38,607.8,1,34.820000000000164
350.14,606.225,1,34.822000000000116
349.34000000000003,606.975,1,34.82400000000007
350.14,607.0875,1,34.82600000000002
350.1,606.45,1,34.827999999999975
350.26,606.7874999999999,1,34.82999999999993
349.94,607.05,1,34.832000000000335
350.06,606.8625,1,34.83400000000029
349.94,606.6375,1,34.83600000000024
350.18,606.5625,1,34.83800000000019
350.46000000000004,606.1500000000001,1,34.840000000000146
350.1,606.375,1,34.8420000000001
350.46000000000004,606.15,1,34.84400000000005
350.46000000000004,605.9625,1,34.846000000000004
350.1,606.7125,1,34.847999999999956
349.9,605.85,1,34.84999999999991
349.9,606.4125,1,34.85200000000032
350.26,607.2750000000001,1,34.85400000000027
350.26,607.6875,1,34.85600000000022
350.34000000000003,607.2,1,34.858000000000175
349.98,607.6875,1,34.86000000000013
350.14,607.5374999999999,1,34.86200000000008
350.62,608.325,1,34.86400000000003
350.78,607.9124999999999,1,34.865999999999985
350.18,607.6125,1,34.86799999999994
350.9,608.0625,1,34.870000000000346
350.74,608.175,1,34.8720000000003
350.53999999999996,608.4375,1,34.87400000000025
350.86,608.2125000000001,1,34.876000000000204
350.65999999999997,608.6625,1,34.878000000000156
350.38,609.4875,1,34.88000000000011
350.5,608.6625,1,34.88200000000006
350.29999999999995,608.625,1,34.884000000000015
350.65999999999997,609.4124999999999,1,34.88599999999997
350.34000000000003,609.4125,1,34.88799999999992
350.74,609.5625,1,34.89000000000033
350.38,609.7875,1,34.89200000000028
350.38,609.2249999999999,1,34.89400000000023
350.34000000000003,610.2,1,34.896000000000186
350.46,610.0125,1,34.89800000000014
350.46000000000004,609.675,1,34.90000000000009
350.42,609.6375,1,34.902000000000044
350.65999999999997,609.8625,1,34.903999999999996
350.22,610.5,1,34.90599999999995
350.46,609.675,1,34.9079999999999
350.26,609.3,1,34.91000000000031
350.38,609.1875,1,34.91200000000026
350.26,609.525,1,34.914000000000215
350.26,608.925,1,34.91600000000017
350.22,609.2249999999999,1,34.91800000000012
350.1,609.375,1,34.92000000000007
350.02,608.8125,1,34.922000000000025
350.14,608.4375,1,34.92399999999998
350.06,609.1500000000001,1,34.92599999999993
349.94,608.55,1,34.92800000000034
350.26,608.3625,1,34.93000000000029
350.02,608.4,1,34.932000000000244
349.94000000000005,608.175,1,34.9340000000002
349.5,608.2125,1,34.93600000000015
349.41999999999996,608.3625,1,34.9380000000001
349.53999999999996,607.8375000000001,1,34.940000000000055
349.02,608.2874999999999,1,34.94200000000001
349.42,608.0625,1,34.94399999999996
349.17999999999995,607.8,1,34.94599999999991
349.26,607.425,1,34.94800000000032
349.18,607.3125,1,34.95000000000027
349.14,608.325,1,34.952000000000226
349.1,608.0999999999999,1,34.95400000000018
349.1,607.9125,1,34.95600000000013
349.5,607.9125,1,34.958000000000084
349.3,608.5875000000001,1,34.960000000000036
349.1,608.1,1,34.96199999999999
348.78,608.7,1,34.96399999999994
349.02,608.1375,1,34.96600000000035
349.46,608.25,1,34.9680000000003
348.9,607.9875,1,34.970000000000255
349.06,608.25,1,34.97200000000021
348.9,608.4375,1,34.97400000000016
349.06,608.2125,1,34.97600000000011
348.78,608.8499999999999,1,34.978000000000065
349.06,608.1,1,34.98000000000002
348.86,608.8125,1,34.98199999999997
348.82000000000005,607.575,1,34.983999999999924
348.86,608.2874999999999,1,34.98600000000033
348.53999999999996,607.9875,1,34.988000000000284
349.18,608.325,1,34.99000000000024
348.82,608.3625,1,34.99200000000019
348.78,608.7,1,34.99400000000014
348.86,608.7375,1,34.996000000000095
348.62,608.475,1,34.99800000000005
349.26,607.6500000000001,1,35.0
349.18,608.4375,1,35.00199999999995
349.34000000000003,609.3,1,35.003999999999905
349.98,608.5875,1,35.00600000000031
350.94,608.7375,1,35.008000000000266
353.62,609.1875,1,35.01000000000022
356.41999999999996,610.3875,1,35.01200000000017
360.18,611.0250000000001,1,35.014000000000124
364.78,612.5625,1,35.016000000000076
369.06,611.8875,1,35.01800000000003
375.5,612.5625,1,35.01999999999998
379.9,614.3625,1,35.021999999999935
383.29999999999995,615.525,1,35.02400000000034
387.38,615.3,1,35.026000000000295
388.78,615.0374999999999,1,35.02800000000025
391.02,615.1125,1,35.0300000000002
392.22,615.825,1,35.03200000000015
393.42,614.7,1,35.034000000000106
393.94,615.0375,1,35.03600000000006
394.06,615.375,1,35.03800000000001
394.94000000000005,615.6,1,35.039999999999964
394.94,614.8125,1,35.041999999999916
394.9,615.9375,1,35.044000000000324
394.74,614.85,1,35.04600000000028
394.54,615.1500000000001,1,35.04800000000023
393.3,615.7125,1,35.05000000000018
394.17999999999995,615.45,1,35.052000000000135
394.02,615.1875,1,35.05400000000009
393.74,615.7125000000001,1,35.05600000000004
393.9,615.1875,1,35.05799999999999
394.38,615.2625,1,35.059999999999945
393.82,615.3375,1,35.0619999999999
393.62,615.525,1,35.064000000000306
393.82,614.85,1,35.06600000000026
393.86,616.125,1,35.06800000000021
393.14,615.675,1,35.070000000000164
393.65999999999997,615.525,1,35.072000000000116
393.34,615.9375,1,35.07400000000007
393.41999999999996,615.7125,1,35.07600000000002
393.5,615.2249999999999,1,35.077999999999975
393.78,615.6,1,35.07999999999993
393.46000000000004,615.675,1,35.082000000000335
393.65999999999997,614.8125,1,35.08400000000029
393.78,615.0375,1,35.08600000000024
393.78,615.0375,1,35.08800000000019
393.7,615.45,1,35.090000000000146
393.26,614.8125,1,35.0920000000001
393.38,614.475,1,35.09400000000005
393.82000000000005,614.3625,1,35.096000000000004
393.14,614.3625,1,35.097999999999956
393.38,614.4749999999999,1,35.09999999999991
393.70000000000005,613.8375000000001,1,35.10200000000032
393.1,614.55,1,35.10400000000027
393.02,614.5875,1,35.10600000000022
393.34000000000003,614.1375,1,35.108000000000175
392.78,614.2874999999999,1,35.11000000000013
392.94,613.875,1,35.11200000000008
392.74,613.5375,1,35.11400000000003
393.1,613.2750000000001,1,35.115999999999985
392.94,613.125,1,35.11799999999994
392.82,612.375,1,35.120000000000346
392.46000000000004,612.3375000000001,1,35.1220000000003
392.86,612.2625,1,35.12400000000025
392.38,611.925,1,35.126000000000204
392.54,610.8,1,35.128000000000156
392.38,610.875,1,35.13000000000011
392.94,611.1375,1,35.13200000000006
392.74,610.1625,1,35.134000000000015
392.29999999999995,610.4625,1,35.13599999999997
392.5,609.9,1,35.13799999999992
391.98,609.9749999999999,1,35.14000000000033
391.94,610.3125,1,35.14200000000028
391.94000000000005,609.2625,1,35.14400000000023
391.94,609.075,1,35.146000000000186
391.74,608.925,1,35.14800000000014
391.65999999999997,609.075,1,35.15000000000009
392.34000000000003,609.3,1,35.152000000000044
391.74,610.125,1,35.153999999999996
391.86,609.45,1,35.15599999999995
392.14,609.975,1,35.1579999999999
391.58000000000004,610.425,1,35.16000000000031
391.70000000000005,610.2,1,35.16200000000026
391.62,610.8375,1,35.164000000000215
392.18,610.6125,1,35.16600000000017
391.78,611.8875,1,35.16800000000012
391.74,611.925,1,35.17000000000007
392.18,612.2625,1,35.172000000000025
391.62,612.4125,1,35.17399999999998
391.5,612.3375,1,35.17599999999993
391.9,612.5999999999999,1,35.17800000000034
392.02,612.7125,1,35.18000000000029
391.65999999999997,613.125,1,35.182000000000244
391.86,613.0125,1,35.1840000000002
392.18,612.45,1,35.18600000000015
392.1,612.4875,1,35.1880000000001
392.65999999999997,612.1125,1,35.190000000000055
392.5,612.5625,1,35.19200000000001
392.5,612.4875,1,35.19399999999996
392.38,612.6,1,35.19599999999991
392.26,612.6,1,35.19800000000032
392.46000000000004,612.2249999999999,1,35.20000000000027
392.14,612.225,1,35.202000000000226
391.94,612.3,1,35.20400000000018
391.94,612.5625,1,35.20600000000013
392.34000000000003,612.4875,1,35.208000000000084
392.22,612.45,1,35.210000000000036
392.18,612.5625,1,35.21199999999999
392.74,611.6625,1,35.21399999999994
392.34000000000003,612.75,1,35.21600000000035
392.22,611.8875,1,35.2180000000003
392.78,612.0,1,35.220000000000255
392.26,612.0375,1,35.22200000000021
392.06,611.925,1,35.22400000000016
392.74,612.15,1,35.22600000000011
392.3,612.225,1,35.228000000000065
392.42,612.1875,1,35.23000000000002
392.46,611.9625000000001,1,35.23199999999997
392.53999999999996,611.4375,1,35.233999999999924
392.70000000000005,612.075,1,35.23600000000033
392.65999999999997,612.6375,1,35.238000000000284
392.58,612.5625,1,35.24000000000024
392.7,611.8125,1,35.24200000000019
392.38,611.925,1,35.24400000000014
392.65999999999997,610.9124999999999,1,35.246000000000095
392.86,612.1500000000001,1,35.24800000000005
392.86,612.825,1,35.25
392.9,612.0375,1,35.25199999999995
392.94,612.45,1,35.253999999999905
392.5,612.7874999999999,1,35.25600000000031
392.46000000000004,611.8875,1,35.258000000000266
392.94000000000005,612.3375,1,35.26000000000022
392.34,612.7125000000001,1,35.26200000000017
392.53999999999996,612.675,1,35.264000000000124
392.78,611.925,1,35.266000000000076
392.41999999999996,612.2625,1,35.26800000000003
392.34000000000003,612.375,1,35.26999999999998
392.14,611.925,1,35.271999999999935
392.41999999999996,612.2625,1,35.27400000000034
392.58000000000004,612.825,1,35.276000000000295
392.5,613.0125,1,35.27800000000025
392.7,612.1875,1,35.2800000000002
392.78,612.3,1,35.28200000000015
392.53999999999996,611.8875,1,35.284000000000106
392.5,612.7125,1,35.28600000000006
392.34000000000003,613.125,1,35.28800000000001
392.9,612.675,1,35.289999999999964
392.14,612.75,1,35.291999999999916
392.65999999999997,612.9375,1,35.294000000000324
392.34000000000003,612.675,1,35.29600000000028
392.26,612.9000000000001,1,35.29800000000023
392.34000000000003,611.8499999999999,1,35.30000000000018
392.22,612.7125,1,35.302000000000135
392.34000000000003,612.45,1,35.30400000000009
392.58000000000004,612.375,1,35.30600000000004
392.41999999999996,611.8125,1,35.30799999999999
392.41999999999996,611.7,1,35.309999999999945
392.38,612.2625,1,35.3119999999999
392.62,611.325,1,35.314000000000306
392.41999999999996,611.6624999999999,1,35.31600000000026
392.58000000000004,611.775,1,35.31800000000021
392.53999999999996,611.3625,1,35.320000000000164
392.74,611.1,1,35.322000000000116
392.94,610.5375,1,35.32400000000007
392.62,611.1375,1,35.32600000000002
392.62,611.2874999999999,1,35.327999999999975
392.62,612.1125,1,35.32999999999993
392.74,610.95,1,35.332000000000335
392.86,610.6875,1,35.33400000000029
393.02,610.7249999999999,1,35.33600000000024
392.5,610.875,1,35.33800000000019
392.5,611.4375,1,35.340000000000146
392.86,610.35,1,35.3420000000001
392.86,611.25,1,35.34400000000005
392.78,611.55,1,35.346000000000004
393.1,611.1,1,35.347999999999956
393.06,611.2874999999999,1,35.34999999999991
392.65999999999997,610.575,1,35.35200000000032
392.98,611.175,1,35.35400000000027
392.9,611.1,1,35.35600000000022
392.9,611.475,1,35.358000000000175
393.06,611.475,1,35.36000000000013
392.86,610.875,1,35.36200000000008
392.9,611.325,1,35.36400000000003
392.82000000000005,610.875,1,35.365999999999985
393.02,611.0625,1,35.36799999999994
393.1,611.0625,1,35.370000000000346
393.3,611.325,1,35.3720000000003
393.22,612.2625,1,35.37400000000025
392.98,611.5125,1,35.376000000000204
393.3,611.175,1,35.378000000000156
393.38,611.325,1,35.38000000000011
393.06,611.6625,1,35.38200000000006
393.06,611.625,1,35.384000000000015
392.94000000000005,611.625,1,35.38599999999997
392.41999999999996,611.4,1,35.38799999999992
391.42,611.5125,1,35.39000000000033
388.38,610.8,1,35.39200000000028
384.14,608.25,1,35.39400000000023
379.74,605.925,1,35.396000000000186
372.82000000000005,604.3499999999999,1,35.39800000000014
366.02,602.925,1,35.40000000000009
357.9,600.525,1,35.402000000000044
350.14,598.875,1,35.403999999999996
343.7,597.675,1,35.40599999999995
338.1,595.35,1,35.4079999999999
332.78,593.475,1,35.41000000000031
326.34000000000003,591.7874999999999,1,35.41200000000026
322.1,589.7625,1,35.414000000000215
316.98,586.6875,1,35.41600000000017
312.65999999999997,586.05,1,35.41800000000012
309.9,584.4,1,35.42000000000007
307.1,584.325,1,35.422000000000025
305.65999999999997,584.8875,1,35.42399999999998
305.9,583.6875,1,35.42599999999993
305.74,584.2125,1,35.42800000000034
305.46000000000004,584.3625,1,35.43000000000029
306.34000000000003,583.9125,1,35.432000000000244
307.1,583.7249999999999,1,35.4340000000002
307.38,583.5,1,35.43600000000015
307.38,584.8125,1,35.4380000000001
307.78,584.25,1,35.440000000000055
307.70000000000005,583.9875,1,35.44200000000001
307.9,584.25,1,35.44399999999996
307.9,584.2125000000001,1,35.44599999999991
307.74,584.4,1,35.44800000000032
307.53999999999996,584.25,1,35.45000000000027
308.18,584.325,1,35.452000000000226
307.94,583.95,1,35.45400000000018
307.54,583.7625,1,35.45600000000013
307.70000000000005,583.6125,1,35.458000000000084
307.82,584.3625,1,35.460000000000036
307.54,583.7625,1,35.46199999999999
308.06,583.425,1,35.46399999999994
307.29999999999995,583.95,1,35.46600000000035
307.78,583.2750000000001,1,35.4680000000003
307.74,582.6375,1,35.470000000000255
307.78,583.0875000000001,1,35.47200000000021
307.54,583.3875,1,35.47400000000016
307.22,582.675,1,35.47600000000011
307.22,582.7875,1,35.478000000000065
307.65999999999997,582.7125,1,35.48000000000002
307.9,582.2625,1,35.48199999999997
307.5,582.0,1,35.483999999999924
307.42,581.5125,1,35.48600000000033
307.17999999999995,581.4000000000001,1,35.488000000000284
307.26,581.7375,1,35.49000000000024
307.1,581.1375,1,35.49200000000019
306.82,581.5875000000001,1,35.49400000000014
306.58000000000004,581.5125,1,35.496000000000095
307.29999999999995,580.8,1,35.49800000000005
306.86,581.0999999999999,1,35.5
305.94,580.9125,1,35.50199999999995
306.70000000000005,580.425,1,35.503999999999905
306.78,580.2,1,35.50600000000031
306.26,581.1,1,35.508000000000266
306.1,581.025,1,35.51000000000022
306.34000000000003,580.6500000000001,1,35.51200000000017
306.26,580.7249999999999,1,35.514000000000124
306.02,580.875,1,35.516000000000076
305.94,581.775,1,35.51800000000003
306.17999999999995,580.7249999999999,1,35.51999999999998
305.34000000000003,581.025,1,35.521999999999935
305.29999999999995,580.875,1,35.52400000000034
305.38,580.95,1,35.526000000000295
305.22,580.4625,1,35.52800000000025
305.3,579.9375,1,35.5300000000002
305.18,579.975,1,35.53200000000015
304.94,580.6875,1,35.534000000000106
304.74,579.5625,1,35.53600000000006
305.3,579.825,1,35.53800000000001
304.9,579.45,1,35.539999999999964
305.34000000000003,579.7125,1,35.541999999999916
305.02,578.7375,1,35.544000000000324
305.22,578.2874999999999,1,35.54600000000028
305.1,578.7,1,35.54800000000023
304.82,578.3625,1,35.55000000000018
305.14,577.3499999999999,1,35.552000000000135
305.82,577.4625000000001,1,35.55400000000009
305.02,577.4625000000001,1,35.55600000000004
305.70000000000005,577.05,1,35.55799999999999
305.5,577.2,1,35.559999999999945
305.14,577.3125,1,35.5619999999999
305.29999999999995,576.7875,1,35.564000000000306
305.14,576.8625,1,35.56600000000026
305.14,576.8625,1,35.56800000000021
305.38,577.0125,1,35.570000000000164
305.74,576.75,1,35.572000000000116
305.06,577.3875,1,35.57400000000007
305.42,577.7625,1,35.57600000000002
305.14,578.325,1,35.577999999999975
305.5,578.3625,1,35.57999999999993
304.98,578.2125,1,35.582000000000335
304.58000000000004,578.7,1,35.58400000000029
304.65999999999997,578.8125,1,35.58600000000024
304.98,578.7375,1,35.58800000000019
304.7,579.3,1,35.590000000000146
305.14,578.8875,1,35.5920000000001
305.06,579.1125,1,35.59400000000005
304.78,579.1875,1,35.596000000000004
305.02,578.25,1,35.597999999999956
304.62,578.925,1,35.59999999999991
304.62,579.6375,1,35.60200000000032
304.41999999999996,579.3375,1,35.60400000000027
304.9,579.0,1,35.60600000000022
304.38,579.3375000000001,1,35.608000000000175
304.9,579.1500000000001,1,35.61000000000013
304.82000000000005,579.3375000000001,1,35.61200000000008
304.53999999999996,579.9,1,35.61400000000003
304.02,579.8625,1,35.615999999999985
305.22,578.5875,1,35.61799999999994
304.62,579.0375,1,35.620000000000346
304.22,578.1,1,35.6220000000003
304.46000000000004,577.3499999999999,1,35.62400000000025
304.38,577.2,1,35.626000000000204
304.26,576.6375,1,35.628000000000156
303.9,577.7625,1,35.63000000000011
303.74,576.3375000000001,1,35.63200000000006
304.58000000000004,575.4375,1,35.634000000000015
304.42,575.7,1,35.63599999999997
303.94,575.7375,1,35.63799999999992
303.86,574.95,1,35.64000000000033
304.34,574.875,1,35.64200000000028
304.14,574.6875,1,35.64400000000023
304.02,574.6875,1,35.646000000000186
303.74,575.2125000000001,1,35.64800000000014
303.65999999999997,574.0125,1,35.65000000000009
303.65999999999997,573.4125,1,35.652000000000044
303.17999999999995,574.2375,1,35.653999999999996
303.54,573.8625,1,35.65599999999995
303.5,574.1625,1,35.6579999999999
303.02,573.1125,1,35.66000000000031
302.78,572.925,1,35.66200000000026
302.62,572.5125,1,35.664000000000215
302.7,572.6625,1,35.66600000000017
302.46,572.8125,1,35.66800000000012
302.54,573.5625,1,35.67000000000007
301.98,573.3375,1,35.672000000000025
302.62,572.85,1,35.67399999999998
302.34000000000003,573.0374999999999,1,35.67599999999993
302.82000000000005,572.8875,1,35.67800000000034
302.34000000000003,573.4125,1,35.68000000000029
302.98,573.9000000000001,1,35.682000000000244
303.86,573.4875,1,35.6840000000002
305.38,574.4625,1,35.68600000000015
308.14,574.275,1,35.6880000000001
312.78,574.4625,1,35.690000000000055
319.82,574.6125,1,35.69200000000001
329.22,574.05,1,35.69399999999996
339.18,573.2625,1,35.69599999999991
351.1,573.9000000000001,1,35.69800000000032
363.65999999999997,573.525,1,35.70000000000027
376.05999999999995,574.8,1,35.702000000000226
389.53999999999996,575.25,1,35.70400000000018
402.18,577.6875,1,35.70600000000013
414.1,577.05,1,35.708000000000084
427.18,575.4375,1,35.710000000000036
436.17999999999995,574.0125,1,35.71199999999999
447.26,572.7375,1,35.71399999999994
453.46000000000004,571.8375,1,35.71600000000035
460.29999999999995,571.3875,1,35.7180000000003
464.65999999999997,571.2375,1,35.720000000000255
466.34000000000003,571.0875,1,35.72200000000021
467.5,570.1125,1,35.72400000000016
467.41999999999996,570.2625,1,35.72600000000011
467.86,568.5374999999999,1,35.728000000000065
467.9,568.575,1,35.73000000000002
467.1,568.8,1,35.73199999999997
467.58,568.125,1,35.733999999999924
467.5,568.05,1,35.73600000000033
466.42,568.3125,1,35.738000000000284
467.26,566.4,1,35.74000000000024
466.98,566.55,1,35.74200000000019
467.1,566.4375,1,35.74400000000014
467.14,566.55,1,35.746000000000095
467.9,566.2125000000001,1,35.74800000000005
467.74,567.2249999999999,1,35.75
467.7,566.2875,1,35.75199999999995
467.82000000000005,565.9125,1,35.753999999999905
467.5,564.45,1,35.75600000000031
467.7,565.7625,1,35.758000000000266
468.26,565.2,1,35.76000000000022
467.74,564.2625,1,35.76200000000017
468.02,564.3,1,35.764000000000124
467.82,565.0875,1,35.766000000000076
467.5,563.6624999999999,1,35.76800000000003
467.38,563.625,1,35.76999999999998
467.86,563.5875,1,35.771999999999935
467.74,562.7625,1,35.77400000000034
467.58000000000004,563.8125,1,35.776000000000295
467.18,563.7375,1,35.77800000000025
467.1,563.6625,1,35.7800000000002
467.41999999999996,563.1375,1,35.78200000000015
467.1,562.95,1,35.784000000000106
466.78,563.6624999999999,1,35.78600000000006
467.5,563.175,1,35.78800000000001
467.38,562.05,1,35.789999999999964
467.05999999999995,561.375,1,35.791999999999916
466.9,562.3499999999999,1,35.794000000000324
467.26,561.825,1,35.79600000000028
466.9,561.5250000000001,1,35.79800000000023
466.06,561.2625,1,35.80000000000018
465.98,561.0,1,35.802000000000135
467.02,560.55,1,35.80400000000009
466.58,560.55,1,35.80600000000004
467.41999999999996,560.0625,1,35.80799999999999
466.29999999999995,559.7625,1,35.809999999999945
466.65999999999997,560.175,1,35.8119999999999
466.62,560.5875000000001,1,35.814000000000306
466.1,559.3875,1,35.81600000000026
466.1,560.775,1,35.81800000000021
466.26,560.1375,1,35.820000000000164
466.06,559.6875,1,35.822000000000116
466.46000000000004,559.575,1,35.82400000000007
466.3,559.05,1,35.82600000000002
465.7,560.0625,1,35.827999999999975
465.74,559.2375,1,35.82999999999993
465.86,558.8625,1,35.832000000000335
465.9,559.95,1,35.83400000000029
466.34000000000003,558.975,1,35.83600000000024
466.18,557.8125,1,35.83800000000019
465.74,558.4124999999999,1,35.840000000000146
465.62,557.8499999999999,1,35.8420000000001
466.02,557.85,1,35.84400000000005
465.94,559.05,1,35.846000000000004
465.7,557.25,1,35.847999999999956
466.06,557.5875,1,35.84999999999991
465.5,557.025,1,35.85200000000032
466.1,556.95,1,35.85400000000027
465.86,557.4375,1,35.85600000000022
465.7,555.7874999999999,1,35.858000000000175
465.74,556.5375,1,35.86000000000013
465.06,555.5625,1,35.86200000000008
465.46,555.2249999999999,1,35.86400000000003
465.70000000000005,555.75,1,35.865999999999985
465.82000000000005,555.9,1,35.86799999999994
465.1,555.075,1,35.870000000000346
465.98,555.375,1,35.8720000000003
465.29999999999995,554.775,1,35.87400000000025
465.86,554.7,1,35.876000000000204
465.22,555.825,1,35.878000000000156
465.53999999999996,555.1125,1,35.88000000000011
465.02,555.075,1,35.88200000000006
465.34000000000003,555.8625,1,35.884000000000015
465.29999999999995,555.3,1,35.88599999999997
465.26,554.625,1,35.88799999999992
465.34000000000003,555.45,1,35.89000000000033
465.29999999999995,554.8875,1,35.89200000000028
465.1,555.0374999999999,1,35.89400000000023
465.18,555.0374999999999,1,35.896000000000186
465.18,555.75,1,35.89800000000014
465.02,555.825,1,35.90000000000009
464.86,556.3875,1,35.902000000000044
465.41999999999996,555.225,1,35.903999999999996
464.86,555.675,1,35.90599999999995
464.9,554.8875,1,35.9079999999999
465.38,556.125,1,35.91000000000031
465.70000000000005,556.05,1,35.91200000000026
465.5,556.4625,1,35.914000000000215
465.78,555.4124999999999,1,35.91600000000017
465.65999999999997,555.3375,1,35.91800000000012
465.5,555.9375,1,35.92000000000007
465.65999999999997,555.7125000000001,1,35.922000000000025
465.62,555.7874999999999,1,35.92399999999998
465.5,555.3,1,35.92599999999993
465.7,555.6375,1,35.92800000000034
465.86,555.6,1,35.93000000000029
465.82,555.1875,1,35.932000000000244
465.66,555.3375,1,35.9340000000002
465.46000000000004,555.45,1,35.93600000000015
466.06,554.5875,1,35.9380000000001
465.98,555.2249999999999,1,35.940000000000055
466.18,555.1875,1,35.94200000000001
465.7,554.7375,1,35.94399999999996
466.02,554.3625,1,35.94599999999991
465.78,553.6125,1,35.94800000000032
466.02,554.2875,1,35.95000000000027
466.02,554.5875000000001,1,35.952000000000226
465.58000000000004,554.55,1,35.95400000000018
466.18,553.4625000000001,1,35.95600000000013
465.9,554.325,1,35.958000000000084
466.98,553.95,1,35.960000000000036
468.94,554.5125,1,35.96199999999999
473.62,555.2625,1,35.96399999999994
479.98,556.9875,1,35.96600000000035
489.86,559.8375,1,35.9680000000003
499.5,561.9375,1,35.970000000000255
513.86,564.675,1,35.97200000000021
527.22,567.6375,1,35.97400000000016
542.06,569.0625,1,35.97600000000011
558.46,570.8625,1,35.978000000000065
575.82,573.2625,1,35.98000000000002
593.42,577.2375,1,35.98199999999997
611.74,579.075,1,35.983999999999924
630.58,583.2,1,35.98600000000033
648.78,586.05,1,35.988000000000284
668.3,587.325,1,35.99000000000024
687.02,588.525,1,35.99200000000019
703.5799999999999,590.8125,1,35.99400000000014
720.9000000000001,591.975,1,35.996000000000095
736.5799999999999,594.8625,1,35.99800000000005
752.94,594.4124999999999,1,36.0
767.9,593.625,1,36.00199999999995
782.5799999999999,594.8625,1,36.003999999999905
797.54,597.7125,1,36.00600000000031
812.98,599.6624999999999,1,36.008000000000266
826.74,599.8125,1,36.01000000000022
841.14,599.7375,1,36.01200000000017
855.42,601.4625,1,36.014000000000124
867.46,602.55,1,36.016000000000076
878.1800000000001,601.35,1,36.01800000000003
885.74,601.1624999999999,1,36.01999999999998
889.3399999999999,598.4625,1,36.021999999999935
893.66,596.7375,1,36.02400000000034
894.7,593.9625000000001,1,36.026000000000295
894.3399999999999,592.1625,1,36.02800000000025
893.5799999999999,591.1125,1,36.0300000000002
892.54,589.3875,1,36.03200000000015
892.5799999999999,588.45,1,36.034000000000106
892.06,588.975,1,36.03600000000006
891.74,589.8,1,36.03800000000001
892.02,589.575,1,36.039999999999964
891.7,590.1,1,36.041999999999916
891.22,589.275,1,36.044000000000324
891.58,589.8,1,36.04600000000028
891.74,589.5,1,36.04800000000023
891.74,589.2,1,36.05000000000018
891.8199999999999,588.3,1,36.052000000000135
892.22,587.625,1,36.05400000000009
892.3399999999999,587.25,1,36.05600000000004
892.46,587.4375,1,36.05799999999999
892.06,586.725,1,36.059999999999945
893.02,586.4625000000001,1,36.0619999999999
892.78,585.5625,1,36.064000000000306
892.7,585.3,1,36.06600000000026
893.3399999999999,584.7,1,36.06800000000021
893.62,584.4000000000001,1,36.070000000000164
893.38,583.2375,1,36.072000000000116
893.06,583.6125,1,36.07400000000007
893.6600000000001,583.7625,1,36.07600000000002
893.8199999999999,582.9375,1,36.077999999999975
894.22,582.7125,1,36.07999999999993
893.86,582.225,1,36.082000000000335
894.06,582.6,1,36.08400000000029
893.98,581.5875000000001,1,36.08600000000024
894.22,581.625,1,36.08800000000019
894.1800000000001,580.5,1,36.090000000000146
894.0999999999999,580.875,1,36.0920000000001
893.86,580.6875,1,36.09400000000005
894.54,579.9000000000001,1,36.096000000000004
894.38,580.35,1,36.097999999999956
894.62,579.675,1,36.09999999999991
894.94,579.1125,1,36.10200000000032
894.8199999999999,579.0375,1,36.10400000000027
894.94,578.625,1,36.10600000000022
895.5,578.3625,1,36.108000000000175
895.26,578.325,1,36.11000000000013
895.06,577.9875,1,36.11200000000008
895.14,578.5875000000001,1,36.11400000000003
895.54,577.6875,1,36.115999999999985
895.46,578.5875,1,36.11799999999994
895.58,577.9875,1,36.120000000000346
895.46,577.5375,1,36.1220000000003
895.62,577.9875,1,36.12400000000025
895.9,578.0625,1,36.126000000000204
895.34,577.5375,1,36.128000000000156
895.8199999999999,577.875,1,36.13000000000011
896.02,577.8,1,36.13200000000006
895.8199999999999,577.7249999999999,1,36.134000000000015
895.74,577.875,1,36.13599999999997
896.02,577.9125,1,36.13799999999992
895.94,577.425,1,36.14000000000033
895.42,577.95,1,36.14200000000028
895.3,577.6125,1,36.14400000000023
895.78,577.6875,1,36.146000000000186
895.1400000000001,577.9124999999999,1,36.14800000000014
895.38,577.2,1,36.15000000000009
895.66,577.5374999999999,1,36.152000000000044
895.14,577.3125,1,36.153999999999996
894.9000000000001,577.0875,1,36.15599999999995
895.26,576.975,1,36.1579999999999
895.3,576.3,1,36.16000000000031
895.3399999999999,576.375,1,36.16200000000026
894.58,575.325,1,36.164000000000215
894.9000000000001,575.55,1,36.16600000000017
895.02,574.05,1,36.16800000000012
894.4200000000001,575.5875,1,36.17000000000007
894.62,573.675,1,36.172000000000025
894.5799999999999,574.05,1,36.17399999999998
894.86,573.6,1,36.17599999999993
894.3,572.4375,1,36.17800000000034
894.4200000000001,571.95,1,36.18000000000029
894.5799999999999,573.3,1,36.182000000000244
894.6199999999999,572.325,1,36.1840000000002
894.74,572.1375,1,36.18600000000015
894.7,571.6125,1,36.1880000000001
894.46,572.325,1,36.190000000000055
894.4200000000001,572.025,1,36.19200000000001
894.5,571.7625,1,36.19399999999996
893.9,572.175,1,36.19599999999991
894.18,572.4749999999999,1,36.19800000000032
894.4200000000001,572.3625,1,36.20000000000027
893.86,572.5875,1,36.202000000000226
894.54,572.8125,1,36.20400000000018
894.14,572.9625,1,36.20600000000013
894.3,572.925,1,36.208000000000084
894.5,573.075,1,36.210000000000036
894.3,573.0,1,36.21199999999999
894.14,573.0374999999999,1,36.21399999999994
894.1,572.8125,1,36.21600000000035
894.02,572.5125,1,36.2180000000003
894.1400000000001,572.1375,1,36.220000000000255
894.3,572.2874999999999,1,36.22200000000021
894.38,571.5374999999999,1,36.22400000000016
893.98,571.3125,1,36.22600000000011
894.3,570.1875,1,36.228000000000065
894.1800000000001,569.2125,1,36.23000000000002
894.42,569.2125,1,36.23199999999997
894.22,569.4749999999999,1,36.233999999999924
895.1800000000001,567.7874999999999,1,36.23600000000033
894.62,568.5,1,36.238000000000284
894.54,568.125,1,36.24000000000024
895.3,566.9625000000001,1,36.24200000000019
894.98,567.6375,1,36.24400000000014
895.1400000000001,566.85,1,36.246000000000095
895.46,566.8499999999999,1,36.24800000000005
895.46,566.8875,1,36.25
895.4200000000001,566.925,1,36.25199999999995
895.1,567.0,1,36.253999999999905
895.3399999999999,567.0,1,36.25600000000031
895.74,566.9625000000001,1,36.258000000000266
895.5,566.8125,1,36.26000000000022
895.8599999999999,566.6625,1,36.26200000000017
896.02,566.325,1,36.264000000000124
895.62,567.675,1,36.266000000000076
895.3800000000001,567.1500000000001,1,36.26800000000003
895.34,567.375,1,36.26999999999998
895.02,567.375,1,36.271999999999935
895.62,567.7874999999999,1,36.27400000000034
895.06,567.675,1,36.276000000000295
894.94,567.825,1,36.27800000000025
895.3399999999999,567.7875,1,36.2800000000002
895.3399999999999,568.2375,1,36.28200000000015
895.86,568.4625,1,36.284000000000106
895.4200000000001,567.5625,1,36.28600000000006
895.3399999999999,567.9000000000001,1,36.28800000000001
895.46,568.5375,1,36.289999999999964
895.34,567.7125,1,36.291999999999916
894.62,568.6125,1,36.294000000000324
894.94,568.6500000000001,1,36.29600000000028
895.5,568.725,1,36.29800000000023
895.06,568.7625,1,36.30000000000018
895.1,568.95,1,36.302000000000135
894.8199999999999,567.6,1,36.30400000000009
894.7,567.4875,1,36.30600000000004
894.62,567.9000000000001,1,36.30799999999999
894.22,568.2375,1,36.309999999999945
894.62,567.0375,1,36.3119999999999
894.26,567.9749999999999,1,36.314000000000306
894.46,567.4875,1,36.31600000000026
893.98,567.7125,1,36.31800000000021
893.9,567.825,1,36.320000000000164
894.02,567.675,1,36.322000000000116
893.5,568.0875,1,36.32400000000007
893.66,567.675,1,36.32600000000002
893.86,567.825,1,36.327999999999975
893.6199999999999,568.2375,1,36.32999999999993
893.02,568.425,1,36.332000000000335
893.3,568.2375,1,36.33400000000029
893.22,568.425,1,36.33600000000024
893.06,568.5374999999999,1,36.33800000000019
893.38,568.3125,1,36.340000000000146
893.3,569.25,1,36.3420000000001
892.34,569.0625,1,36.34400000000005
892.14,568.6875,1,36.346000000000004
890.34,567.9375,1,36.347999999999956
888.22,567.7125000000001,1,36.34999999999991
883.54,566.1,1,36.35200000000032
877.22,566.0999999999999,1,36.35400000000027
868.46,564.375,1,36.35600000000022
860.1,562.725,1,36.358000000000175
850.74,561.5625,1,36.36000000000013
843.3399999999999,559.05,1,36.36200000000008
836.98,558.2249999999999,1,36.36400000000003
830.8599999999999,556.9125,1,36.365999999999985
824.4200000000001,556.575,1,36.36799999999994
819.02,554.7,1,36.370000000000346
811.5799999999999,553.7625,1,36.3720000000003
804.26,552.4875,1,36.37400000000025
800.1800000000001,550.2375,1,36.376000000000204
795.7,549.0,1,36.378000000000156
793.34,547.8375,1,36.38000000000011
792.18,548.0625,1,36.38200000000006
792.14,547.3875,1,36.384000000000015
791.86,547.1625,1,36.38599999999997
792.46,548.175,1,36.38799999999992
792.98,548.7,1,36.39000000000033
793.14,547.9875,1,36.39200000000028
793.3,547.6125,1,36.39400000000023
793.66,546.45,1,36.396000000000186
793.86,546.8625,1,36.39800000000014
793.1400000000001,546.5250000000001,1,36.40000000000009
793.1,547.275,1,36.402000000000044
793.02,547.0875,1,36.403999999999996
792.66,546.8625,1,36.40599999999995
793.1800000000001,546.7125,1,36.4079999999999
792.5,546.975,1,36.41000000000031
791.9,546.75,1,36.41200000000026
791.7,546.75,1,36.414000000000215
791.98,546.7125,1,36.41600000000017
790.98,546.9375,1,36.41800000000012
791.1800000000001,545.9625000000001,1,36.42000000000007
790.6600000000001,546.2625,1,36.422000000000025
790.54,545.3625,1,36.42399999999998
790.78,545.325,1,36.42599999999993
790.5,544.2750000000001,1,36.42800000000034
790.54,544.875,1,36.43000000000029
790.6600000000001,544.05,1,36.432000000000244
790.4200000000001,543.75,1,36.4340000000002
790.1800000000001,543.6,1,36.43600000000015
790.3399999999999,543.3,1,36.4380000000001
790.74,543.0375,1,36.440000000000055
790.6600000000001,542.9625000000001,1,36.44200000000001
790.3,542.7750000000001,1,36.44399999999996
790.66,542.025,1,36.44599999999991
791.02,542.5125,1,36.44800000000032
791.06,542.175,1,36.45000000000027
791.22,541.875,1,36.452000000000226
790.94,542.7,1,36.45400000000018
791.14,542.1,1,36.45600000000013
791.22,542.0625,1,36.458000000000084
791.5,541.9875,1,36.460000000000036
791.18,541.6875,1,36.46199999999999
791.14,542.325,1,36.46399999999994
791.38,542.3625,1,36.46600000000035
791.34,543.0,1,36.4680000000003
791.38,542.55,1,36.470000000000255
791.5,543.075,1,36.47200000000021
791.38,542.8499999999999,1,36.47400000000016
791.3,543.45,1,36.47600000000011
791.5,542.7375,1,36.478000000000065
791.7,542.625,1,36.48000000000002
791.5799999999999,543.3375,1,36.48199999999997
791.66,542.8125,1,36.483999999999924
791.94,541.8,1,36.48600000000033
791.8199999999999,542.8875,1,36.488000000000284
791.62,541.6125,1,36.49000000000024
791.86,542.025,1,36.49200000000019
792.1800000000001,541.4625,1,36.49400000000014
791.62,541.0125,1,36.496000000000095
792.1,540.9749999999999,1,36.49800000000005
792.22,540.6375,1,36.5
791.94,540.3375,1,36.50199999999995
791.78,540.375,1,36.503999999999905
792.02,539.8125,1,36.50600000000031
791.78,539.625,1,36.508000000000266
792.1800000000001,538.875,1,36.51000000000022
791.8599999999999,538.2375,1,36.51200000000017
791.14,538.7249999999999,1,36.514000000000124
791.82,538.575,1,36.516000000000076
791.7,538.3875,1,36.51800000000003
791.38,537.5250000000001,1,36.51999999999998
791.58,538.1625,1,36.521999999999935
791.3,538.2,1,36.52400000000034
791.18,537.7125,1,36.526000000000295
791.26,537.1125,1,36.52800000000025
791.14,536.7375,1,36.5300000000002
790.7,537.1125,1,36.53200000000015
790.5799999999999,537.375,1,36.534000000000106
790.26,537.075,1,36.53600000000006
788.8599999999999,537.225,1,36.53800000000001
787.4200000000001,536.3625,1,36.539999999999964
783.78,533.8875,1,36.541999999999916
775.3,527.7,1,36.544000000000324
766.5,525.525,1,36.54600000000028
754.26,520.95,1,36.54800000000023
742.3,515.9625,1,36.55000000000018
727.3,508.65,1,36.552000000000135
713.26,504.75,1,36.55400000000009
699.3399999999999,500.7,1,36.55600000000004
683.14,497.9625,1,36.55799999999999
668.78,495.375,1,36.559999999999945
653.78,489.975,1,36.5619999999999
636.5,485.625,1,36.564000000000306
621.0999999999999,482.51250000000005,1,36.56600000000026
607.14,479.025,1,36.56800000000021
592.6600000000001,473.8125,1,36.570000000000164
581.14,466.0875,1,36.572000000000116
569.46,460.125,1,36.57400000000007
561.02,456.0,1,36.57600000000002
554.1,453.825,1,36.577999999999975
549.22,450.375,1,36.57999999999993
545.98,448.0875,1,36.582000000000335
544.42,446.92499999999995,1,36.58400000000029
543.1800000000001,444.86249999999995,1,36.58600000000024
543.26,444.4125,1,36.58800000000019
543.46,444.375,1,36.590000000000146
544.38,444.1875,1,36.5920000000001
544.7,444.15,1,36.59400000000005
544.94,444.15,1,36.596000000000004
545.58,444.225,1,36.597999999999956
544.8199999999999,443.85,1,36.59999999999991
545.3,442.6875,1,36.60200000000032
545.1,442.6875,1,36.60400000000027
544.7,441.2625,1,36.60600000000022
545.26,441.375,1,36.608000000000175
544.74,441.07500000000005,1,36.61000000000013
544.78,441.0,1,36.61200000000008
544.6600000000001,441.225,1,36.61400000000003
544.5,440.6625,1,36.615999999999985
544.1800000000001,441.075,1,36.61799999999994
544.14,439.1625,1,36.620000000000346
543.8199999999999,439.125,1,36.6220000000003
544.38,439.35,1,36.62400000000025
543.9000000000001,437.8125,1,36.626000000000204
544.02,437.32500000000005,1,36.628000000000156
544.22,438.825,1,36.63000000000011
544.02,437.025,1,36.63200000000006
543.94,435.8625,1,36.634000000000015
544.0999999999999,435.975,1,36.63599999999997
543.7,434.92499999999995,1,36.63799999999992
543.62,435.3,1,36.64000000000033
543.5,435.45,1,36.64200000000028
543.46,434.775,1,36.64400000000023
543.98,434.025,1,36.646000000000186
544.22,434.1375,1,36.64800000000014
543.6199999999999,433.65,1,36.65000000000009
543.5,433.425,1,36.652000000000044
543.6600000000001,433.0125,1,36.653999999999996
543.98,433.2,1,36.65599999999995
544.1800000000001,433.1625,1,36.6579999999999
543.4200000000001,432.0,1,36.66000000000031
543.78,432.4125,1,36.66200000000026
544.38,431.4375,1,36.664000000000215
543.98,431.6625,1,36.66600000000017
543.5799999999999,432.1125,1,36.66800000000012
544.06,431.925,1,36.67000000000007
543.5,431.8125,1,36.672000000000025
543.8599999999999,431.475,1,36.67399999999998
543.74,430.575,1,36.67599999999993
543.78,431.2125,1,36.67800000000034
544.02,429.675,1,36.68000000000029
544.06,431.175,1,36.682000000000244
543.78,430.42499999999995,1,36.6840000000002
543.38,429.45,1,36.68600000000015
543.7,428.70000000000005,1,36.6880000000001
543.3,430.425,1,36.690000000000055
543.54,428.4,1,36.69200000000001
544.58,428.025,1,36.69399999999996
543.7,428.775,1,36.69599999999991
543.98,428.32500000000005,1,36.69800000000032
544.26,427.4625,1,36.70000000000027
543.8199999999999,428.1375,1,36.702000000000226
543.9,426.9375,1,36.70400000000018
543.8599999999999,427.95,1,36.70600000000013
543.5799999999999,427.2,1,36.708000000000084
543.8599999999999,428.0625,1,36.710000000000036
543.58,427.57500000000005,1,36.71199999999999
543.62,427.0875,1,36.71399999999994
544.22,427.2,1,36.71600000000035
543.5,427.1625,1,36.7180000000003
543.14,424.5,1,36.720000000000255
542.3800000000001,421.01250000000005,1,36.72200000000021
540.22,417.225,1,36.72400000000016
538.74,412.2375,1,36.72600000000011
535.66,406.2375,1,36.728000000000065
533.22,398.5875,1,36.73000000000002
530.98,388.7625,1,36.73199999999997
529.5,381.9,1,36.733999999999924
526.86,375.075,1,36.73600000000033
525.1800000000001,368.8875,1,36.738000000000284
523.9,363.6375,1,36.74000000000024
522.94,357.375,1,36.74200000000019
520.94,352.3125,1,36.74400000000014
519.22,347.4375,1,36.746000000000095
517.74,340.4625,1,36.74800000000005
516.18,334.8375,1,36.75
515.42,329.025,1,36.75199999999995
515.06,324.0375,1,36.753999999999905
514.5,318.525,1,36.75600000000031
514.22,315.07500000000005,1,36.758000000000266
514.42,312.5625,1,36.76000000000022
513.22,311.55,1,36.76200000000017
513.7,310.5375,1,36.764000000000124
514.14,311.7375,1,36.766000000000076
514.06,312.6,1,36.76800000000003
514.3399999999999,314.025,1,36.76999999999998
514.6600000000001,314.6625,1,36.771999999999935
514.78,314.7,1,36.77400000000034
514.42,314.475,1,36.776000000000295
514.54,314.0625,1,36.77800000000025
514.54,314.2875,1,36.7800000000002
514.22,313.95,1,36.78200000000015
514.74,314.175,1,36.784000000000106
514.1,314.51250000000005,1,36.78600000000006
514.14,314.32500000000005,1,36.78800000000001
514.3,314.73749999999995,1,36.789999999999964
514.02,314.2875,1,36.791999999999916
513.98,314.325,1,36.794000000000324
514.9,314.9625,1,36.79600000000028
513.98,314.2125,1,36.79800000000023
514.1,313.65,1,36.80000000000018
514.74,313.6125,1,36.802000000000135
514.9000000000001,313.35,1,36.80400000000009
514.6999999999999,312.3,1,36.80600000000004
513.94,312.4875,1,36.80799999999999
514.62,311.88750000000005,1,36.809999999999945
514.78,311.8875,1,36.8119999999999
514.7,311.1375,1,36.814000000000306
514.86,311.2125,1,36.81600000000026
515.02,310.05,1,36.81800000000021
514.74,309.5625,1,36.820000000000164
514.94,309.9375,1,36.822000000000116
515.5,309.075,1,36.82400000000007
515.54,309.1125,1,36.82600000000002
515.5799999999999,307.9125,1,36.827999999999975
515.6600000000001,306.75,1,36.82999999999993
516.26,307.0875,1,36.832000000000335
516.1800000000001,306.5625,1,36.83400000000029
516.54,306.11249999999995,1,36.83600000000024
516.3399999999999,305.8875,1,36.83800000000019
517.02,306.4125,1,36.840000000000146
515.98,305.475,1,36.8420000000001
516.5,305.3625,1,36.84400000000005
516.54,306.225,1,36.846000000000004
516.74,305.9625,1,36.847999999999956
517.14,306.15,1,36.84999999999991
517.18,305.6625,1,36.85200000000032
517.0999999999999,305.625,1,36.85400000000027
517.06,305.0625,1,36.85600000000022
516.9,305.7,1,36.858000000000175
517.38,305.25,1,36.86000000000013
516.78,305.73749999999995,1,36.86200000000008
517.14,304.875,1,36.86400000000003
517.1,305.1375,1,36.865999999999985
516.74,305.4,1,36.86799999999994
517.1800000000001,304.7625,1,36.870000000000346
517.02,304.79999999999995,1,36.8720000000003
517.3,304.35,1,36.87400000000025
517.54,303.9375,1,36.876000000000204
517.58,302.8875,1,36.878000000000156
517.78,301.8375,1,36.88000000000011
518.9000000000001,296.8125,1,36.88200000000006
520.9,286.5375,1,36.884000000000015
522.54,277.4625,1,36.88599999999997
524.86,265.76250000000005,1,36.88799999999992
527.26,257.4,1,36.89000000000033
528.26,247.5,1,36.89200000000028
528.54,237.075,1,36.89400000000023
529.7,227.775,1,36.896000000000186
530.3,216.75,1,36.89800000000014
531.38,208.7625,1,36.90000000000009
531.5,199.425,1,36.902000000000044
531.3399999999999,188.85,1,36.903999999999996
531.66,181.575,1,36.90599999999995
531.3,175.35,1,36.9079999999999
529.4200000000001,168.8625,1,36.91000000000031
527.94,161.28750000000002,1,36.91200000000026
527.26,151.425,1,36.914000000000215
525.5,145.425,1,36.91600000000017
523.26,139.35000000000002,1,36.91800000000012
520.38,129.9375,1,36.92000000000007
517.94,124.8375,1,36.922000000000025
516.26,119.13749999999999,1,36.92399999999998
515.0600000000001,113.775,1,36.92599999999993
514.02,110.475,1,36.92800000000034
514.1,109.0875,1,36.93000000000029
513.46,108.375,1,36.932000000000244
513.62,108.7875,1,36.9340000000002
514.3,109.0875,1,36.93600000000015
513.9399999999999,110.1,1,36.9380000000001
514.02,110.4,1,36.940000000000055
514.86,109.5,1,36.94200000000001
513.94,109.38749999999999,1,36.94399999999996
513.78,109.4625,1,36.94599999999991
514.22,108.86250000000001,1,36.94800000000032
513.98,108.525,1,36.95000000000027
513.8199999999999,109.0875,1,36.952000000000226
513.46,108.86250000000001,1,36.95400000000018
513.5,109.0875,1,36.95600000000013
513.1,109.275,1,36.958000000000084
512.46,109.3125,1,36.960000000000036
512.46,109.275,1,36.96199999999999
512.66,108.375,1,36.96399999999994
512.1,108.75,1,36.96600000000035
512.3,108.0375,1,36.9680000000003
512.3,107.775,1,36.970000000000255
512.26,108.3375,1,36.97200000000021
512.38,107.7,1,36.97400000000016
512.5799999999999,107.5125,1,36.97600000000011
512.46,106.875,1,36.978000000000065
512.46,107.2125,1,36.98000000000002
512.98,105.825,1,36.98199999999997
512.98,106.9125,1,36.983999999999924
513.14,105.3375,1,36.98600000000033
512.62,105.4125,1,36.988000000000284
512.9000000000001,105.48750000000001,1,36.99000000000024
512.86,104.55000000000001,1,36.99200000000019
512.98,103.725,1,36.99400000000014
512.4200000000001,104.25,1,36.996000000000095
513.22,103.6125,1,36.99800000000005
513.02,103.4625,1,37.0
513.02,102.975,1,37.00199999999995
512.7,103.875,1,37.003999999999905
512.94,104.475,1,37.00600000000031
513.14,103.2375,1,37.008000000000266
513.1800000000001,103.3125,1,37.01000000000022
513.22,103.95,1,37.01200000000017
513.3,103.3875,1,37.014000000000124
513.3,103.875,1,37.016000000000076
512.86,103.2,1,37.01800000000003
513.0600000000001,104.36250000000001,1,37.01999999999998
513.54,103.94999999999999,1,37.021999999999935
513.86,103.2,1,37.02400000000034
512.98,103.4625,1,37.026000000000295
513.78,103.4625,1,37.02800000000025
513.54,103.7625,1,37.0300000000002
513.02,103.42500000000001,1,37.03200000000015
513.5799999999999,103.35,1,37.034000000000106
514.1,102.7875,1,37.03600000000006
513.1,102.5625,1,37.03800000000001
513.3,103.05,1,37.039999999999964
513.6600000000001,102.82499999999999,1,37.041999999999916
513.54,102.4125,1,37.044000000000324
513.86,101.625,1,37.04600000000028
513.98,101.4375,1,37.04800000000023
513.98,101.13749999999999,1,37.05000000000018
513.38,100.875,1,37.052000000000135
513.3399999999999,100.425,1,37.05400000000009
513.98,100.575,1,37.05600000000004
513.78,100.875,1,37.05799999999999
514.22,99.225,1,37.059999999999945
514.02,100.2375,1,37.0619999999999
514.22,99.44999999999999,1,37.064000000000306
514.54,99.45,1,37.06600000000026
514.46,99.7875,1,37.06800000000021
514.38,99.7875,1,37.070000000000164
514.82,98.6625,1,37.072000000000116
514.7,99.525,1,37.07400000000007
514.46,99.4125,1,37.07600000000002
514.9,98.88749999999999,1,37.077999999999975
514.78,99.4125,1,37.07999999999993
514.98,99.9,1,37.082000000000335
514.74,98.1,1,37.08400000000029
515.02,99.0,1,37.08600000000024
514.8199999999999,99.0,1,37.08800000000019
515.22,98.5875,1,37.090000000000146
514.94,99.375,1,37.0920000000001
514.78,98.7375,1,37.09400000000005
515.1800000000001,97.80000000000001,1,37.096000000000004
515.1,98.9625,1,37.097999999999956
515.02,99.15,1,37.09999999999991
515.5,99.15,1,37.10200000000032
515.02,99.07499999999999,1,37.10400000000027
515.58,98.6625,1,37.10600000000022
514.8199999999999,99.0,1,37.108000000000175
516.14,99.225,1,37.11000000000013
515.62,98.9625,1,37.11200000000008
515.14,98.7375,1,37.11400000000003
515.54,99.0,1,37.115999999999985
515.26,98.55,1,37.11799999999994
515.1800000000001,98.2875,1,37.120000000000346
515.3,98.325,1,37.1220000000003
515.5,97.9125,1,37.12400000000025
515.54,97.3125,1,37.126000000000204
515.3,98.1375,1,37.128000000000156
515.54,98.2125,1,37.13000000000011
516.02,97.65,1,37.13200000000006
515.86,97.6125,1,37.134000000000015
516.26,97.875,1,37.13599999999997
517.8199999999999,97.5375,1,37.13799999999992
519.94,97.38749999999999,1,37.14000000000033
524.8199999999999,97.35,1,37.14200000000028
530.42,94.80000000000001,1,37.14400000000023
538.1,94.9875,1,37.146000000000186
546.54,93.26249999999999,1,37.14800000000014
556.06,93.30000000000001,1,37.15000000000009
566.3,92.5875,1,37.152000000000044
576.8199999999999,92.17500000000001,1,37.153999999999996
588.9,92.2125,1,37.15599999999995
600.86,93.3,1,37.1579999999999
613.46,93.11250000000001,1,37.16000000000031
625.86,93.0,1,37.16200000000026
637.78,95.55,1,37.164000000000215
651.62,95.8875,1,37.16600000000017
663.34,95.475,1,37.16800000000012
678.1,95.2875,1,37.17000000000007
690.98,95.025,1,37.172000000000025
703.94,94.95,1,37.17399999999998
715.46,96.3375,1,37.17599999999993
726.5,97.575,1,37.17800000000034
734.26,100.65,1,37.18000000000029
740.5,99.11250000000001,1,37.182000000000244
744.02,98.4,1,37.1840000000002
745.34,97.0875,1,37.18600000000015
745.4200000000001,93.82499999999999,1,37.1880000000001
745.1,91.0875,1,37.190000000000055
743.66,91.1625,1,37.19200000000001
743.26,89.5875,1,37.19399999999996
743.5,90.1875,1,37.19599999999991
743.1800000000001,90.11250000000001,1,37.19800000000032
743.1,91.5375,1,37.20000000000027
743.22,89.475,1,37.202000000000226
742.78,90.6,1,37.20400000000018
743.14,90.4125,1,37.20600000000013
743.22,89.55000000000001,1,37.208000000000084
742.9,88.9125,1,37.210000000000036
743.46,87.9375,1,37.21199999999999
743.7,88.19999999999999,1,37.21399999999994
744.1,88.0875,1,37.21600000000035
744.22,87.2625,1,37.2180000000003
744.46,86.32499999999999,1,37.220000000000255
744.0999999999999,87.2625,1,37.22200000000021
744.38,85.6875,1,37.22400000000016
744.98,85.575,1,37.22600000000011
744.66,85.42500000000001,1,37.228000000000065
744.6600000000001,84.1875,1,37.23000000000002
745.02,84.75,1,37.23199999999997
745.06,83.925,1,37.233999999999924
745.22,83.9625,1,37.23600000000033
745.26,84.3375,1,37.238000000000284
745.9,84.525,1,37.24000000000024
745.86,83.8125,1,37.24200000000019
745.7,83.775,1,37.24400000000014
745.94,83.775,1,37.246000000000095
745.22,83.775,1,37.24800000000005
745.4200000000001,84.1125,1,37.25
745.22,83.775,1,37.25199999999995
745.78,83.51249999999999,1,37.253999999999905
745.26,84.075,1,37.25600000000031
746.02,83.625,1,37.258000000000266
745.6600000000001,83.3625,1,37.26000000000022
744.86,84.225,1,37.26200000000017
745.26,84.44999999999999,1,37.264000000000124
744.78,84.0,1,37.266000000000076
745.62,84.375,1,37.26800000000003
745.38,84.675,1,37.26999999999998
745.66,85.05000000000001,1,37.271999999999935
745.0999999999999,84.9,1,37.27400000000034
745.26,84.6375,1,37.276000000000295
745.38,85.2375,1,37.27800000000025
744.78,84.26249999999999,1,37.2800000000002
745.02,84.48750000000001,1,37.28200000000015
745.3,84.1875,1,37.284000000000106
745.74,83.8125,1,37.28600000000006
745.06,84.225,1,37.28800000000001
745.4200000000001,84.975,1,37.289999999999964
745.4200000000001,83.8125,1,37.291999999999916
745.3,83.6625,1,37.294000000000324
745.38,84.30000000000001,1,37.29600000000028
744.86,82.725,1,37.29800000000023
745.62,83.2125,1,37.30000000000018
745.7,82.275,1,37.302000000000135
745.6600000000001,81.9,1,37.30400000000009
746.1,81.4125,1,37.30600000000004
745.82,81.44999999999999,1,37.30799999999999
746.14,81.075,1,37.309999999999945
745.78,81.15,1,37.3119999999999
746.1800000000001,80.8125,1,37.314000000000306
746.4200000000001,81.2625,1,37.31600000000026
746.26,80.475,1,37.31800000000021
746.6199999999999,79.9125,1,37.320000000000164
746.26,80.8125,1,37.322000000000116
746.06,79.94999999999999,1,37.32400000000007
746.1,79.875,1,37.32600000000002
746.3399999999999,79.7625,1,37.327999999999975
746.46,79.575,1,37.32999999999993
746.26,80.1,1,37.332000000000335
746.14,80.3625,1,37.33400000000029
745.62,79.9125,1,37.33600000000024
745.98,80.2125,1,37.33800000000019
746.26,80.175,1,37.340000000000146
746.3,81.45,1,37.3420000000001
746.3,80.5125,1,37.34400000000005
746.06,81.4125,1,37.346000000000004
745.86,81.3,1,37.347999999999956
746.26,81.7875,1,37.34999999999991
745.6600000000001,80.5125,1,37.35200000000032
746.38,82.1625,1,37.35400000000027
745.94,82.05000000000001,1,37.35600000000022
745.9000000000001,81.375,1,37.358000000000175
746.3,81.4875,1,37.36000000000013
746.1400000000001,82.9875,1,37.36200000000008
746.62,82.61250000000001,1,37.36400000000003
746.26,82.6875,1,37.365999999999985
746.1800000000001,82.3125,1,37.36799999999994
746.34,81.7125,1,37.370000000000346
746.62,82.5375,1,37.3720000000003
745.9,82.9875,1,37.37400000000025
746.22,81.975,1,37.376000000000204
746.5,81.7125,1,37.378000000000156
745.7,82.3125,1,37.38000000000011
745.94,82.05000000000001,1,37.38200000000006
746.1400000000001,82.6875,1,37.384000000000015
746.42,82.5,1,37.38599999999997
746.46,82.3875,1,37.38799999999992
746.3,80.8875,1,37.39000000000033
745.74,81.9,1,37.39200000000028
745.38,80.13749999999999,1,37.39400000000023
746.8199999999999,81.825,1,37.396000000000186
745.54,82.2375,1,37.39800000000014
745.6600000000001,81.975,1,37.40000000000009
745.1,81.3,1,37.402000000000044
745.1,80.4375,1,37.403999999999996
744.98,81.0375,1,37.40599999999995
744.74,81.15,1,37.4079999999999
744.1,79.94999999999999,1,37.41000000000031
744.0999999999999,80.8125,1,37.41200000000026
744.42,80.475,1,37.414000000000215
743.62,80.51249999999999,1,37.41600000000017
744.22,81.5625,1,37.41800000000012
743.54,80.5125,1,37.42000000000007
744.02,79.9125,1,37.422000000000025
743.5799999999999,79.875,1,37.42399999999998
743.74,81.6,1,37.42599999999993
743.86,80.7,1,37.42800000000034
743.6600000000001,81.2625,1,37.43000000000029
743.94,80.775,1,37.432000000000244
744.02,80.2875,1,37.4340000000002
744.3,81.4875,1,37.43600000000015
743.66,80.8125,1,37.4380000000001
743.46,81.11250000000001,1,37.440000000000055
744.1,81.15,1,37.44200000000001
743.9,81.3375,1,37.44399999999996
744.78,81.45,1,37.44599999999991
744.46,81.5625,1,37.44800000000032
744.38,81.63749999999999,1,37.45000000000027
744.34,81.7125,1,37.452000000000226
745.02,81.6,1,37.45400000000018
744.5,82.0125,1,37.45600000000013
744.5,82.2,1,37.458000000000084
744.3,82.0875,1,37.460000000000036
744.22,82.0875,1,37.46199999999999
743.26,82.5,1,37.46399999999994
739.1800000000001,84.9375,1,37.46600000000035
731.8199999999999,86.7375,1,37.4680000000003
722.78,89.2875,1,37.470000000000255
712.46,91.6875,1,37.47200000000021
700.1,94.9125,1,37.47400000000016
687.82,98.2125,1,37.47600000000011
675.98,99.4875,1,37.478000000000065
664.46,101.475,1,37.48000000000002
654.22,102.9375,1,37.48199999999997
644.5799999999999,105.82499999999999,1,37.483999999999924
636.5799999999999,105.3375,1,37.48600000000033
631.06,105.4125,1,37.488000000000284
628.46,106.61250000000001,1,37.49000000000024
625.86,107.2875,1,37.49200000000019
625.94,107.73750000000001,1,37.49400000000014
626.42,107.775,1,37.496000000000095
626.6600000000001,106.76249999999999,1,37.49800000000005
626.94,107.4375,1,37.5
627.62,105.5625,1,37.50199999999995
628.3399999999999,105.2625,1,37.503999999999905
628.5799999999999,104.9625,1,37.50600000000031
628.8599999999999,104.1,1,37.508000000000266
628.62,103.3125,1,37.51000000000022
628.62,103.2375,1,37.51200000000017
628.38,102.75,1,37.514000000000124
627.86,103.3875,1,37.516000000000076
627.9000000000001,102.375,1,37.51800000000003
627.78,103.05,1,37.51999999999998
627.86,102.9,1,37.521999999999935
627.34,102.45,1,37.52400000000034
627.22,101.2875,1,37.526000000000295
626.94,100.8375,1,37.52800000000025
626.66,101.51249999999999,1,37.5300000000002
626.3,100.23750000000001,1,37.53200000000015
626.38,100.61250000000001,1,37.534000000000106
626.14,100.3125,1,37.53600000000006
626.62,100.275,1,37.53800000000001
626.26,100.01249999999999,1,37.539999999999964
626.0999999999999,100.6125,1,37.541999999999916
626.06,100.2375,1,37.544000000000324
626.1800000000001,99.7875,1,37.54600000000028
626.02,100.01249999999999,1,37.54800000000023
625.26,99.4875,1,37.55000000000018
625.7,99.6375,1,37.552000000000135
625.38,99.9,1,37.55400000000009
625.7,100.35,1,37.55600000000004
625.3399999999999,99.9375,1,37.55799999999999
624.78,99.26249999999999,1,37.559999999999945
625.02,99.75,1,37.5619999999999
624.94,99.675,1,37.564000000000306
624.7,99.75,1,37.56600000000026
624.9,98.9625,1,37.56800000000021
624.5,98.925,1,37.570000000000164
624.3,99.30000000000001,1,37.572000000000116
624.38,99.525,1,37.57400000000007
623.98,98.7375,1,37.57600000000002
623.8199999999999,98.4,1,37.577999999999975
623.98,99.225,1,37.57999999999993
623.5,99.1875,1,37.582000000000335
623.06,98.8875,1,37.58400000000029
624.0999999999999,99.375,1,37.58600000000024
623.4200000000001,98.925,1,37.58800000000019
623.22,98.925,1,37.590000000000146
623.22,98.4375,1,37.5920000000001
622.7,98.73750000000001,1,37.59400000000005
622.86,98.2875,1,37.596000000000004
623.74,98.8875,1,37.597999999999956
623.06,98.85,1,37.59999999999991
623.06,98.4375,1,37.60200000000032
622.74,98.7375,1,37.60400000000027
622.8199999999999,99.075,1,37.60600000000022
622.78,98.9625,1,37.608000000000175
622.22,98.775,1,37.61000000000013
623.02,98.36250000000001,1,37.61200000000008
622.8199999999999,98.9625,1,37.61400000000003
622.78,98.7,1,37.615999999999985
622.6600000000001,99.375,1,37.61799999999994
622.62,98.475,1,37.620000000000346
623.06,98.7,1,37.6220000000003
622.5799999999999,98.4375,1,37.62400000000025
622.9,98.475,1,37.626000000000204
622.78,98.325,1,37.628000000000156
622.7,98.25,1,37.63000000000011
622.46,98.2875,1,37.63200000000006
623.22,97.5,1,37.634000000000015
622.5799999999999,96.5625,1,37.63599999999997
622.94,96.6,1,37.63799999999992
622.8599999999999,97.38749999999999,1,37.64000000000033
622.46,97.125,1,37.64200000000028
623.38,95.88749999999999,1,37.64400000000023
623.6600000000001,95.925,1,37.646000000000186
622.82,97.2375,1,37.64800000000014
623.34,95.88749999999999,1,37.65000000000009
623.3399999999999,95.925,1,37.652000000000044
623.06,95.88749999999999,1,37.653999999999996
623.22,95.92500000000001,1,37.65599999999995
623.22,96.15,1,37.6579999999999
623.5799999999999,96.375,1,37.66000000000031
623.26,95.8125,1,37.66200000000026
623.74,96.2625,1,37.664000000000215
623.9000000000001,96.525,1,37.66600000000017
623.98,95.9625,1,37.66800000000012
624.14,96.75,1,37.67000000000007
623.86,97.1625,1,37.672000000000025
624.5,97.35,1,37.67399999999998
624.1800000000001,96.9375,1,37.67599999999993
624.3,97.575,1,37.67800000000034
624.26,97.4625,1,37.68000000000029
624.14,97.6875,1,37.682000000000244
624.8199999999999,97.3875,1,37.6840000000002
624.22,97.4625,1,37.68600000000015
624.22,97.05000000000001,1,37.6880000000001
624.34,97.425,1,37.690000000000055
624.62,97.2,1,37.69200000000001
625.1,97.1625,1,37.69399999999996
625.18,97.275,1,37.69599999999991
624.54,97.76249999999999,1,37.69800000000032
624.98,97.275,1,37.70000000000027
625.1,98.1,1,37.702000000000226
625.4200000000001,96.375,1,37.70400000000018
624.94,97.19999999999999,1,37.70600000000013
625.0999999999999,96.225,1,37.708000000000084
625.3,96.4875,1,37.710000000000036
625.1800000000001,97.38749999999999,1,37.71199999999999
625.02,97.5375,1,37.71399999999994
625.1800000000001,96.675,1,37.71600000000035
625.5799999999999,96.0,1,37.7180000000003
625.38,95.775,1,37.720000000000255
625.22,95.3625,1,37.72200000000021
625.5,96.0375,1,37.72400000000016
625.1800000000001,96.7875,1,37.72600000000011
625.06,95.8875,1,37.728000000000065
625.02,95.36250000000001,1,37.73000000000002
624.6600000000001,95.9625,1,37.73199999999997
625.06,95.4,1,37.733999999999924
624.94,96.30000000000001,1,37.73600000000033
624.62,95.2125,1,37.738000000000284
624.6600000000001,94.80000000000001,1,37.74000000000024
625.14,95.3625,1,37.74200000000019
624.6600000000001,95.175,1,37.74400000000014
624.1,95.325,1,37.746000000000095
624.1,95.025,1,37.74800000000005
625.18,95.85,1,37.75
623.94,95.5125,1,37.75199999999995
624.1,96.525,1,37.753999999999905
623.5,96.7125,1,37.75600000000031
623.54,95.9625,1,37.758000000000266
623.8199999999999,96.2625,1,37.76000000000022
623.5,97.05,1,37.76200000000017
623.1800000000001,97.8,1,37.764000000000124
623.1800000000001,97.725,1,37.766000000000076
622.9,97.65,1,37.76800000000003
622.78,98.13749999999999,1,37.76999999999998
622.3,98.8125,1,37.771999999999935
622.86,98.8125,1,37.77400000000034
622.5,99.225,1,37.776000000000295
621.98,98.475,1,37.77800000000025
622.54,99.2625,1,37.7800000000002
622.54,98.55,1,37.78200000000015
622.1400000000001,98.55,1,37.784000000000106
621.94,99.1875,1,37.78600000000006
622.5799999999999,99.375,1,37.78800000000001
622.14,99.375,1,37.789999999999964
621.78,99.9375,1,37.791999999999916
621.8599999999999,99.5625,1,37.794000000000324
622.22,100.2,1,37.79600000000028
622.58,99.9375,1,37.79800000000023
625.94,100.8375,1,37.80000000000018
630.02,100.9875,1,37.802000000000135
637.06,100.6875,1,37.80400000000009
644.26,99.8625,1,37.80600000000004
656.02,100.725,1,37.80799999999999
667.22,100.875,1,37.809999999999945
679.98,101.775,1,37.8119999999999
691.46,103.23750000000001,1,37.814000000000306
703.1400000000001,104.325,1,37.81600000000026
713.8599999999999,102.225,1,37.81800000000021
725.78,102.7125,1,37.820000000000164
736.74,102.2625,1,37.822000000000116
748.46,105.0,1,37.82400000000007
758.54,104.6625,1,37.82600000000002
769.1,105.1875,1,37.827999999999975
776.5,105.48750000000001,1,37.82999999999993
781.94,105.975,1,37.832000000000335
786.26,108.375,1,37.83400000000029
787.8599999999999,107.6625,1,37.83600000000024
788.14,107.25,1,37.83800000000019
786.98,105.7875,1,37.840000000000146
785.5799999999999,105.26249999999999,1,37.8420000000001
784.42,103.575,1,37.84400000000005
784.14,103.35,1,37.846000000000004
784.3800000000001,103.8,1,37.847999999999956
784.54,103.8375,1,37.84999999999991
783.62,104.4375,1,37.85200000000032
783.8199999999999,103.9125,1,37.85400000000027
783.4200000000001,103.98750000000001,1,37.85600000000022
783.3800000000001,103.9125,1,37.858000000000175
783.7,103.4625,1,37.86000000000013
783.8199999999999,103.05,1,37.86200000000008
783.3399999999999,103.19999999999999,1,37.86400000000003
783.86,103.80000000000001,1,37.865999999999985
784.5,104.1375,1,37.86799999999994
783.94,103.2,1,37.870000000000346
784.4200000000001,103.0125,1,37.8720000000003
783.98,102.1875,1,37.87400000000025
784.02,102.6375,1,37.876000000000204
784.54,103.125,1,37.878000000000156
784.3399999999999,102.6375,1,37.88000000000011
783.8599999999999,101.85,1,37.88200000000006
784.3399999999999,101.55,1,37.884000000000015
784.54,101.6625,1,37.88599999999997
784.54,100.875,1,37.88799999999992
784.54,101.8875,1,37.89000000000033
784.86,101.8125,1,37.89200000000028
785.3,100.76249999999999,1,37.89400000000023
784.8199999999999,99.63749999999999,1,37.896000000000186
785.06,100.0125,1,37.89800000000014
785.7,99.75,1,37.90000000000009
785.62,100.725,1,37.902000000000044
785.98,100.1625,1,37.903999999999996
785.54,100.0875,1,37.90599999999995
785.9000000000001,99.0,1,37.9079999999999
786.3,100.0875,1,37.91000000000031
785.78,99.975,1,37.91200000000026
786.38,100.275,1,37.914000000000215
786.54,99.7125,1,37.91600000000017
786.62,99.4875,1,37.91800000000012
787.02,99.48750000000001,1,37.92000000000007
786.5,98.6625,1,37.922000000000025
786.4200000000001,100.3125,1,37.92399999999998
786.38,99.1875,1,37.92599999999993
787.46,98.775,1,37.92800000000034
787.14,98.55,1,37.93000000000029
787.0999999999999,98.175,1,37.932000000000244
787.58,98.475,1,37.9340000000002
787.86,99.07499999999999,1,37.93600000000015
787.3,97.875,1,37.9380000000001
787.38,97.6875,1,37.940000000000055
787.58,97.4625,1,37.94200000000001
788.26,98.1375,1,37.94399999999996
787.78,97.5,1,37.94599999999991
788.02,97.875,1,37.94800000000032
787.94,97.275,1,37.95000000000027
787.8199999999999,97.5375,1,37.952000000000226
787.66,97.05,1,37.95400000000018
788.14,97.725,1,37.95600000000013
787.98,96.8625,1,37.958000000000084
788.5,96.375,1,37.960000000000036
788.22,97.23750000000001,1,37.96199999999999
788.1,96.48750000000001,1,37.96399999999994
788.06,95.32499999999999,1,37.96600000000035
788.14,96.6,1,37.9680000000003
788.54,95.6625,1,37.970000000000255
787.86,96.0375,1,37.97200000000021
788.46,96.3,1,37.97400000000016
788.1,96.0,1,37.97600000000011
788.62,95.4375,1,37.978000000000065
788.8199999999999,96.0,1,37.98000000000002
787.74,94.65,1,37.98199999999997
788.3,95.7375,1,37.983999999999924
787.78,95.88749999999999,1,37.98600000000033
788.1800000000001,95.175,1,37.988000000000284
787.86,95.5125,1,37.99000000000024
787.74,95.25,1,37.99200000000019
787.74,95.7,1,37.99400000000014
787.38,95.475,1,37.996000000000095
788.22,96.075,1,37.99800000000005
787.0999999999999,96.0375,1,38.0
787.5799999999999,95.88749999999999,1,38.00199999999995
786.94,96.15,1,38.003999999999905
786.58,95.625,1,38.00600000000031
787.46,95.36250000000001,1,38.008000000000266
786.74,95.2125,1,38.01000000000022
786.1800000000001,95.51249999999999,1,38.01200000000017
786.74,95.5875,1,38.014000000000124
786.3399999999999,95.7,1,38.016000000000076
785.94,95.4375,1,38.01800000000003
786.7,94.9875,1,38.01999999999998
785.5799999999999,96.75,1,38.021999999999935
785.6600000000001,95.8875,1,38.02400000000034
785.54,95.8125,1,38.026000000000295
785.98,96.525,1,38.02800000000025
785.4200000000001,96.6,1,38.0300000000002
785.74,95.85,1,38.03200000000015
786.3,96.1125,1,38.034000000000106
784.98,95.475,1,38.03600000000006
785.62,95.325,1,38.03800000000001
785.4200000000001,95.0625,1,38.039999999999964
785.74,95.475,1,38.041999999999916
785.7,95.0625,1,38.044000000000324
784.94,95.625,1,38.04600000000028
785.8199999999999,96.0375,1,38.04800000000023
786.1800000000001,96.375,1,38.05000000000018
785.98,97.35,1,38.052000000000135
785.98,96.3375,1,38.05400000000009
786.06,96.7125,1,38.05600000000004
786.06,96.9,1,38.05799999999999
786.46,96.11250000000001,1,38.059999999999945
785.54,96.3375,1,38.0619999999999
786.18,96.30000000000001,1,38.064000000000306
786.1400000000001,97.5375,1,38.06600000000026
786.22,96.9375,1,38.06800000000021
786.62,97.94999999999999,1,38.070000000000164
786.4200000000001,97.05,1,38.072000000000116
786.46,97.5,1,38.07400000000007
786.34,97.9125,1,38.07600000000002
785.9,96.75,1,38.077999999999975
786.18,97.575,1,38.07999999999993
786.1800000000001,97.7625,1,38.082000000000335
786.62,97.3875,1,38.08400000000029
786.38,97.275,1,38.08600000000024
786.86,96.975,1,38.08800000000019
786.98,96.375,1,38.090000000000146
786.9,96.8625,1,38.0920000000001
786.86,95.85,1,38.09400000000005
786.8199999999999,96.225,1,38.096000000000004
786.74,96.3375,1,38.097999999999956
786.66,96.7125,1,38.09999999999991
786.62,96.26249999999999,1,38.10200000000032
787.3,96.26249999999999,1,38.10400000000027
787.02,95.5875,1,38.10600000000022
787.06,96.45,1,38.108000000000175
787.42,96.375,1,38.11000000000013
787.4200000000001,96.075,1,38.11200000000008
787.8199999999999,96.48750000000001,1,38.11400000000003
787.3399999999999,95.17500000000001,1,38.115999999999985
787.7,95.7,1,38.11799999999994
787.6199999999999,95.55,1,38.120000000000346
787.8199999999999,96.44999999999999,1,38.1220000000003
788.1,95.51249999999999,1,38.12400000000025
787.98,95.8875,1,38.126000000000204
788.74,95.55000000000001,1,38.128000000000156
788.06,95.36250000000001,1,38.13000000000011
788.46,95.55000000000001,1,38.13200000000006
788.26,95.5875,1,38.134000000000015
788.46,94.35,1,38.13599999999997
787.82,95.025,1,38.13799999999992
788.4200000000001,94.5,1,38.14000000000033
788.78,94.2,1,38.14200000000028
788.46,94.4625,1,38.14400000000023
788.46,94.9125,1,38.146000000000186
788.6600000000001,94.1625,1,38.14800000000014
788.62,94.575,1,38.15000000000009
787.5799999999999,94.1625,1,38.152000000000044
788.1400000000001,93.6375,1,38.153999999999996
788.42,93.9,1,38.15599999999995
788.86,93.5625,1,38.1579999999999
788.7,93.1875,1,38.16000000000031
788.5,92.925,1,38.16200000000026
788.38,93.45,1,38.164000000000215
788.38,93.75,1,38.16600000000017
788.42,94.3125,1,38.16800000000012
788.0999999999999,93.7875,1,38.17000000000007
788.5,94.4625,1,38.172000000000025
788.38,94.0875,1,38.17399999999998
787.9,94.425,1,38.17599999999993
788.46,94.425,1,38.17800000000034
788.42,94.1625,1,38.18000000000029
788.5,94.125,1,38.182000000000244
788.38,94.9875,1,38.1840000000002
787.9,95.625,1,38.18600000000015
788.3399999999999,95.4,1,38.1880000000001
788.1400000000001,96.0,1,38.190000000000055
787.9,95.73750000000001,1,38.19200000000001
788.0999999999999,96.525,1,38.19399999999996
787.46,96.6,1,38.19599999999991
787.54,96.975,1,38.19800000000032
787.7,97.2375,1,38.20000000000027
787.3800000000001,96.75,1,38.202000000000226
787.4200000000001,97.725,1,38.20400000000018
787.02,96.8625,1,38.20600000000013
787.3,97.6875,1,38.208000000000084
787.1800000000001,97.05000000000001,1,38.210000000000036
786.86,97.8375,1,38.21199999999999
787.4200000000001,96.9375,1,38.21399999999994
787.14,97.275,1,38.21600000000035
786.22,99.2625,1,38.2180000000003
784.26,101.775,1,38.220000000000255
781.02,105.44999999999999,1,38.22200000000021
777.1800000000001,109.3125,1,38.22400000000016
774.34,114.63749999999999,1,38.22600000000011
770.8199999999999,120.6,1,38.228000000000065
767.7,128.4375,1,38.23000000000002
765.06,138.0,1,38.23199999999997
764.4200000000001,144.525,1,38.233999999999924
763.5799999999999,149.55,1,38.23600000000033
762.3,153.33749999999998,1,38.238000000000284
760.3,156.4875,1,38.24000000000024
760.02,157.95,1,38.24200000000019
759.94,159.7125,1,38.24400000000014
759.58,160.65,1,38.246000000000095
759.58,160.9125,1,38.24800000000005
760.1,162.60000000000002,1,38.25
760.22,161.9625,1,38.25199999999995
759.54,161.5125,1,38.253999999999905
759.66,162.4875,1,38.25600000000031
759.9000000000001,162.45,1,38.258000000000266
759.5,161.96249999999998,1,38.26000000000022
759.74,162.975,1,38.26200000000017
759.62,161.58749999999998,1,38.264000000000124
759.1800000000001,162.1875,1,38.266000000000076
759.3,162.8625,1,38.26800000000003
759.8199999999999,162.975,1,38.26999999999998
759.46,163.4625,1,38.271999999999935
759.5,163.4625,1,38.27400000000034
759.3399999999999,162.525,1,38.276000000000295
759.9,161.775,1,38.27800000000025
759.8199999999999,162.75,1,38.2800000000002
760.34,161.7,1,38.28200000000015
760.3,162.2625,1,38.284000000000106
759.74,162.2625,1,38.28600000000006
760.3,161.1375,1,38.28800000000001
760.94,161.4,1,38.289999999999964
760.02,160.4625,1,38.291999999999916
760.5,160.2,1,38.294000000000324
760.6600000000001,160.425,1,38.29600000000028
760.46,160.0875,1,38.29800000000023
760.46,159.8625,1,38.30000000000018
760.8599999999999,159.52499999999998,1,38.302000000000135
761.26,159.3375,1,38.30400000000009
760.62,159.4125,1,38.30600000000004
760.3399999999999,159.075,1,38.30799999999999
760.3800000000001,158.9625,1,38.309999999999945
760.7,159.4125,1,38.3119999999999
760.5,158.7,1,38.314000000000306
760.5799999999999,158.85,1,38.31600000000026
760.5799999999999,158.25,1,38.31800000000021
760.38,158.39999999999998,1,38.320000000000164
760.22,157.9875,1,38.322000000000116
760.3,158.2125,1,38.32400000000007
760.22,158.2125,1,38.32600000000002
759.74,158.0625,1,38.327999999999975
760.06,158.85,1,38.32999999999993
760.1,158.175,1,38.332000000000335
759.86,158.4375,1,38.33400000000029
760.22,157.8375,1,38.33600000000024
760.46,157.875,1,38.33800000000019
760.1,158.3625,1,38.340000000000146
759.8199999999999,158.25,1,38.3420000000001
760.1,158.58749999999998,1,38.34400000000005
760.62,158.9625,1,38.346000000000004
759.94,158.625,1,38.347999999999956
759.94,159.2625,1,38.34999999999991
760.34,159.4125,1,38.35200000000032
760.14,159.9375,1,38.35400000000027
759.5799999999999,159.14999999999998,1,38.35600000000022
760.8199999999999,160.425,1,38.358000000000175
760.5,160.2,1,38.36000000000013
760.78,159.9375,1,38.36200000000008
760.86,160.2375,1,38.36400000000003
760.9000000000001,160.0125,1,38.365999999999985
760.7,160.2375,1,38.36799999999994
760.9000000000001,160.7625,1,38.370000000000346
761.54,160.2375,1,38.3720000000003
761.1800000000001,160.2375,1,38.37400000000025
761.02,160.425,1,38.376000000000204
761.86,160.7625,1,38.378000000000156
760.8199999999999,160.9875,1,38.38000000000011
761.34,160.2375,1,38.38200000000006
760.62,160.46249999999998,1,38.384000000000015
758.9,160.7625,1,38.38599999999997
756.98,160.425,1,38.38799999999992
751.9000000000001,158.7375,1,38.39000000000033
744.22,157.16250000000002,1,38.39200000000028
733.78,155.4375,1,38.39400000000023
722.94,148.2,1,38.396000000000186
710.5799999999999,145.6875,1,38.39800000000014
698.26,142.0125,1,38.40000000000009
686.4200000000001,138.2625,1,38.402000000000044
673.94,134.8125,1,38.403999999999996
663.5,132.4125,1,38.40599999999995
650.38,129.0375,1,38.4079999999999
639.06,125.73750000000001,1,38.41000000000031
627.6600000000001,121.0875,1,38.41200000000026
616.5,117.975,1,38.414000000000215
605.38,116.4375,1,38.41600000000017
594.74,115.65,1,38.41800000000012
584.6199999999999,115.38749999999999,1,38.42000000000007
577.1,113.4,1,38.422000000000025
572.18,109.2,1,38.42399999999998
569.6600000000001,106.38749999999999,1,38.42599999999993
568.42,104.4375,1,38.42800000000034
568.5,103.8375,1,38.43000000000029
569.82,102.225,1,38.432000000000244
569.78,101.69999999999999,1,38.4340000000002
570.26,101.7,1,38.43600000000015
570.14,101.175,1,38.4380000000001
571.1800000000001,101.1,1,38.440000000000055
570.6199999999999,102.075,1,38.44200000000001
570.5799999999999,101.8875,1,38.44399999999996
570.74,101.85,1,38.44599999999991
571.74,100.9875,1,38.44800000000032
571.5,101.3625,1,38.45000000000027
571.4200000000001,100.5375,1,38.452000000000226
570.8199999999999,100.2375,1,38.45400000000018
570.74,99.975,1,38.45600000000013
570.78,99.67500000000001,1,38.458000000000084
570.22,98.6625,1,38.460000000000036
570.4200000000001,98.625,1,38.46199999999999
570.8199999999999,98.2125,1,38.46399999999994
570.62,97.1625,1,38.46600000000035
570.38,96.6375,1,38.4680000000003
570.3399999999999,96.3,1,38.470000000000255
570.3399999999999,95.8875,1,38.47200000000021
569.8599999999999,94.80000000000001,1,38.47400000000016
569.78,94.8,1,38.47600000000011
570.5,95.0625,1,38.478000000000065
570.06,94.3125,1,38.48000000000002
570.74,93.525,1,38.48199999999997
570.22,93.675,1,38.483999999999924
570.22,93.7875,1,38.48600000000033
570.7,93.4875,1,38.488000000000284
570.3399999999999,93.225,1,38.49000000000024
570.26,92.69999999999999,1,38.49200000000019
570.02,93.1875,1,38.49400000000014
570.06,92.2125,1,38.496000000000095
570.42,92.2875,1,38.49800000000005
570.3399999999999,92.1,1,38.5
570.22,92.475,1,38.50199999999995
569.4200000000001,91.7625,1,38.503999999999905
570.1,92.2875,1,38.50600000000031
570.02,91.875,1,38.508000000000266
569.98,91.5375,1,38.51000000000022
569.94,91.0125,1,38.51200000000017
569.86,91.725,1,38.514000000000124
569.34,91.425,1,38.516000000000076
569.62,90.5625,1,38.51800000000003
569.54,90.67500000000001,1,38.51999999999998
569.66,90.4875,1,38.521999999999935
569.1800000000001,89.36250000000001,1,38.52400000000034
569.78,89.8125,1,38.526000000000295
569.1400000000001,89.55,1,38.52800000000025
569.66,88.6875,1,38.5300000000002
570.22,87.2625,1,38.53200000000015
569.62,88.94999999999999,1,38.534000000000106
570.02,87.86250000000001,1,38.53600000000006
570.02,86.85,1,38.53800000000001
569.78,86.92500000000001,1,38.539999999999964
570.26,86.775,1,38.541999999999916
570.38,85.76249999999999,1,38.544000000000324
569.9,86.25,1,38.54600000000028
570.4200000000001,87.225,1,38.54800000000023
570.74,84.7125,1,38.55000000000018
569.86,85.05,1,38.552000000000135
570.58,86.17500000000001,1,38.55400000000009
570.14,85.5,1,38.55600000000004
570.14,87.0,1,38.55799999999999
570.34,87.375,1,38.559999999999945
569.7,87.5625,1,38.5619999999999
570.0999999999999,87.7875,1,38.564000000000306
570.06,88.725,1,38.56600000000026
570.22,86.2125,1,38.56800000000021
570.22,88.3125,1,38.570000000000164
570.22,88.2,1,38.572000000000116
570.58,87.975,1,38.57400000000007
570.5799999999999,88.0875,1,38.57600000000002
570.3,88.05,1,38.577999999999975
570.54,87.75,1,38.57999999999993
570.38,87.075,1,38.582000000000335
570.62,88.6875,1,38.58400000000029
570.74,87.4125,1,38.58600000000024
571.46,87.1875,1,38.58800000000019
571.22,87.11250000000001,1,38.590000000000146
571.02,87.15,1,38.5920000000001
570.38,87.2625,1,38.59400000000005
570.5799999999999,85.76249999999999,1,38.596000000000004
570.98,86.1,1,38.597999999999956
571.1800000000001,86.775,1,38.59999999999991
571.5,85.5,1,38.60200000000032
571.26,83.775,1,38.60400000000027
571.26,84.975,1,38.60600000000022
571.0999999999999,85.9125,1,38.608000000000175
571.1800000000001,85.425,1,38.61000000000013
570.94,84.525,1,38.61200000000008
570.7,84.4875,1,38.61400000000003
570.22,83.85,1,38.615999999999985
570.1400000000001,84.4125,1,38.61799999999994
570.3,85.125,1,38.620000000000346
570.3,84.11250000000001,1,38.6220000000003
570.26,84.26249999999999,1,38.62400000000025
570.06,84.4875,1,38.626000000000204
570.26,85.125,1,38.628000000000156
569.9,84.9,1,38.63000000000011
569.7,85.0875,1,38.63200000000006
569.5799999999999,85.1625,1,38.634000000000015
569.9000000000001,83.625,1,38.63599999999997
569.14,85.0875,1,38.63799999999992
569.54,84.0375,1,38.64000000000033
569.3800000000001,84.15,1,38.64200000000028
569.38,84.825,1,38.64400000000023
569.5799999999999,82.8375,1,38.646000000000186
569.74,83.1,1,38.64800000000014
568.8199999999999,84.3,1,38.65000000000009
569.26,84.45,1,38.652000000000044
569.22,83.6625,1,38.653999999999996
569.74,84.30000000000001,1,38.65599999999995
569.5,82.4625,1,38.6579999999999
569.74,83.625,1,38.66000000000031
569.06,83.925,1,38.66200000000026
570.02,82.95,1,38.664000000000215
569.78,82.8375,1,38.66600000000017
569.3,83.2875,1,38.66800000000012
569.1,83.325,1,38.67000000000007
569.66,83.775,1,38.672000000000025
569.3399999999999,84.45,1,38.67399999999998
569.34,83.8125,1,38.67599999999993
569.62,83.55,1,38.67800000000034
569.7,83.9625,1,38.68000000000029
569.5,83.9625,1,38.682000000000244
570.26,83.51249999999999,1,38.6840000000002
569.42,84.1875,1,38.68600000000015
570.14,82.425,1,38.6880000000001
569.94,84.2625,1,38.690000000000055
569.5799999999999,82.3875,1,38.69200000000001
570.38,82.7625,1,38.69399999999996
569.94,83.85,1,38.69599999999991
569.94,83.4375,1,38.69800000000032
570.5,82.3875,1,38.70000000000027
569.94,82.23750000000001,1,38.702000000000226
570.54,83.55,1,38.70400000000018
570.02,82.275,1,38.70600000000013
570.6199999999999,82.2,1,38.708000000000084
570.1800000000001,82.8,1,38.710000000000036
569.78,81.9375,1,38.71199999999999
570.5799999999999,81.9,1,38.71399999999994
570.26,81.9,1,38.71600000000035
570.54,81.75,1,38.7180000000003
569.98,81.07499999999999,1,38.720000000000255
570.7,82.275,1,38.72200000000021
569.7,81.15,1,38.72400000000016
569.94,82.1625,1,38.72600000000011
570.1800000000001,81.9375,1,38.728000000000065
570.94,81.0375,1,38.73000000000002
570.98,82.3125,1,38.73199999999997
569.78,81.9375,1,38.733999999999924
570.8199999999999,81.0375,1,38.73600000000033
569.94,82.23750000000001,1,38.738000000000284
570.26,81.67500000000001,1,38.74000000000024
568.94,83.25,1,38.74200000000019
566.78,84.975,1,38.74400000000014
561.94,86.8125,1,38.746000000000095
554.26,88.9125,1,38.74800000000005
543.5,91.3125,1,38.75
529.8199999999999,93.48750000000001,1,38.75199999999995
513.74,96.525,1,38.753999999999905
495.46000000000004,102.675,1,38.75600000000031
475.46000000000004,105.86250000000001,1,38.758000000000266
454.18,109.575,1,38.76000000000022
432.74,111.7875,1,38.76200000000017
412.22,115.3875,1,38.764000000000124
390.78,115.5,1,38.766000000000076
370.53999999999996,122.8875,1,38.76800000000003
349.98,125.1375,1,38.76999999999998
330.46,126.45,1,38.771999999999935
310.14,126.9,1,38.77400000000034
289.02,130.95,1,38.776000000000295
269.54,133.6125,1,38.77800000000025
250.94,135.0,1,38.7800000000002
234.98000000000002,135.0375,1,38.78200000000015
219.26,137.8125,1,38.784000000000106
204.78,138.075,1,38.78600000000006
191.62,138.75,1,38.78800000000001
179.82,138.7875,1,38.789999999999964
169.18,138.45,1,38.791999999999916
161.14,137.775,1,38.794000000000324
156.26,137.7375,1,38.79600000000028
153.62,137.1375,1,38.79800000000023
153.22,135.375,1,38.80000000000018
154.34,133.9875,1,38.802000000000135
154.98000000000002,133.6125,1,38.80400000000009
154.86,131.55,1,38.80600000000004
154.89999999999998,131.925,1,38.80799999999999
154.06,130.83749999999998,1,38.809999999999945
154.5,131.2125,1,38.8119999999999
153.86,131.1,1,38.814000000000306
154.22,130.6875,1,38.81600000000026
154.7,130.5,1,38.81800000000021
155.01999999999998,130.575,1,38.820000000000164
154.82,131.1375,1,38.822000000000116
155.22,130.575,1,38.82400000000007
154.86,130.3875,1,38.82600000000002
154.78,129.6,1,38.827999999999975
154.5,129.4125,1,38.82999999999993
154.22,129.4125,1,38.832000000000335
153.89999999999998,128.8875,1,38.83400000000029
154.3,128.325,1,38.83600000000024
154.42000000000002,127.8375,1,38.83800000000019
154.22,127.0125,1,38.840000000000146
154.26,127.05000000000001,1,38.8420000000001
154.3,126.7125,1,38.84400000000005
154.5,126.825,1,38.846000000000004
154.62,125.88749999999999,1,38.847999999999956
154.14,125.4,1,38.84999999999991
154.1,125.475,1,38.85200000000032
153.86,124.65,1,38.85400000000027
153.74,124.5,1,38.85600000000022
154.1,124.9125,1,38.858000000000175
153.46,124.05,1,38.86000000000013
154.01999999999998,123.1125,1,38.86200000000008
153.62,123.075,1,38.86400000000003
153.74,123.375,1,38.865999999999985
153.26,121.875,1,38.86799999999994
153.82,122.025,1,38.870000000000346
153.89999999999998,122.1,1,38.8720000000003
153.06,120.5625,1,38.87400000000025
153.45999999999998,120.86250000000001,1,38.876000000000204
153.94,121.125,1,38.878000000000156
153.3,120.82499999999999,1,38.88000000000011
153.1,119.7,1,38.88200000000006
153.3,119.8125,1,38.884000000000015
152.57999999999998,119.3625,1,38.88599999999997
153.38,118.4625,1,38.88799999999992
152.74,118.38749999999999,1,38.89000000000033
153.18,118.425,1,38.89200000000028
152.7,117.675,1,38.89400000000023
152.38,117.0,1,38.896000000000186
152.3,116.69999999999999,1,38.89800000000014
152.82,117.07499999999999,1,38.90000000000009
152.18,117.2625,1,38.902000000000044
151.54000000000002,116.6625,1,38.903999999999996
151.74,116.7,1,38.90599999999995
151.7,116.175,1,38.9079999999999
151.7,116.6625,1,38.91000000000031
151.78,116.2125,1,38.91200000000026
151.82,115.9875,1,38.914000000000215
152.10000000000002,116.775,1,38.91600000000017
151.62,116.13749999999999,1,38.91800000000012
151.7,115.94999999999999,1,38.92000000000007
151.38,116.13749999999999,1,38.922000000000025
151.7,116.175,1,38.92399999999998
151.74,116.17500000000001,1,38.92599999999993
151.74,116.1375,1,38.92800000000034
151.26,115.725,1,38.93000000000029
151.58,115.35,1,38.932000000000244
151.3,115.6875,1,38.9340000000002
151.42000000000002,114.7125,1,38.93600000000015
151.38,114.7125,1,38.9380000000001
151.86,114.825,1,38.940000000000055
151.54000000000002,115.5375,1,38.94200000000001
151.02,115.3875,1,38.94399999999996
151.02,114.6,1,38.94599999999991
150.94,114.975,1,38.94800000000032
151.14,115.19999999999999,1,38.95000000000027
151.1,114.525,1,38.952000000000226
151.38,114.525,1,38.95400000000018
150.94,114.1875,1,38.95600000000013
151.26,114.375,1,38.958000000000084
151.74,113.625,1,38.960000000000036
151.06,114.225,1,38.96199999999999
151.34,113.5125,1,38.96399999999994
150.98000000000002,113.2125,1,38.96600000000035
151.3,113.5125,1,38.9680000000003
151.62,112.35,1,38.970000000000255
150.86,111.9,1,38.97200000000021
150.78,112.725,1,38.97400000000016
150.94,111.75,1,38.97600000000011
151.26,111.26249999999999,1,38.978000000000065
151.01999999999998,112.05,1,38.98000000000002
150.89999999999998,110.85,1,38.98199999999997
150.86,110.9625,1,38.983999999999924
150.86,109.575,1,38.98600000000033
150.62,110.36250000000001,1,38.988000000000284
150.94,109.8375,1,38.99000000000024
151.18,110.36250000000001,1,38.99200000000019
150.78,108.8625,1,38.99400000000014
150.82,109.95,1,38.996000000000095
150.66000000000003,109.2,1,38.99800000000005
150.77999999999997,109.4625,1,39.0
150.7,108.675,1,39.00199999999995
150.3,108.7125,1,39.003999999999905
150.74,108.525,1,39.00600000000031
150.98000000000002,109.3125,1,39.008000000000266
150.82,109.05,1,39.01000000000022
150.98000000000002,107.925,1,39.01200000000017
150.38,109.2,1,39.014000000000124
151.01999999999998,108.9375,1,39.016000000000076
150.66,107.8125,1,39.01800000000003
151.38,109.8,1,39.01999999999998
151.06,109.65,1,39.021999999999935
151.58,108.7875,1,39.02400000000034
150.54,108.67500000000001,1,39.026000000000295
151.66,109.3125,1,39.02800000000025
150.7,109.6875,1,39.0300000000002
151.01999999999998,109.725,1,39.03200000000015
150.7,109.9125,1,39.034000000000106
150.98,108.6,1,39.03600000000006
151.42000000000002,108.7125,1,39.03800000000001
151.14,109.6875,1,39.039999999999964
151.22,109.6125,1,39.041999999999916
151.66,108.15,1,39.044000000000324
151.5,109.6875,1,39.04600000000028
151.14,109.9125,1,39.04800000000023
151.26,109.05,1,39.05000000000018
150.9,110.475,1,39.052000000000135
151.3,108.7875,1,39.05400000000009
151.42000000000002,107.9625,1,39.05600000000004
151.46,108.26249999999999,1,39.05799999999999
151.62,109.2,1,39.059999999999945
151.38,108.9,1,39.0619999999999
151.45999999999998,108.3,1,39.064000000000306
151.06,108.3375,1,39.06600000000026
151.06,107.775,1,39.06800000000021
150.66000000000003,107.7375,1,39.070000000000164
150.82,106.725,1,39.072000000000116
151.82,106.425,1,39.07400000000007
150.94,106.9125,1,39.07600000000002
150.7,106.80000000000001,1,39.077999999999975
151.14,105.7875,1,39.07999999999993
150.34,106.3125,1,39.082000000000335
150.78,105.7125,1,39.08400000000029
150.57999999999998,106.2,1,39.08600000000024
150.3,105.1875,1,39.08800000000019
150.58,105.30000000000001,1,39.090000000000146
150.38,106.125,1,39.0920000000001
150.22,104.8875,1,39.09400000000005
150.34,104.8125,1,39.096000000000004
150.3,105.4125,1,39.097999999999956
150.46,104.625,1,39.09999999999991
150.62,104.775,1,39.10200000000032
149.98000000000002,105.67500000000001,1,39.10400000000027
148.5,107.1,1,39.10600000000022
145.86,106.95,1,39.108000000000175
141.26,107.325,1,39.11000000000013
135.94,106.76249999999999,1,39.11200000000008
128.38,105.3375,1,39.11400000000003
121.53999999999999,104.2875,1,39.115999999999985
113.53999999999999,103.9125,1,39.11799999999994
106.9,101.85,1,39.120000000000346
100.02000000000001,101.8875,1,39.1220000000003
93.42,102.6,1,39.12400000000025
87.66,103.425,1,39.126000000000204
82.66,102.75,1,39.128000000000156
77.86,102.86250000000001,1,39.13000000000011
72.62,102.1875,1,39.13200000000006
68.94,101.3625,1,39.134000000000015
64.9,100.8375,1,39.13599999999997
62.14,102.0375,1,39.13799999999992
60.540000000000006,101.1375,1,39.14000000000033
59.980000000000004,100.42500000000001,1,39.14200000000028
60.620000000000005,100.2,1,39.14400000000023
61.34,99.225,1,39.146000000000186
62.339999999999996,98.4,1,39.14800000000014
62.5,98.5875,1,39.15000000000009
63.540000000000006,97.05,1,39.152000000000044
62.66,97.05000000000001,1,39.153999999999996
63.02,97.19999999999999,1,39.15599999999995
63.14,95.775,1,39.1579999999999
63.54,95.5875,1,39.16000000000031
62.980000000000004,95.175,1,39.16200000000026
63.379999999999995,94.35,1,39.164000000000215
63.17999999999999,92.88749999999999,1,39.16600000000017
62.38,93.4875,1,39.16800000000012
62.42,93.1875,1,39.17000000000007
62.300000000000004,93.525,1,39.172000000000025
62.379999999999995,92.625,1,39.17399999999998
62.42,93.15,1,39.17599999999993
63.14,92.8875,1,39.17800000000034
62.06,91.95,1,39.18000000000029
62.540000000000006,91.3875,1,39.182000000000244
62.940000000000005,91.9125,1,39.1840000000002
62.66,92.4375,1,39.18600000000015
62.74,91.9875,1,39.1880000000001
62.66,91.5,1,39.190000000000055
62.82000000000001,90.8625,1,39.19200000000001
62.82000000000001,91.05000000000001,1,39.19399999999996
62.74,91.19999999999999,1,39.19599999999991
62.94,92.6625,1,39.19800000000032
63.17999999999999,91.95,1,39.20000000000027
63.46,93.0375,1,39.202000000000226
63.18,91.0875,1,39.20400000000018
62.739999999999995,91.5375,1,39.20600000000013
63.34,91.0875,1,39.208000000000084
63.17999999999999,91.8375,1,39.210000000000036
63.5,90.525,1,39.21199999999999
63.86,90.75,1,39.21399999999994
63.98,90.3375,1,39.21600000000035
63.22,90.525,1,39.2180000000003
63.18,90.225,1,39.220000000000255
63.1,89.775,1,39.22200000000021
62.94,90.1875,1,39.22400000000016
63.42,89.9625,1,39.22600000000011
63.900000000000006,89.32499999999999,1,39.228000000000065
63.74,89.2875,1,39.23000000000002
63.9,89.8875,1,39.23199999999997
63.78,89.7,1,39.233999999999924
63.42,88.125,1,39.23600000000033
63.620000000000005,88.4625,1,39.238000000000284
63.94,88.575,1,39.24000000000024
63.22,88.575,1,39.24200000000019
63.459999999999994,88.275,1,39.24400000000014
63.46,88.275,1,39.246000000000095
63.18,87.6,1,39.24800000000005
62.980000000000004,88.38749999999999,1,39.25
63.66,87.6,1,39.25199999999995
63.260000000000005,88.05000000000001,1,39.253999999999905
63.7,87.9,1,39.25600000000031
63.379999999999995,87.4125,1,39.258000000000266
63.46,87.375,1,39.26000000000022
63.26,87.7875,1,39.26200000000017
63.18,87.0375,1,39.264000000000124
62.66,86.475,1,39.266000000000076
63.22,87.225,1,39.26800000000003
63.34,86.1375,1,39.26999999999998
62.980000000000004,87.4875,1,39.271999999999935
62.58,86.6625,1,39.27400000000034
62.62,85.57499999999999,1,39.276000000000295
62.739999999999995,86.4,1,39.27800000000025
62.739999999999995,86.175,1,39.2800000000002
62.26,85.275,1,39.28200000000015
62.94,85.9125,1,39.284000000000106
63.019999999999996,86.475,1,39.28600000000006
62.019999999999996,85.8375,1,39.28800000000001
62.34,85.65,1,39.289999999999964
62.82000000000001,85.4625,1,39.291999999999916
62.78,85.3125,1,39.294000000000324
62.46000000000001,86.51249999999999,1,39.29600000000028
62.66,85.3875,1,39.29800000000023
62.78,85.6125,1,39.30000000000018
62.14,86.4375,1,39.302000000000135
62.42,86.025,1,39.30400000000009
62.06,85.425,1,39.30600000000004
61.86,86.1,1,39.30799999999999
62.78,85.76249999999999,1,39.309999999999945
62.94,85.425,1,39.3119999999999
62.34,85.6125,1,39.314000000000306
62.5,86.6625,1,39.31600000000026
62.42,86.2875,1,39.31800000000021
62.58,85.57499999999999,1,39.320000000000164
62.18,85.4625,1,39.322000000000116
62.540000000000006,84.6,1,39.32400000000007
62.46,85.9125,1,39.32600000000002
62.14,85.5,1,39.327999999999975
62.660000000000004,84.825,1,39.32999999999993
62.02,85.0875,1,39.332000000000335
62.5,85.6875,1,39.33400000000029
62.18000000000001,84.15,1,39.33600000000024
62.42,85.275,1,39.33800000000019
62.5,85.6125,1,39.340000000000146
61.86,83.92500000000001,1,39.3420000000001
62.06,84.30000000000001,1,39.34400000000005
61.78,84.7875,1,39.346000000000004
61.739999999999995,84.6375,1,39.347999999999956
61.82,84.45,1,39.34999999999991
61.9,84.75,1,39.35200000000032
61.06,84.525,1,39.35400000000027
61.62,85.2375,1,39.35600000000022
62.26,86.2125,1,39.358000000000175
62.06,84.0,1,39.36000000000013
61.900000000000006,84.4125,1,39.36200000000008
62.06,84.86250000000001,1,39.36400000000003
62.54,84.525,1,39.365999999999985
62.18,84.1875,1,39.36799999999994
61.739999999999995,84.82499999999999,1,39.370000000000346
61.58,84.9,1,39.3720000000003
62.26,84.2625,1,39.37400000000025
62.5,83.55,1,39.376000000000204
61.34,84.5625,1,39.378000000000156
62.18,84.5625,1,39.38000000000011
62.379999999999995,83.92500000000001,1,39.38200000000006
62.5,84.0375,1,39.384000000000015
61.78,83.25,1,39.38599999999997
61.82,84.1125,1,39.38799999999992
62.58,82.95,1,39.39000000000033
62.42,82.80000000000001,1,39.39200000000028
62.379999999999995,82.9125,1,39.39400000000023
62.38,82.76249999999999,1,39.396000000000186
61.900000000000006,82.8375,1,39.39800000000014
62.78,82.9875,1,39.40000000000009
62.540000000000006,82.76249999999999,1,39.402000000000044
62.78,83.17500000000001,1,39.403999999999996
62.019999999999996,83.2125,1,39.40599999999995
61.94,82.3125,1,39.4079999999999
62.14,83.475,1,39.41000000000031
62.660000000000004,82.725,1,39.41200000000026
62.46000000000001,83.1375,1,39.414000000000215
61.980000000000004,84.67500000000001,1,39.41600000000017
62.5,84.2625,1,39.41800000000012
63.099999999999994,84.0,1,39.42000000000007
62.66,84.3,1,39.422000000000025
61.66,85.65,1,39.42399999999998
60.379999999999995,88.65,1,39.42599999999993
57.300000000000004,91.65,1,39.42800000000034
52.980000000000004,97.35,1,39.43000000000029
46.86,102.675,1,39.432000000000244
42.22,110.7375,1,39.4340000000002
35.9,118.5375,1,39.43600000000015
32.18,126.07499999999999,1,39.4380000000001
29.02,132.2625,1,39.440000000000055
27.14,139.5,1,39.44200000000001
25.66,145.7625,1,39.44399999999996
23.78,151.3125,1,39.44599999999991
23.14,157.16250000000002,1,39.44800000000032
21.82,162.2625,1,39.45000000000027
21.22,167.25,1,39.452000000000226
22.380000000000003,170.3625,1,39.45400000000018
22.619999999999997,172.3875,1,39.45600000000013
23.26,174.41250000000002,1,39.458000000000084
24.5,173.5125,1,39.460000000000036
24.54,173.775,1,39.46199999999999
25.14,173.625,1,39.46399999999994
24.78,172.1625,1,39.46600000000035
24.86,172.5,1,39.4680000000003
24.42,170.85,1,39.470000000000255
24.22,169.46249999999998,1,39.47200000000021
24.259999999999998,170.4375,1,39.47400000000016
23.86,169.6875,1,39.47600000000011
23.9,169.5,1,39.478000000000065
24.06,169.5375,1,39.48000000000002
23.5,169.2375,1,39.48199999999997
23.979999999999997,169.4625,1,39.483999999999924
23.98,169.2375,1,39.48600000000033
23.82,170.175,1,39.488000000000284
23.78,169.6125,1,39.49000000000024
23.46,169.72500000000002,1,39.49200000000019
23.5,170.55,1,39.49400000000014
23.380000000000003,169.6125,1,39.496000000000095
23.86,170.175,1,39.49800000000005
23.700000000000003,169.125,1,39.5
23.580000000000002,169.65,1,39.50199999999995
23.740000000000002,170.0625,1,39.503999999999905
23.700000000000003,169.8375,1,39.50600000000031
23.9,169.8,1,39.508000000000266
23.46,169.575,1,39.51000000000022
23.66,168.3375,1,39.51200000000017
23.5,169.5,1,39.514000000000124
23.3,169.3875,1,39.516000000000076
23.54,169.875,1,39.51800000000003
23.9,168.75,1,39.51999999999998
23.34,170.3625,1,39.521999999999935
23.3,169.7625,1,39.52400000000034
23.34,169.875,1,39.526000000000295
23.78,169.3875,1,39.52800000000025
23.86,169.65,1,39.5300000000002
23.580000000000002,168.75,1,39.53200000000015
23.82,168.9375,1,39.534000000000106
23.900000000000002,169.575,1,39.53600000000006
23.38,167.1375,1,39.53800000000001
23.46,167.66250000000002,1,39.539999999999964
23.939999999999998,167.66250000000002,1,39.541999999999916
23.700000000000003,166.9125,1,39.544000000000324
23.580000000000002,168.0,1,39.54600000000028
23.82,168.0,1,39.54800000000023
23.54,166.8,1,39.55000000000018
23.54,167.10000000000002,1,39.552000000000135
23.54,167.325,1,39.55400000000009
23.82,166.875,1,39.55600000000004
23.5,167.5875,1,39.55799999999999
23.38,167.55,1,39.559999999999945
23.82,167.4,1,39.5619999999999
23.700000000000003,167.4,1,39.564000000000306
23.419999999999998,167.8875,1,39.56600000000026
23.900000000000002,166.8,1,39.56800000000021
23.86,167.8875,1,39.570000000000164
23.66,167.25,1,39.572000000000116
24.58,167.925,1,39.57400000000007
24.46,168.225,1,39.57600000000002
24.060000000000002,169.08749999999998,1,39.577999999999975
23.94,168.525,1,39.57999999999993
24.06,168.4875,1,39.582000000000335
24.06,169.5,1,39.58400000000029
24.06,168.8625,1,39.58600000000024
23.62,168.6375,1,39.58800000000019
23.9,169.8375,1,39.590000000000146
23.3,168.4875,1,39.5920000000001
23.660000000000004,168.8625,1,39.59400000000005
23.82,168.6375,1,39.596000000000004
23.82,168.89999999999998,1,39.597999999999956
23.42,168.375,1,39.59999999999991
23.42,168.2625,1,39.60200000000032
23.54,168.4875,1,39.60400000000027
23.06,167.9625,1,39.60600000000022
23.1,167.55,1,39.608000000000175
23.380000000000003,167.58749999999998,1,39.61000000000013
22.86,167.175,1,39.61200000000008
23.14,167.6625,1,39.61400000000003
22.66,166.875,1,39.615999999999985
22.98,167.66250000000002,1,39.61799999999994
22.58,167.0625,1,39.620000000000346
22.66,166.05,1,39.6220000000003
23.3,167.625,1,39.62400000000025
22.54,166.275,1,39.626000000000204
22.62,165.4125,1,39.628000000000156
22.900000000000002,165.9375,1,39.63000000000011
23.18,165.75,1,39.63200000000006
22.580000000000002,165.97500000000002,1,39.634000000000015
22.46,165.2625,1,39.63599999999997
22.54,165.1875,1,39.63799999999992
22.14,165.78750000000002,1,39.64000000000033
22.5,165.97500000000002,1,39.64200000000028
22.34,166.3125,1,39.64400000000023
22.98,165.4125,1,39.646000000000186
22.18,165.9375,1,39.64800000000014
22.38,165.1125,1,39.65000000000009
22.740000000000002,165.6375,1,39.652000000000044
22.259999999999998,165.825,1,39.653999999999996
22.26,165.9,1,39.65599999999995
22.38,165.4875,1,39.6579999999999
22.619999999999997,165.75,1,39.66000000000031
21.9,165.3,1,39.66200000000026
22.46,164.8875,1,39.664000000000215
22.22,166.2375,1,39.66600000000017
22.34,166.6125,1,39.66800000000012
22.34,166.275,1,39.67000000000007
22.740000000000002,166.7625,1,39.672000000000025
21.94,166.9875,1,39.67399999999998
22.38,165.75,1,39.67599999999993
22.58,166.05,1,39.67800000000034
22.22,167.0625,1,39.68000000000029
21.98,166.8375,1,39.682000000000244
22.22,166.5,1,39.6840000000002
22.46,166.9875,1,39.68600000000015
21.98,167.025,1,39.6880000000001
22.22,167.5875,1,39.690000000000055
22.62,167.5875,1,39.69200000000001
22.3,167.3625,1,39.69399999999996
22.62,167.39999999999998,1,39.69599999999991
23.14,167.58749999999998,1,39.69800000000032
22.7,168.15,1,39.70000000000027
22.62,169.0125,1,39.702000000000226
22.66,170.8875,1,39.70400000000018
22.86,175.65,1,39.70600000000013
22.38,179.4375,1,39.708000000000084
20.98,183.2625,1,39.710000000000036
20.18,189.825,1,39.71199999999999
19.34,195.45,1,39.71399999999994
18.78,201.1875,1,39.71600000000035
19.22,207.7125,1,39.7180000000003
19.26,213.8625,1,39.720000000000255
20.540000000000006,219.5625,1,39.72200000000021
20.580000000000002,225.7875,1,39.72400000000016
22.02,231.4875,1,39.72600000000011
22.54,236.175,1,39.728000000000065
22.42,239.25,1,39.73000000000002
23.740000000000002,239.6625,1,39.73199999999997
23.700000000000003,239.175,1,39.733999999999924
23.58,239.58749999999998,1,39.73600000000033
24.139999999999997,239.8125,1,39.738000000000284
24.1,239.8125,1,39.74000000000024
23.14,239.775,1,39.74200000000019
23.66,240.1875,1,39.74400000000014
23.46,239.8125,1,39.746000000000095
22.94,239.55,1,39.74800000000005
22.580000000000002,239.4375,1,39.75
22.740000000000002,239.1375,1,39.75199999999995
22.78,238.5,1,39.753999999999905
22.740000000000002,238.91250000000002,1,39.75600000000031
22.62,239.3625,1,39.758000000000266
22.54,238.6875,1,39.76000000000022
23.02,239.25,1,39.76200000000017
23.22,239.325,1,39.764000000000124
22.939999999999998,239.475,1,39.766000000000076
22.82,238.8375,1,39.76800000000003
22.78,239.3625,1,39.76999999999998
22.380000000000003,238.5375,1,39.771999999999935
22.82,238.575,1,39.77400000000034
22.82,238.6125,1,39.776000000000295
22.3,238.6875,1,39.77800000000025
22.58,238.875,1,39.7800000000002
22.66,238.3125,1,39.78200000000015
21.98,238.83749999999998,1,39.784000000000106
22.42,238.6125,1,39.78600000000006
22.14,238.95,1,39.78800000000001
22.22,238.875,1,39.789999999999964
21.98,238.1625,1,39.791999999999916
22.299999999999997,239.1375,1,39.794000000000324
22.46,237.0,1,39.79600000000028
22.14,238.3125,1,39.79800000000023
22.34,236.9625,1,39.80000000000018
22.259999999999998,238.125,1,39.802000000000135
22.1,237.33749999999998,1,39.80400000000009
22.54,236.8125,1,39.80600000000004
22.299999999999997,237.8625,1,39.80799999999999
22.22,237.89999999999998,1,39.809999999999945
22.14,237.225,1,39.8119999999999
21.98,237.03750000000002,1,39.814000000000306
22.34,236.175,1,39.81600000000026
22.18,237.75,1,39.81800000000021
21.98,236.77499999999998,1,39.820000000000164
22.5,236.47500000000002,1,39.822000000000116
22.700000000000003,237.7125,1,39.82400000000007
22.14,236.96249999999998,1,39.82600000000002
22.38,236.625,1,39.827999999999975
22.78,237.675,1,39.82999999999993
22.86,237.7125,1,39.832000000000335
22.740000000000002,237.0,1,39.83400000000029
22.94,237.8625,1,39.83600000000024
22.5,237.825,1,39.83800000000019
22.82,237.075,1,39.840000000000146
22.9,236.8875,1,39.8420000000001
22.939999999999998,237.0,1,39.84400000000005
23.14,237.075,1,39.846000000000004
22.86,237.41250000000002,1,39.847999999999956
23.02,237.2625,1,39.84999999999991
22.5,237.225,1,39.85200000000032
22.5,236.8125,1,39.85400000000027
22.7,236.7,1,39.85600000000022
22.54,236.7375,1,39.858000000000175
22.54,237.15,1,39.86000000000013
22.66,236.55,1,39.86200000000008
22.46,235.72500000000002,1,39.86400000000003
22.740000000000002,237.15,1,39.865999999999985
23.22,236.8125,1,39.86799999999994
23.02,236.325,1,39.870000000000346
22.86,235.725,1,39.8720000000003
23.14,236.175,1,39.87400000000025
24.42,236.4375,1,39.876000000000204
26.380000000000003,236.775,1,39.878000000000156
30.740000000000002,238.8,1,39.88000000000011
38.54,240.9375,1,39.88200000000006
47.94,243.5625,1,39.884000000000015
62.260000000000005,247.4625,1,39.88599999999997
78.62,251.7,1,39.88799999999992
96.53999999999999,256.5,1,39.89000000000033
115.53999999999999,259.9875,1,39.89200000000028
138.58,264.7125,1,39.89400000000023
161.01999999999998,268.4625,1,39.896000000000186
184.98,276.3375,1,39.89800000000014
211.57999999999998,282.4125,1,39.90000000000009
236.38,290.0625,1,39.902000000000044
260.62,295.6125,1,39.903999999999996
284.9,299.0625,1,39.90599999999995
309.65999999999997,302.2875,1,39.9079999999999
333.34000000000003,307.35,1,39.91000000000031
357.5,310.5,1,39.91200000000026
381.58000000000004,314.2875,1,39.914000000000215
404.26,316.3875,1,39.91600000000017
426.65999999999997,320.325,1,39.91800000000012
448.94,322.2,1,39.92000000000007
471.26,325.1625,1,39.922000000000025
491.05999999999995,327.45,1,39.92399999999998
514.06,330.375,1,39.92599999999993
534.7,332.55,1,39.92800000000034
555.6600000000001,335.475,1,39.93000000000029
576.14,338.7,1,39.932000000000244
595.46,339.7875,1,39.9340000000002
615.46,342.525,1,39.93600000000015
633.02,344.0625,1,39.9380000000001
651.98,347.92499999999995,1,39.940000000000055
669.54,352.3875,1,39.94200000000001
685.1800000000001,352.4625,1,39.94399999999996
700.7,353.1375,1,39.94599999999991
715.54,354.4875,1,39.94800000000032
724.94,355.3125,1,39.95000000000027
734.1800000000001,354.3375,1,39.952000000000226
739.06,354.075,1,39.95400000000018
742.06,351.8625,1,39.95600000000013
744.06,349.3125,1,39.958000000000084
744.06,347.4375,1,39.960000000000036
743.54,344.25,1,39.96199999999999
743.54,343.9125,1,39.96399999999994
744.78,342.825,1,39.96600000000035
744.5,341.2125,1,39.9680000000003
744.3399999999999,341.7,1,39.970000000000255
744.3,342.1875,1,39.97200000000021
745.14,341.6625,1,39.97400000000016
744.8199999999999,342.375,1,39.97600000000011
744.22,341.2875,1,39.978000000000065
744.78,341.5875,1,39.98000000000002
744.66,342.0375,1,39.98199999999997
744.1800000000001,340.65,1,39.983999999999924
745.3,340.95,1,39.98600000000033
745.1400000000001,340.4625,1,39.988000000000284
744.8199999999999,340.9875,1,39.99000000000024
745.6600000000001,339.7125,1,39.99200000000019
746.1800000000001,339.3375,1,39.99400000000014
745.8199999999999,338.6625,1,39.996000000000095
745.94,338.2875,1,39.99800000000005
746.74,338.0625,1,40.0
746.26,338.17499999999995,1,40.00199999999995
746.5,338.25,1,40.003999999999905
746.8199999999999,337.725,1,40.00600000000031
746.7,337.275,1,40.008000000000266
746.86,337.23749999999995,1,40.01000000000022
746.66,337.01250000000005,1,40.01200000000017
745.8599999999999,336.45000000000005,1,40.014000000000124
746.38,336.6375,1,40.016000000000076
746.26,336.86249999999995,1,40.01800000000003
745.9,336.45,1,40.01999999999998
746.42,336.5625,1,40.021999999999935
746.1800000000001,336.3,1,40.02400000000034
746.34,336.15,1,40.026000000000295
746.62,335.175,1,40.02800000000025
746.5799999999999,336.075,1,40.0300000000002
746.7,335.0625,1,40.03200000000015
746.58,334.8,1,40.034000000000106
746.7,334.76250000000005,1,40.03600000000006
746.8199999999999,335.025,1,40.03800000000001
747.02,334.1625,1,40.039999999999964
747.62,333.1875,1,40.041999999999916
747.38,332.85,1,40.044000000000324
747.58,332.3625,1,40.04600000000028
747.74,332.775,1,40.04800000000023
747.38,331.5375,1,40.05000000000018
747.54,331.5375,1,40.052000000000135
747.14,330.9375,1,40.05400000000009
747.06,330.2625,1,40.05600000000004
747.02,330.4875,1,40.05799999999999
747.26,330.0,1,40.059999999999945
747.6600000000001,328.125,1,40.0619999999999
747.02,329.025,1,40.064000000000306
746.62,328.65,1,40.06600000000026
746.9000000000001,327.45000000000005,1,40.06800000000021
746.5,327.45,1,40.070000000000164
746.34,327.525,1,40.072000000000116
746.14,326.8875,1,40.07400000000007
746.4200000000001,326.73749999999995,1,40.07600000000002
746.26,326.625,1,40.077999999999975
746.3399999999999,327.225,1,40.07999999999993
746.46,326.5875,1,40.082000000000335
746.3,325.65,1,40.08400000000029
746.42,326.0625,1,40.08600000000024
745.78,325.7625,1,40.08800000000019
746.02,324.82500000000005,1,40.090000000000146
746.6600000000001,324.4125,1,40.0920000000001
746.8199999999999,325.3125,1,40.09400000000005
746.1400000000001,324.675,1,40.096000000000004
746.22,323.8125,1,40.097999999999956
746.54,325.875,1,40.09999999999991
746.94,323.9625,1,40.10200000000032
746.58,323.625,1,40.10400000000027
746.8199999999999,325.2,1,40.10600000000022
746.62,324.7875,1,40.108000000000175
746.74,324.975,1,40.11000000000013
746.54,324.0375,1,40.11200000000008
746.98,324.48749999999995,1,40.11400000000003
747.02,324.5625,1,40.115999999999985
747.3,323.88750000000005,1,40.11799999999994
747.02,323.475,1,40.120000000000346
746.9000000000001,323.54999999999995,1,40.1220000000003
747.22,323.5875,1,40.12400000000025
747.3,323.7,1,40.126000000000204
747.66,322.65,1,40.128000000000156
747.94,322.6125,1,40.13000000000011
747.26,321.9375,1,40.13200000000006
747.5,322.0875,1,40.134000000000015
747.62,321.45000000000005,1,40.13599999999997
748.02,321.5625,1,40.13799999999992
747.5,321.45,1,40.14000000000033
747.8199999999999,320.8875,1,40.14200000000028
748.06,321.07500000000005,1,40.14400000000023
747.98,320.1,1,40.146000000000186
747.98,320.4,1,40.14800000000014
748.22,320.8125,1,40.15000000000009
747.62,320.475,1,40.152000000000044
748.62,320.6625,1,40.153999999999996
748.1800000000001,320.1375,1,40.15599999999995
747.8199999999999,320.2125,1,40.1579999999999
747.9000000000001,321.1125,1,40.16000000000031
747.94,320.88750000000005,1,40.16200000000026
747.6600000000001,320.4,1,40.164000000000215
748.3,320.51250000000005,1,40.16600000000017
747.3399999999999,320.5875,1,40.16800000000012
748.26,320.175,1,40.17000000000007
747.8199999999999,320.2875,1,40.172000000000025
747.54,319.875,1,40.17399999999998
748.06,320.0625,1,40.17599999999993
747.7,319.725,1,40.17800000000034
747.9,320.4375,1,40.18000000000029
748.22,320.175,1,40.182000000000244
747.86,320.36249999999995,1,40.1840000000002
747.5,319.125,1,40.18600000000015
747.78,319.9875,1,40.1880000000001
748.02,319.4625,1,40.190000000000055
747.7,318.7125,1,40.19200000000001
747.94,319.8,1,40.19399999999996
747.54,320.1,1,40.19599999999991
747.78,318.9375,1,40.19800000000032
747.94,318.5625,1,40.20000000000027
747.78,319.5375,1,40.202000000000226
747.94,318.975,1,40.20400000000018
748.14,319.125,1,40.20600000000013
748.26,317.3625,1,40.208000000000084
748.26,318.63750000000005,1,40.210000000000036
748.02,317.8875,1,40.21199999999999
748.66,318.4125,1,40.21399999999994
748.5,317.85,1,40.21600000000035
748.38,319.125,1,40.2180000000003
748.54,318.6375,1,40.220000000000255
748.78,317.4375,1,40.22200000000021
748.5799999999999,318.15,1,40.22400000000016
749.3399999999999,318.26250000000005,1,40.22600000000011
748.8599999999999,319.3125,1,40.228000000000065
748.98,319.35,1,40.23000000000002
749.38,318.225,1,40.23199999999997
749.38,318.375,1,40.233999999999924
749.62,319.65,1,40.23600000000033
749.58,318.7125,1,40.238000000000284
749.02,318.9375,1,40.24000000000024
749.22,319.65,1,40.24200000000019
749.02,317.475,1,40.24400000000014
749.98,318.67499999999995,1,40.246000000000095
749.46,319.0875,1,40.24800000000005
749.38,318.45,1,40.25
749.22,318.5625,1,40.25199999999995
749.98,319.05,1,40.253999999999905
749.26,317.6625,1,40.25600000000031
749.3399999999999,317.625,1,40.258000000000266
749.78,317.775,1,40.26000000000022
749.5799999999999,318.15,1,40.26200000000017
749.38,317.85,1,40.264000000000124
749.58,317.36249999999995,1,40.266000000000076
749.98,317.325,1,40.26800000000003
749.78,318.525,1,40.26999999999998
749.78,316.65,1,40.271999999999935
749.74,317.2125,1,40.27400000000034
749.46,316.725,1,40.276000000000295
749.54,316.65,1,40.27800000000025
749.5,317.51250000000005,1,40.2800000000002
749.78,317.92499999999995,1,40.28200000000015
749.22,316.425,1,40.284000000000106
749.5799999999999,316.125,1,40.28600000000006
749.3,316.125,1,40.28800000000001
749.5,316.42499999999995,1,40.289999999999964
749.3,315.675,1,40.291999999999916
749.62,316.4625,1,40.294000000000324
749.26,314.55,1,40.29600000000028
749.1800000000001,315.3375,1,40.29800000000023
749.54,315.3,1,40.30000000000018
749.5,314.4375,1,40.302000000000135
749.3399999999999,315.11249999999995,1,40.30400000000009
749.46,315.3375,1,40.30600000000004
749.5799999999999,314.475,1,40.30799999999999
749.58,314.775,1,40.309999999999945
749.5,313.9125,1,40.3119999999999
749.86,314.5125,1,40.314000000000306
749.6199999999999,313.8375,1,40.31600000000026
749.62,314.175,1,40.31800000000021
749.34,314.54999999999995,1,40.320000000000164
749.78,314.17499999999995,1,40.322000000000116
749.26,315.6,1,40.32400000000007
749.78,314.4,1,40.32600000000002
749.46,315.1875,1,40.327999999999975
749.18,314.9625,1,40.32999999999993
749.62,314.55,1,40.332000000000335
749.9,315.6,1,40.33400000000029
750.06,315.375,1,40.33600000000024
750.02,314.7375,1,40.33800000000019
750.5799999999999,314.7375,1,40.340000000000146
750.06,315.6375,1,40.3420000000001
750.38,315.3375,1,40.34400000000005
750.78,315.6,1,40.346000000000004
750.38,314.7,1,40.347999999999956
750.46,315.9375,1,40.34999999999991
750.9000000000001,315.07500000000005,1,40.35200000000032
750.74,315.26250000000005,1,40.35400000000027
750.0999999999999,315.0,1,40.35600000000022
750.8199999999999,315.1875,1,40.358000000000175
750.9,315.225,1,40.36000000000013
750.8199999999999,315.6,1,40.36200000000008
750.9000000000001,314.925,1,40.36400000000003
751.02,314.92499999999995,1,40.365999999999985
750.8199999999999,314.0625,1,40.36799999999994
751.22,314.2125,1,40.370000000000346
751.02,313.79999999999995,1,40.3720000000003
750.94,314.475,1,40.37400000000025
750.5799999999999,313.0125,1,40.376000000000204
750.8199999999999,312.5625,1,40.378000000000156
751.46,312.9,1,40.38000000000011
751.3,313.38750000000005,1,40.38200000000006
751.46,312.075,1,40.384000000000015
751.1800000000001,312.45,1,40.38599999999997
751.06,312.0375,1,40.38799999999992
751.06,312.5625,1,40.39000000000033
751.02,311.625,1,40.39200000000028
751.14,311.625,1,40.39400000000023
751.02,312.0,1,40.396000000000186
750.62,311.25,1,40.39800000000014
750.98,312.0,1,40.40000000000009
750.74,312.375,1,40.402000000000044
751.1800000000001,311.2875,1,40.403999999999996
751.34,312.0375,1,40.40599999999995
750.46,312.2625,1,40.4079999999999
751.3,311.775,1,40.41000000000031
751.1,310.875,1,40.41200000000026
751.0999999999999,311.3625,1,40.414000000000215
751.3,311.775,1,40.41600000000017
751.78,312.15,1,40.41800000000012
751.54,311.6625,1,40.42000000000007
750.94,312.75,1,40.422000000000025
751.1,311.55,1,40.42399999999998
750.78,312.075,1,40.42599999999993
751.22,311.175,1,40.42800000000034
751.06,311.36249999999995,1,40.43000000000029
750.94,312.1125,1,40.432000000000244
751.14,311.6625,1,40.4340000000002
750.74,310.9875,1,40.43600000000015
750.94,312.075,1,40.4380000000001
751.3,311.625,1,40.440000000000055
751.42,310.98749999999995,1,40.44200000000001
750.78,310.95,1,40.44399999999996
750.86,310.2375,1,40.44599999999991
750.58,310.5,1,40.44800000000032
750.5,310.6875,1,40.45000000000027
750.62,310.875,1,40.452000000000226
750.86,309.15,1,40.45400000000018
750.3,309.7875,1,40.45600000000013
750.98,310.0875,1,40.458000000000084
750.5,309.5625,1,40.460000000000036
750.7,310.0875,1,40.46199999999999
750.74,309.7125,1,40.46399999999994
750.54,309.75,1,40.46600000000035
750.46,310.3875,1,40.4680000000003
750.5799999999999,309.3375,1,40.470000000000255
750.74,309.7875,1,40.47200000000021
750.9000000000001,309.6,1,40.47400000000016
750.8199999999999,310.1625,1,40.47600000000011
750.46,310.1625,1,40.478000000000065
750.98,310.2,1,40.48000000000002
750.26,309.63750000000005,1,40.48199999999997
749.98,310.20000000000005,1,40.483999999999924
750.58,310.5375,1,40.48600000000033
750.46,310.3875,1,40.488000000000284
750.3399999999999,310.3875,1,40.49000000000024
750.26,309.82500000000005,1,40.49200000000019
749.78,310.0125,1,40.49400000000014
750.8199999999999,309.82500000000005,1,40.496000000000095
750.34,309.825,1,40.49800000000005
750.22,310.65,1,40.5
750.98,311.36249999999995,1,40.50199999999995
752.98,311.4375,1,40.503999999999905
755.1800000000001,313.0875,1,40.50600000000031
761.4200000000001,313.9875,1,40.508000000000266
768.14,315.2625,1,40.51000000000022
775.06,314.6625,1,40.51200000000017
783.66,317.325,1,40.514000000000124
792.3399999999999,318.075,1,40.516000000000076
799.98,318.9375,1,40.51800000000003
806.78,321.225,1,40.51999999999998
814.0999999999999,321.7875,1,40.521999999999935
820.62,324.5625,1,40.52400000000034
828.38,325.1625,1,40.526000000000295
833.5,325.65,1,40.52800000000025
836.66,326.4,1,40.5300000000002
840.4200000000001,326.475,1,40.53200000000015
846.78,326.2125,1,40.534000000000106
850.82,327.0,1,40.53600000000006
854.86,327.0375,1,40.53800000000001
857.58,327.07500000000005,1,40.539999999999964
859.46,327.6,1,40.541999999999916
858.3399999999999,326.8125,1,40.544000000000324
857.34,326.55,1,40.54600000000028
856.62,325.125,1,40.54800000000023
854.8199999999999,325.5375,1,40.55000000000018
854.6600000000001,323.4375,1,40.552000000000135
854.94,325.275,1,40.55400000000009
854.46,323.475,1,40.55600000000004
854.4200000000001,323.8125,1,40.55799999999999
854.5799999999999,323.9625,1,40.559999999999945
854.38,324.15,1,40.5619999999999
853.9,324.375,1,40.564000000000306
853.5799999999999,324.525,1,40.56600000000026
853.86,324.45,1,40.56800000000021
854.54,324.9,1,40.570000000000164
854.26,325.2,1,40.572000000000116
854.62,324.0375,1,40.57400000000007
855.46,325.05,1,40.57600000000002
855.14,325.2375,1,40.577999999999975
854.86,325.3875,1,40.57999999999993
855.3,325.1625,1,40.582000000000335
855.7,324.9,1,40.58400000000029
855.22,325.04999999999995,1,40.58600000000024
855.26,324.375,1,40.58800000000019
856.22,324.825,1,40.590000000000146
856.14,325.38750000000005,1,40.5920000000001
856.14,324.975,1,40.59400000000005
856.7,324.9375,1,40.596000000000004
856.46,324.8625,1,40.597999999999956
856.14,325.0875,1,40.59999999999991
856.74,324.29999999999995,1,40.60200000000032
856.5799999999999,324.6,1,40.60400000000027
856.9,323.775,1,40.60600000000022
857.06,324.075,1,40.608000000000175
857.46,323.8125,1,40.61000000000013
857.06,323.25,1,40.61200000000008
857.74,324.07500000000005,1,40.61400000000003
857.1400000000001,322.425,1,40.615999999999985
857.46,322.4625,1,40.61799999999994
857.74,323.51250000000005,1,40.620000000000346
857.74,323.025,1,40.6220000000003
857.26,321.9375,1,40.62400000000025
857.9000000000001,323.51250000000005,1,40.626000000000204
857.58,321.67499999999995,1,40.628000000000156
857.62,322.3125,1,40.63000000000011
858.14,321.975,1,40.63200000000006
857.8599999999999,322.5,1,40.634000000000015
857.9,321.975,1,40.63599999999997
858.3,323.13750000000005,1,40.63799999999992
857.74,321.375,1,40.64000000000033
858.02,322.61249999999995,1,40.64200000000028
858.5,322.3125,1,40.64400000000023
857.8599999999999,322.1625,1,40.646000000000186
857.98,322.1625,1,40.64800000000014
857.9,322.8375,1,40.65000000000009
858.1800000000001,322.4625,1,40.652000000000044
858.06,322.425,1,40.653999999999996
858.06,322.9125,1,40.65599999999995
858.5799999999999,322.61249999999995,1,40.6579999999999
858.78,322.725,1,40.66000000000031
858.22,322.6125,1,40.66200000000026
858.54,322.125,1,40.664000000000215
858.46,323.2125,1,40.66600000000017
858.5,322.2,1,40.66800000000012
858.5,322.6875,1,40.67000000000007
858.46,322.9875,1,40.672000000000025
858.22,322.125,1,40.67399999999998
858.34,322.35,1,40.67599999999993
858.06,322.3125,1,40.67800000000034
858.7,322.5,1,40.68000000000029
858.3,322.61249999999995,1,40.682000000000244
858.58,322.3125,1,40.6840000000002
858.54,322.8,1,40.68600000000015
858.54,322.38750000000005,1,40.6880000000001
858.5799999999999,322.275,1,40.690000000000055
858.26,322.4625,1,40.69200000000001
858.3,322.35,1,40.69399999999996
858.58,322.3875,1,40.69599999999991
858.5799999999999,322.125,1,40.69800000000032
858.46,322.275,1,40.70000000000027
858.62,322.2,1,40.702000000000226
858.54,322.0875,1,40.70400000000018
858.46,322.35,1,40.70600000000013
858.58,322.1625,1,40.708000000000084
858.3,322.6875,1,40.710000000000036
858.4200000000001,322.20000000000005,1,40.71199999999999
858.1,322.3125,1,40.71399999999994
858.3399999999999,322.275,1,40.71600000000035
858.5,321.7875,1,40.7180000000003
858.22,321.6,1,40.720000000000255
858.7,321.5625,1,40.72200000000021
858.22,321.5625,1,40.72400000000016
858.3,321.86249999999995,1,40.72600000000011
858.46,321.6,1,40.728000000000065
858.38,321.45,1,40.73000000000002
858.4200000000001,321.3,1,40.73199999999997
858.98,322.0125,1,40.733999999999924
858.78,322.275,1,40.73600000000033
858.26,321.15,1,40.738000000000284
858.1800000000001,321.525,1,40.74000000000024
858.5799999999999,321.67499999999995,1,40.74200000000019
858.3800000000001,321.6,1,40.74400000000014
858.62,322.65,1,40.746000000000095
858.98,322.5,1,40.74800000000005
858.98,322.35,1,40.75
858.8199999999999,322.8,1,40.75199999999995
859.1,322.2,1,40.753999999999905
858.54,322.5,1,40.75600000000031
858.6600000000001,322.575,1,40.758000000000266
858.78,322.725,1,40.76000000000022
858.8599999999999,323.0625,1,40.76200000000017
858.74,322.5375,1,40.764000000000124
858.9000000000001,322.76250000000005,1,40.766000000000076
858.46,323.2875,1,40.76800000000003
858.62,322.7625,1,40.76999999999998
858.7,323.5875,1,40.771999999999935
858.3399999999999,324.0375,1,40.77400000000034
859.02,322.5375,1,40.776000000000295
858.5799999999999,323.2875,1,40.77800000000025
858.86,323.1375,1,40.7800000000002
858.86,322.23749999999995,1,40.78200000000015
858.74,322.2375,1,40.784000000000106
858.58,322.9125,1,40.78600000000006
858.3399999999999,323.2125,1,40.78800000000001
858.9,322.20000000000005,1,40.789999999999964
859.0999999999999,321.975,1,40.791999999999916
859.06,322.6125,1,40.794000000000324
858.5799999999999,321.975,1,40.79600000000028
859.38,321.9375,1,40.79800000000023
858.54,322.275,1,40.80000000000018
858.6600000000001,321.7125,1,40.802000000000135
859.1,321.07500000000005,1,40.80400000000009
859.3399999999999,321.975,1,40.80600000000004
858.8199999999999,322.5375,1,40.80799999999999
858.8199999999999,322.3875,1,40.809999999999945
859.3800000000001,322.04999999999995,1,40.8119999999999
859.5,322.275,1,40.814000000000306
859.78,322.3125,1,40.81600000000026
859.5,323.0625,1,40.81800000000021
859.7,322.5,1,40.820000000000164
859.26,322.1625,1,40.822000000000116
859.8199999999999,322.79999999999995,1,40.82400000000007
858.8199999999999,322.95,1,40.82600000000002
858.5799999999999,323.0625,1,40.827999999999975
859.1400000000001,323.8125,1,40.82999999999993
859.3,322.9125,1,40.832000000000335
858.6600000000001,322.9125,1,40.83400000000029
858.98,322.76250000000005,1,40.83600000000024
859.26,322.8375,1,40.83800000000019
858.98,322.65,1,40.840000000000146
858.62,322.4625,1,40.8420000000001
859.26,322.05,1,40.84400000000005
859.22,322.6875,1,40.846000000000004
859.34,322.35,1,40.847999999999956
859.3399999999999,320.7,1,40.84999999999991
859.38,319.9875,1,40.85200000000032
858.94,320.8125,1,40.85400000000027
859.62,320.4375,1,40.85600000000022
859.5799999999999,320.775,1,40.858000000000175
859.22,320.175,1,40.86000000000013
858.26,321.45,1,40.86200000000008
857.14,321.82500000000005,1,40.86400000000003
853.38,325.05,1,40.865999999999985
849.78,327.9375,1,40.86799999999994
843.22,333.75,1,40.870000000000346
835.6600000000001,338.625,1,40.8720000000003
827.6600000000001,345.6,1,40.87400000000025
819.34,352.2,1,40.876000000000204
812.26,360.375,1,40.878000000000156
806.9000000000001,365.775,1,40.88000000000011
800.74,370.5375,1,40.88200000000006
795.46,376.6875,1,40.884000000000015
789.46,382.0125,1,40.88599999999997
782.26,389.0625,1,40.88799999999992
775.78,394.725,1,40.89000000000033
771.4200000000001,398.4,1,40.89200000000028
768.62,403.725,1,40.89400000000023
766.26,405.3,1,40.896000000000186
765.38,406.425,1,40.89800000000014
764.54,407.6625,1,40.90000000000009
764.26,407.025,1,40.902000000000044
764.38,406.275,1,40.903999999999996
764.0999999999999,405.5625,1,40.90599999999995
763.98,404.775,1,40.9079999999999
764.5,403.65,1,40.91000000000031
764.7,401.85,1,40.91200000000026
765.1400000000001,401.17499999999995,1,40.914000000000215
765.06,400.875,1,40.91600000000017
765.14,400.57500000000005,1,40.91800000000012
764.7,399.6,1,40.92000000000007
764.46,399.15,1,40.922000000000025
764.38,398.775,1,40.92399999999998
764.42,398.6625,1,40.92599999999993
763.98,398.5125,1,40.92800000000034
763.86,397.7625,1,40.93000000000029
764.3800000000001,398.025,1,40.932000000000244
763.9,397.725,1,40.9340000000002
763.94,397.9125,1,40.93600000000015
764.06,397.425,1,40.9380000000001
763.9000000000001,396.975,1,40.940000000000055
763.5799999999999,397.01250000000005,1,40.94200000000001
763.38,397.57500000000005,1,40.94399999999996
764.06,397.5,1,40.94599999999991
763.46,397.4625,1,40.94800000000032
763.5799999999999,397.9125,1,40.95000000000027
763.46,397.35,1,40.952000000000226
763.94,397.76250000000005,1,40.95400000000018
763.5,397.9125,1,40.95600000000013
763.26,397.725,1,40.958000000000084
763.3,399.0,1,40.960000000000036
762.6600000000001,398.7,1,40.96199999999999
762.58,398.625,1,40.96399999999994
762.26,398.2875,1,40.96600000000035
762.1800000000001,398.8125,1,40.9680000000003
762.38,398.4,1,40.970000000000255
762.38,398.13750000000005,1,40.97200000000021
762.66,398.475,1,40.97400000000016
762.4200000000001,397.65,1,40.97600000000011
762.7,398.1,1,40.978000000000065
762.8199999999999,397.5,1,40.98000000000002
762.06,397.9125,1,40.98199999999997
762.3,396.63750000000005,1,40.983999999999924
762.42,397.275,1,40.98600000000033
762.22,396.375,1,40.988000000000284
762.4200000000001,395.7,1,40.99000000000024
762.62,396.225,1,40.99200000000019
762.14,396.225,1,40.99400000000014
762.4200000000001,395.4375,1,40.996000000000095
761.9,395.8875,1,40.99800000000005
762.46,394.725,1,41.0
761.78,395.36249999999995,1,41.00199999999995
762.02,395.0625,1,41.003999999999905
762.38,394.0125,1,41.00600000000031
761.62,394.1625,1,41.008000000000266
761.78,393.525,1,41.01000000000022
761.54,393.75,1,41.01200000000017
761.38,393.2625,1,41.014000000000124
761.54,393.1125,1,41.016000000000076
761.0999999999999,393.675,1,41.01800000000003
761.54,393.7875,1,41.01999999999998
761.0999999999999,393.6375,1,41.021999999999935
761.02,393.225,1,41.02400000000034
761.18,393.075,1,41.026000000000295
761.18,393.1875,1,41.02800000000025
760.8199999999999,393.9,1,41.0300000000002
760.78,393.15,1,41.03200000000015
760.6600000000001,393.4125,1,41.034000000000106
761.22,393.45000000000005,1,41.03600000000006
761.5799999999999,393.1875,1,41.03800000000001
761.54,393.7875,1,41.039999999999964
761.02,393.9,1,41.041999999999916
761.22,393.5625,1,41.044000000000324
761.46,393.5625,1,41.04600000000028
761.02,394.20000000000005,1,41.04800000000023
761.3399999999999,394.1625,1,41.05000000000018
761.38,393.7875,1,41.052000000000135
761.5799999999999,394.425,1,41.05400000000009
760.8599999999999,393.3375,1,41.05600000000004
758.9000000000001,393.9375,1,41.05799999999999
753.38,394.725,1,41.059999999999945
746.22,396.0,1,41.0619999999999
736.06,396.5625,1,41.064000000000306
722.74,397.35,1,41.06600000000026
708.7,398.0625,1,41.06800000000021
692.8199999999999,397.95,1,41.070000000000164
677.42,397.875,1,41.072000000000116
660.5,399.525,1,41.07400000000007
644.22,400.7625,1,41.07600000000002
626.22,401.625,1,41.077999999999975
608.98,402.7125,1,41.07999999999993
592.4200000000001,403.35,1,41.082000000000335
575.98,402.675,1,41.08400000000029
559.9000000000001,404.25,1,41.08600000000024
544.1800000000001,404.3625,1,41.08800000000019
528.8199999999999,405.225,1,41.090000000000146
512.94,405.15,1,41.0920000000001
495.86,406.65,1,41.09400000000005
479.46,408.82500000000005,1,41.096000000000004
465.53999999999996,409.95,1,41.097999999999956
452.1,408.375,1,41.09999999999991
441.98,406.61249999999995,1,41.10200000000032
435.22,402.525,1,41.10400000000027
430.38,400.57500000000005,1,41.10600000000022
428.65999999999997,397.5,1,41.108000000000175
428.29999999999995,396.525,1,41.11000000000013
429.1,394.275,1,41.11200000000008
430.06,393.225,1,41.11400000000003
430.34000000000003,394.125,1,41.115999999999985
431.02,393.6375,1,41.11799999999994
430.34000000000003,393.0,1,41.120000000000346
429.98,392.4,1,41.1220000000003
430.1,392.25,1,41.12400000000025
430.1,391.575,1,41.126000000000204
430.06,391.4625,1,41.128000000000156
430.1,391.1625,1,41.13000000000011
431.46,391.875,1,41.13200000000006
431.58000000000004,391.4625,1,41.134000000000015
431.02,390.675,1,41.13599999999997
430.98,390.7125,1,41.13799999999992
430.06,390.6,1,41.14000000000033
430.53999999999996,389.4375,1,41.14200000000028
430.5,390.0,1,41.14400000000023
430.86,389.775,1,41.146000000000186
430.98,389.0625,1,41.14800000000014
430.82,389.2875,1,41.15000000000009
430.5,388.65,1,41.152000000000044
430.58,388.5375,1,41.153999999999996
430.46000000000004,387.975,1,41.15599999999995
431.06,387.9375,1,41.1579999999999
431.18,387.45,1,41.16000000000031
430.62,387.4875,1,41.16200000000026
430.94,387.0,1,41.164000000000215
430.65999999999997,386.55,1,41.16600000000017
430.94,385.8375,1,41.16800000000012
430.58,385.425,1,41.17000000000007
430.78,386.0625,1,41.172000000000025
430.34000000000003,385.725,1,41.17399999999998
430.46000000000004,384.82500000000005,1,41.17599999999993
430.02,385.38750000000005,1,41.17800000000034
430.34000000000003,384.86249999999995,1,41.18000000000029
430.14,384.9375,1,41.182000000000244
430.1,384.225,1,41.1840000000002
430.26,384.0,1,41.18600000000015
430.18,383.8125,1,41.1880000000001
430.26,384.0375,1,41.190000000000055
429.82,383.8125,1,41.19200000000001
429.78,383.3625,1,41.19399999999996
429.5,383.25,1,41.19599999999991
429.98,383.4375,1,41.19800000000032
429.65999999999997,382.725,1,41.20000000000027
429.65999999999997,383.0625,1,41.202000000000226
430.22,383.13750000000005,1,41.20400000000018
430.17999999999995,382.5,1,41.20600000000013
429.65999999999997,382.01250000000005,1,41.208000000000084
429.53999999999996,380.9625,1,41.210000000000036
429.9,381.3375,1,41.21199999999999
429.34000000000003,381.8625,1,41.21399999999994
429.74,381.0375,1,41.21600000000035
430.17999999999995,379.79999999999995,1,41.2180000000003
430.26,380.3625,1,41.220000000000255
429.9,380.1375,1,41.22200000000021
430.38,380.1,1,41.22400000000016
430.18,379.6875,1,41.22600000000011
430.18,379.3875,1,41.228000000000065
429.9,379.3125,1,41.23000000000002
430.53999999999996,379.57500000000005,1,41.23199999999997
430.14,378.225,1,41.233999999999924
430.5,378.86249999999995,1,41.23600000000033
430.78,378.975,1,41.238000000000284
429.98,378.075,1,41.24000000000024
429.94,378.7875,1,41.24200000000019
430.46,378.6375,1,41.24400000000014
430.29999999999995,378.1875,1,41.246000000000095
430.34000000000003,377.9625,1,41.24800000000005
430.38,378.6375,1,41.25
430.22,377.8125,1,41.25199999999995
430.58000000000004,377.70000000000005,1,41.253999999999905
430.3,377.8875,1,41.25600000000031
430.94,377.5125,1,41.258000000000266
430.65999999999997,377.775,1,41.26000000000022
429.94,377.4375,1,41.26200000000017
430.17999999999995,377.9625,1,41.264000000000124
430.5,377.5125,1,41.266000000000076
430.22,377.2875,1,41.26800000000003
430.34,377.4375,1,41.26999999999998
430.53999999999996,377.5125,1,41.271999999999935
430.46,377.54999999999995,1,41.27400000000034
429.62,377.6625,1,41.276000000000295
426.98,378.0375,1,41.27800000000025
423.62,378.9375,1,41.2800000000002
416.70000000000005,379.875,1,41.28200000000015
406.5,379.575,1,41.284000000000106
394.66,378.9375,1,41.28600000000006
380.98,378.26250000000005,1,41.28800000000001
366.38,378.67499999999995,1,41.289999999999964
351.9,376.8,1,41.291999999999916
337.38,377.4,1,41.294000000000324
323.02,376.5375,1,41.29600000000028
309.62,376.875,1,41.29800000000023
294.34000000000003,376.95,1,41.30000000000018
281.29999999999995,375.29999999999995,1,41.302000000000135
267.9,376.04999999999995,1,41.30400000000009
254.66000000000003,375.3,1,41.30600000000004
244.26,375.0375,1,41.30799999999999
235.33999999999997,373.6125,1,41.309999999999945
225.66,371.85,1,41.3119999999999
218.9,372.15,1,41.314000000000306
211.94,371.0625,1,41.31600000000026
206.01999999999998,370.6125,1,41.31800000000021
201.94,369.225,1,41.320000000000164
199.78,368.13750000000005,1,41.322000000000116
199.3,366.6,1,41.32400000000007
199.82,366.1875,1,41.32600000000002
201.18,365.1,1,41.327999999999975
202.1,364.725,1,41.32999999999993
202.1,364.6875,1,41.332000000000335
202.26,363.675,1,41.33400000000029
201.78,363.0375,1,41.33600000000024
201.14,362.8875,1,41.33800000000019
201.10000000000002,362.8875,1,41.340000000000146
200.74,362.25,1,41.3420000000001
201.86,361.95000000000005,1,41.34400000000005
201.74,361.38750000000005,1,41.346000000000004
201.74,360.8625,1,41.347999999999956
201.42000000000002,360.6,1,41.34999999999991
200.7,360.07500000000005,1,41.35200000000032
200.7,359.17499999999995,1,41.35400000000027
199.98,358.6875,1,41.35600000000022
200.54000000000002,358.1625,1,41.358000000000175
199.86,358.725,1,41.36000000000013
199.86,357.6,1,41.36200000000008
199.7,357.63750000000005,1,41.36400000000003
200.02,357.0375,1,41.365999999999985
199.66000000000003,356.2875,1,41.36799999999994
199.98000000000002,356.4375,1,41.370000000000346
199.18,356.54999999999995,1,41.3720000000003
199.46,356.4375,1,41.37400000000025
200.1,355.2375,1,41.376000000000204
199.94,355.6125,1,41.378000000000156
199.7,354.1125,1,41.38000000000011
199.74,354.45000000000005,1,41.38200000000006
199.74,354.29999999999995,1,41.384000000000015
198.89999999999998,354.9375,1,41.38599999999997
199.18,353.1,1,41.38799999999992
199.62,354.375,1,41.39000000000033
199.14,354.07500000000005,1,41.39200000000028
199.78,353.73749999999995,1,41.39400000000023
199.34,353.025,1,41.396000000000186
199.14,353.0625,1,41.39800000000014
200.18,353.4,1,41.40000000000009
199.62,353.475,1,41.402000000000044
199.06,353.5125,1,41.403999999999996
199.98000000000002,353.2125,1,41.40599999999995
199.45999999999998,353.36249999999995,1,41.4079999999999
199.14,352.575,1,41.41000000000031
199.57999999999998,352.725,1,41.41200000000026
199.45999999999998,352.35,1,41.414000000000215
199.62,352.275,1,41.41600000000017
199.06,352.8375,1,41.41800000000012
199.42,352.3875,1,41.42000000000007
199.45999999999998,352.1625,1,41.422000000000025
199.5,351.6,1,41.42399999999998
199.66,351.975,1,41.42599999999993
199.78,351.525,1,41.42800000000034
199.45999999999998,351.375,1,41.43000000000029
199.82,350.025,1,41.432000000000244
199.34,350.5875,1,41.4340000000002
199.01999999999998,349.7625,1,41.43600000000015
199.7,350.0625,1,41.4380000000001
199.5,350.2875,1,41.440000000000055
199.42000000000002,349.6125,1,41.44200000000001
200.26,349.65,1,41.44399999999996
199.26,348.6375,1,41.44599999999991
199.45999999999998,348.9,1,41.44800000000032
199.22,349.0125,1,41.45000000000027
199.06,348.8625,1,41.452000000000226
199.78,349.0875,1,41.45400000000018
198.46,348.4875,1,41.45600000000013
199.42000000000002,348.0375,1,41.458000000000084
199.26,348.3375,1,41.460000000000036
198.5,347.4,1,41.46199999999999
199.33999999999997,347.175,1,41.46399999999994
199.06,347.9625,1,41.46600000000035
198.54,347.6625,1,41.4680000000003
198.94,347.7375,1,41.470000000000255
198.42000000000002,347.475,1,41.47200000000021
198.74,346.6875,1,41.47400000000016
198.78,346.65,1,41.47600000000011
198.7,346.35,1,41.478000000000065
198.66,346.65,1,41.48000000000002
198.82,346.57500000000005,1,41.48199999999997
198.78,345.9375,1,41.483999999999924
198.66,345.9375,1,41.48600000000033
198.82,346.01250000000005,1,41.488000000000284
198.46,346.0125,1,41.49000000000024
198.06,345.07500000000005,1,41.49200000000019
198.57999999999998,345.075,1,41.49400000000014
198.5,346.0125,1,41.496000000000095
198.14,345.9375,1,41.49800000000005
198.9,345.0375,1,41.5
198.57999999999998,345.11249999999995,1,41.50199999999995
198.54000000000002,344.7,1,41.503999999999905
198.66,345.2625,1,41.50600000000031
198.74,345.0375,1,41.508000000000266
199.02,345.225,1,41.51000000000022
199.18,345.45,1,41.51200000000017
199.02,345.525,1,41.514000000000124
199.82,345.0,1,41.516000000000076
199.3,345.525,1,41.51800000000003
199.22,344.85,1,41.51999999999998
199.14,345.4875,1,41.521999999999935
199.38,345.0,1,41.52400000000034
199.42000000000002,346.01250000000005,1,41.526000000000295
199.98000000000002,345.6,1,41.52800000000025
199.22,345.525,1,41.5300000000002
199.18,345.15,1,41.53200000000015
199.22000000000003,344.925,1,41.534000000000106
199.42000000000002,344.4375,1,41.53600000000006
199.14,344.775,1,41.53800000000001
199.34,345.75,1,41.539999999999964
199.3,346.1625,1,41.541999999999916
199.7,346.275,1,41.544000000000324
199.46,347.2875,1,41.54600000000028
199.57999999999998,347.25,1,41.54800000000023
199.33999999999997,348.3,1,41.55000000000018
199.82,349.38750000000005,1,41.552000000000135
199.57999999999998,350.6625,1,41.55400000000009
200.5,351.45,1,41.55600000000004
200.54000000000002,351.975,1,41.55799999999999
201.42000000000002,352.5,1,41.559999999999945
202.10000000000002,353.32500000000005,1,41.5619999999999
202.5,353.85,1,41.564000000000306
203.74,353.70000000000005,1,41.56600000000026
204.57999999999998,354.45000000000005,1,41.56800000000021
205.9,355.2375,1,41.570000000000164
206.18,356.3625,1,41.572000000000116
207.38,363.15,1,41.57400000000007
209.82,362.775,1,41.57600000000002
211.54000000000002,379.9875,1,41.577999999999975
214.22000000000003,394.4625,1,41.57999999999993
211.34,417.6375,1,41.582000000000335
215.62,450.11249999999995,1,41.58400000000029
213.98813559322033,452.53855932203385,0,41.58600000000024
212.35627118644067,454.96461864406774,0,41.58800000000019
210.72440677966102,457.3906779661017,0,41.590000000000146
209.09254237288135,459.8167372881355,0,41.5920000000001
207.46067796610168,462.2427966101695,0,41.59400000000005
205.82881355932204,464.66885593220337,0,41.596000000000004
204.19694915254237,467.09491525423726,0,41.597999999999956
202.56508474576273,469.52097457627116,0,41.59999999999991
200.93322033898303,471.94703389830505,0,41.60200000000032
199.3013559322034,474.37309322033894,0,41.60400000000027
197.66949152542375,476.7991525423729,0,41.60600000000022
196.03762711864408,479.22521186440673,0,41.608000000000175
194.4057627118644,481.6512711864407,0,41.61000000000013
192.77389830508474,484.0773305084745,0,41.61200000000008
191.1420338983051,486.50338983050847,0,41.61400000000003
189.51016949152543,488.92944915254225,0,41.615999999999985
187.87830508474576,491.35550847457625,0,41.61799999999994
186.2464406779661,493.78156779661015,0,41.620000000000346
184.61457627118642,496.20762711864404,0,41.6220000000003
182.98271186440678,498.63368644067793,0,41.62400000000025
181.3508474576271,501.0597457627118,0,41.626000000000204
179.71898305084744,503.4858050847457,0,41.628000000000156
178.0871186440678,505.91186440677967,0,41.63000000000011
176.45525423728813,508.33792372881356,0,41.63200000000006
174.8233898305085,510.7639830508474,0,41.634000000000015
173.19152542372882,513.1900423728813,0,41.63599999999997
171.55966101694918,515.6161016949152,0,41.63799999999992
169.9277966101695,518.0421610169492,0,41.64000000000033
168.29593220338984,520.4682203389831,0,41.64200000000028
166.66406779661017,522.8942796610169,0,41.64400000000023
165.0322033898305,525.3203389830509,0,41.646000000000186
163.40033898305086,527.7463983050848,0,41.64800000000014
161.76847457627116,530.1724576271185,0,41.65000000000009
160.13661016949152,532.5985169491526,0,41.652000000000044
158.50474576271188,535.0245762711864,0,41.653999999999996
156.8728813559322,537.4506355932203,0,41.65599999999995
155.24101694915254,539.8766949152542,0,41.6579999999999
153.6091525423729,542.3027542372881,0,41.66000000000031
151.97728813559323,544.728813559322,0,41.66200000000026
150.34542372881356,547.1548728813559,0,41.664000000000215
148.71355932203392,549.5809322033899,0,41.66600000000017
147.08169491525425,552.0069915254237,0,41.66800000000012
145.44983050847458,554.4330508474576,0,41.67000000000007
143.81796610169494,556.8591101694915,0,41.672000000000025
142.18610169491524,559.2851694915254,0,41.67399999999998
140.5542372881356,561.7112288135594,0,41.67599999999993
138.92237288135593,564.1372881355932,0,41.67800000000034
137.29050847457628,566.5633474576272,0,41.68000000000029
135.65864406779662,568.989406779661,0,41.682000000000244
134.02677966101695,571.4154661016948,0,41.6840000000002
132.39491525423728,573.8415254237289,0,41.68600000000015
130.76305084745763,576.2675847457626,0,41.6880000000001
129.131186440678,578.6936440677966,0,41.690000000000055
127.49932203389831,581.1197033898305,0,41.69200000000001
125.86745762711865,583.5457627118644,0,41.69399999999996
124.235593220339,585.9718220338983,0,41.69599999999991
122.60372881355933,588.3978813559322,0,41.69800000000032
120.97186440677967,590.8239406779661,0,41.70000000000027
119.34,593.25,1,41.702000000000226
120.94,584.775,1,41.70400000000018
121.66,566.25,1,41.70600000000013
122.34,547.4625,1,41.708000000000084
122.02,533.5125,1,41.710000000000036
122.22,517.5,1,41.71199999999999
122.34,503.1,1,41.71399999999994
123.34,491.025,1,41.71600000000035
124.53999999999999,477.75,1,41.7180000000003
124.7,464.55,1,41.720000000000255
125.74000000000001,454.4625,1,41.72200000000021
126.38,440.775,1,41.72400000000016
125.46,433.9125,1,41.72600000000011
127.14,424.0125,1,41.728000000000065
126.58000000000001,417.3375,1,41.73000000000002
127.54,410.4375,1,41.73199999999997
127.61999999999999,405.6,1,41.733999999999924
126.7,403.35,1,41.73600000000033
127.3,403.04999999999995,1,41.738000000000284
127.02000000000001,402.6,1,41.74000000000024
127.02,401.625,1,41.74200000000019
126.7,398.025,1,41.74400000000014
126.86000000000001,398.7375,1,41.746000000000095
126.62,398.3625,1,41.74800000000005
126.94,399.525,1,41.75
126.82,399.3,1,41.75199999999995
127.38,400.575,1,41.753999999999905
127.25999999999999,400.4625,1,41.75600000000031
127.3,400.8,1,41.758000000000266
127.02,400.9875,1,41.76000000000022
127.38000000000001,401.3625,1,41.76200000000017
127.5,401.7375,1,41.764000000000124
127.41999999999999,402.26250000000005,1,41.766000000000076
127.46000000000001,402.45000000000005,1,41.76800000000003
127.62,403.3875,1,41.76999999999998
127.25999999999999,403.76250000000005,1,41.771999999999935
127.62,404.55,1,41.77400000000034
127.58,405.26250000000005,1,41.776000000000295
127.58000000000001,405.0,1,41.77800000000025
127.82,405.1875,1,41.7800000000002
127.62,405.75,1,41.78200000000015
127.42000000000002,405.9375,1,41.784000000000106
127.62,405.675,1,41.78600000000006
127.5,406.0875,1,41.78800000000001
127.38,406.5,1,41.789999999999964
127.02000000000001,406.05,1,41.791999999999916
126.7,406.38750000000005,1,41.794000000000324
127.58,406.125,1,41.79600000000028
126.94,406.8,1,41.79800000000023
126.69999999999999,406.4625,1,41.80000000000018
126.94,407.025,1,41.802000000000135
126.74,406.38750000000005,1,41.80400000000009
127.42,407.5125,1,41.80600000000004
127.22,406.9125,1,41.80799999999999
127.34,407.55,1,41.809999999999945
127.25999999999999,407.475,1,41.8119999999999
127.3,407.25,1,41.814000000000306
127.38,408.45,1,41.81600000000026
127.34,407.8125,1,41.81800000000021
127.58,409.8,1,41.820000000000164
127.14000000000001,409.3875,1,41.822000000000116
127.61999999999999,410.5875,1,41.82400000000007
127.94,410.1,1,41.82600000000002
127.02,410.5875,1,41.827999999999975
127.53999999999999,410.25,1,41.82999999999993
127.5,410.775,1,41.832000000000335
127.3,410.25,1,41.83400000000029
127.18,411.1125,1,41.83600000000024
126.98,411.3375,1,41.83800000000019
127.34,410.475,1,41.840000000000146
127.5,411.375,1,41.8420000000001
127.02,410.4375,1,41.84400000000005
127.22,411.4125,1,41.846000000000004
126.98,412.57500000000005,1,41.847999999999956
127.06,411.3375,1,41.84999999999991
126.89999999999999,412.725,1,41.85200000000032
127.22,412.1625,1,41.85400000000027
126.98,412.35,1,41.85600000000022
126.78,412.575,1,41.858000000000175
126.97999999999999,412.5375,1,41.86000000000013
126.74,411.9375,1,41.86200000000008
126.94,412.4625,1,41.86400000000003
126.94,412.61249999999995,1,41.865999999999985
126.26,412.95,1,41.86799999999994
126.82,412.9125,1,41.870000000000346
126.54,413.17499999999995,1,41.8720000000003
126.62,413.54999999999995,1,41.87400000000025
126.66,413.4375,1,41.876000000000204
126.86000000000001,413.6625,1,41.878000000000156
126.42000000000002,413.55,1,41.88000000000011
126.34,413.85,1,41.88200000000006
126.66,414.5625,1,41.884000000000015
126.53999999999999,414.675,1,41.88599999999997
126.62,414.225,1,41.88799999999992
126.02000000000001,415.1625,1,41.89000000000033
126.06,413.8875,1,41.89200000000028
127.02,414.07500000000005,1,41.89400000000023
126.74000000000001,414.0,1,41.896000000000186
126.46000000000001,413.9625,1,41.89800000000014
126.5,413.775,1,41.90000000000009
126.9,414.225,1,41.902000000000044
126.66,413.325,1,41.903999999999996
126.74,413.51250000000005,1,41.90599999999995
126.58,412.725,1,41.9079999999999
126.18,412.1625,1,41.91000000000031
125.78,411.82500000000005,1,41.91200000000026
126.3,412.04999999999995,1,41.914000000000215
126.06,410.6625,1,41.91600000000017
125.74000000000001,411.2625,1,41.91800000000012
125.9,409.3125,1,41.92000000000007
125.74,409.05,1,41.922000000000025
125.5,409.04999999999995,1,41.92399999999998
125.66,409.425,1,41.92599999999993
125.46,408.1125,1,41.92800000000034
125.82,408.0,1,41.93000000000029
125.7,408.15,1,41.932000000000244
125.66,407.85,1,41.9340000000002
125.78,407.775,1,41.93600000000015
126.02,407.85,1,41.9380000000001
126.38,407.4,1,41.940000000000055
126.06,407.3625,1,41.94200000000001
126.02000000000001,408.525,1,41.94399999999996
126.46,407.8125,1,41.94599999999991
126.38,408.5625,1,41.94800000000032
126.25999999999999,408.7875,1,41.95000000000027
126.74,408.3,1,41.952000000000226
126.34,408.0,1,41.95400000000018
126.78,408.45,1,41.95600000000013
126.7,408.67499999999995,1,41.958000000000084
126.38,407.8875,1,41.960000000000036
127.25999999999999,408.975,1,41.96199999999999
126.66,409.35,1,41.96399999999994
127.18,409.575,1,41.96600000000035
127.18,410.625,1,41.9680000000003
127.14,410.1,1,41.970000000000255
127.86,410.2875,1,41.97200000000021
127.42,410.7375,1,41.97400000000016
127.34,410.4,1,41.97600000000011
127.86,410.925,1,41.978000000000065
127.86,410.6625,1,41.98000000000002
127.53999999999999,410.1,1,41.98199999999997
127.86000000000001,411.1875,1,41.983999999999924
128.14000000000001,411.26250000000005,1,41.98600000000033
128.01999999999998,410.3625,1,41.988000000000284
127.9,410.475,1,41.99000000000024
128.38,410.6625,1,41.99200000000019
128.06,411.0375,1,41.99400000000014
128.22,410.325,1,41.996000000000095
128.01999999999998,410.7,1,41.99800000000005
128.38,411.0,1,42.0
128.1,411.6375,1,42.00199999999995
128.57999999999998,411.07500000000005,1,42.003999999999905
128.22,410.13750000000005,1,42.00600000000031
128.42000000000002,410.2125,1,42.008000000000266
128.1,410.9625,1,42.01000000000022
128.54,410.025,1,42.01200000000017
128.18,410.7375,1,42.014000000000124
128.62,410.625,1,42.016000000000076
128.06,410.0625,1,42.01800000000003
128.34,411.07500000000005,1,42.01999999999998
128.7,410.32500000000005,1,42.021999999999935
128.02,410.175,1,42.02400000000034
128.42000000000002,410.85,1,42.026000000000295
128.3,409.8,1,42.02800000000025
128.22,409.65,1,42.0300000000002
128.42000000000002,410.4,1,42.03200000000015
128.66,410.325,1,42.034000000000106
128.38,409.8,1,42.03600000000006
128.5,410.25,1,42.03800000000001
128.66,410.5125,1,42.039999999999964
129.06,410.7375,1,42.041999999999916
130.02,410.925,1,42.044000000000324
132.78,412.125,1,42.04600000000028
136.7,413.175,1,42.04800000000023
145.22,413.85,1,42.05000000000018
156.14,415.1625,1,42.052000000000135
169.06,416.6625,1,42.05400000000009
183.98,416.9625,1,42.05600000000004
200.06,420.9,1,42.05799999999999
215.57999999999998,421.2,1,42.059999999999945
231.38,424.8375,1,42.0619999999999
246.62,427.125,1,42.064000000000306
264.29999999999995,429.15,1,42.06600000000026
282.5,431.925,1,42.06800000000021
301.18,434.55,1,42.070000000000164
319.34000000000003,436.9125,1,42.072000000000116
335.98,443.4375,1,42.07400000000007
353.22,443.88750000000005,1,42.07600000000002
370.54,446.4375,1,42.077999999999975
387.78,448.05,1,42.07999999999993
405.58,450.375,1,42.082000000000335
423.1,452.775,1,42.08400000000029
441.14,455.4,1,42.08600000000024
460.1,459.15,1,42.08800000000019
478.38,461.9625,1,42.090000000000146
495.74,463.8375,1,42.0920000000001
511.78,465.375,1,42.09400000000005
527.7,466.38750000000005,1,42.096000000000004
543.06,466.5375,1,42.097999999999956
558.58,468.5625,1,42.09999999999991
572.7,470.1,1,42.10200000000032
586.8199999999999,471.4875,1,42.10400000000027
600.3399999999999,473.325,1,42.10600000000022
610.94,472.8375,1,42.108000000000175
621.06,472.2,1,42.11000000000013
628.4200000000001,472.01250000000005,1,42.11200000000008
633.3,471.1125,1,42.11400000000003
636.06,470.3625,1,42.115999999999985
636.5,469.7625,1,42.11799999999994
636.02,468.5625,1,42.120000000000346
634.7,466.875,1,42.1220000000003
633.62,466.01250000000005,1,42.12400000000025
633.1800000000001,466.125,1,42.126000000000204
632.98,465.9,1,42.128000000000156
632.78,464.9625,1,42.13000000000011
632.5,465.15,1,42.13200000000006
632.3,465.375,1,42.134000000000015
631.98,465.225,1,42.13599999999997
632.1,464.625,1,42.13799999999992
632.1,464.5125,1,42.14000000000033
631.98,465.525,1,42.14200000000028
632.5799999999999,463.42499999999995,1,42.14400000000023
632.42,463.57500000000005,1,42.146000000000186
632.7,462.9375,1,42.14800000000014
633.1,462.675,1,42.15000000000009
633.26,462.11249999999995,1,42.152000000000044
633.34,462.525,1,42.153999999999996
633.54,462.2625,1,42.15599999999995
633.8199999999999,461.9625,1,42.1579999999999
633.58,461.36249999999995,1,42.16000000000031
633.38,461.025,1,42.16200000000026
633.9,459.9,1,42.164000000000215
633.54,460.1625,1,42.16600000000017
633.8199999999999,460.1625,1,42.16800000000012
633.74,459.5625,1,42.17000000000007
634.14,459.2625,1,42.172000000000025
634.46,458.6625,1,42.17399999999998
634.54,458.54999999999995,1,42.17599999999993
634.6600000000001,458.6625,1,42.17800000000034
634.86,458.2875,1,42.18000000000029
635.1,458.2875,1,42.182000000000244
634.9,458.4,1,42.1840000000002
635.3,457.61249999999995,1,42.18600000000015
635.14,458.13750000000005,1,42.1880000000001
635.46,457.35,1,42.190000000000055
635.46,457.3875,1,42.19200000000001
635.5,457.275,1,42.19399999999996
635.62,457.35,1,42.19599999999991
635.98,457.05,1,42.19800000000032
635.5,457.0875,1,42.20000000000027
636.1800000000001,457.4625,1,42.202000000000226
635.86,457.425,1,42.20400000000018
635.98,456.525,1,42.20600000000013
636.9,457.05,1,42.208000000000084
635.8199999999999,456.45,1,42.210000000000036
636.1800000000001,455.85,1,42.21199999999999
636.3,456.825,1,42.21399999999994
636.26,455.8125,1,42.21600000000035
636.66,455.32500000000005,1,42.2180000000003
636.6600000000001,454.9125,1,42.220000000000255
636.7,455.025,1,42.22200000000021
636.8199999999999,454.01250000000005,1,42.22400000000016
636.6199999999999,453.675,1,42.22600000000011
636.4200000000001,452.6625,1,42.228000000000065
636.06,452.175,1,42.23000000000002
636.94,451.8,1,42.23199999999997
635.86,451.5375,1,42.233999999999924
636.22,450.375,1,42.23600000000033
635.94,450.525,1,42.238000000000284
635.78,449.4375,1,42.24000000000024
635.8199999999999,449.70000000000005,1,42.24200000000019
635.54,449.5875,1,42.24400000000014
636.06,448.5,1,42.246000000000095
635.46,448.8375,1,42.24800000000005
635.7,448.7625,1,42.25
635.5799999999999,448.01250000000005,1,42.25199999999995
635.78,447.82500000000005,1,42.253999999999905
635.74,448.5375,1,42.25600000000031
635.8599999999999,447.6,1,42.258000000000266
635.98,447.3375,1,42.26000000000022
635.7,448.35,1,42.26200000000017
635.42,447.9375,1,42.264000000000124
635.8199999999999,448.4625,1,42.266000000000076
635.3,447.9375,1,42.26800000000003
635.46,448.0875,1,42.26999999999998
635.06,447.825,1,42.271999999999935
635.74,448.38750000000005,1,42.27400000000034
635.8199999999999,447.63750000000005,1,42.276000000000295
636.06,447.5625,1,42.27800000000025
635.6600000000001,447.0375,1,42.2800000000002
635.46,447.86249999999995,1,42.28200000000015
636.02,448.35,1,42.284000000000106
635.7,447.9375,1,42.28600000000006
636.06,447.6,1,42.28800000000001
636.1800000000001,448.3125,1,42.289999999999964
636.3,448.275,1,42.291999999999916
636.1,448.1625,1,42.294000000000324
636.7,447.1875,1,42.29600000000028
636.26,448.04999999999995,1,42.29800000000023
636.54,447.9,1,42.30000000000018
636.6199999999999,447.975,1,42.302000000000135
636.5,447.525,1,42.30400000000009
636.74,447.15,1,42.30600000000004
636.62,448.1625,1,42.30799999999999
636.1400000000001,447.63750000000005,1,42.309999999999945
636.6600000000001,448.1625,1,42.3119999999999
636.62,447.6,1,42.314000000000306
636.22,447.7125,1,42.31600000000026
636.86,447.225,1,42.31800000000021
636.78,447.4125,1,42.320000000000164
636.78,446.85,1,42.322000000000116
637.42,446.475,1,42.32400000000007
637.5799999999999,447.8625,1,42.32600000000002
639.46,448.125,1,42.327999999999975
645.1800000000001,450.48749999999995,1,42.32999999999993
652.06,454.35,1,42.332000000000335
662.3,460.725,1,42.33400000000029
673.62,464.1375,1,42.33600000000024
686.86,466.76250000000005,1,42.33800000000019
698.3,471.7125,1,42.340000000000146
711.54,476.625,1,42.3420000000001
721.8199999999999,481.875,1,42.34400000000005
734.14,482.85,1,42.346000000000004
742.5799999999999,485.32500000000005,1,42.347999999999956
752.22,486.975,1,42.34999999999991
758.7,488.13750000000005,1,42.35200000000032
765.9000000000001,489.525,1,42.35400000000027
772.62,491.4,1,42.35600000000022
776.62,490.2375,1,42.358000000000175
779.5799999999999,491.85,1,42.36000000000013
782.02,492.0375,1,42.36200000000008
783.26,492.45,1,42.36400000000003
783.86,492.82500000000005,1,42.365999999999985
783.74,492.45000000000005,1,42.36799999999994
783.38,492.9375,1,42.370000000000346
782.38,493.2,1,42.3720000000003
782.02,492.5625,1,42.37400000000025
780.9000000000001,491.9625,1,42.376000000000204
780.46,491.32500000000005,1,42.378000000000156
781.46,491.325,1,42.38000000000011
780.98,491.175,1,42.38200000000006
781.06,491.0625,1,42.384000000000015
780.86,492.26250000000005,1,42.38599999999997
781.42,491.475,1,42.38799999999992
781.7,490.23749999999995,1,42.39000000000033
781.6199999999999,490.61249999999995,1,42.39200000000028
781.74,490.04999999999995,1,42.39400000000023
782.46,489.9,1,42.396000000000186
782.74,489.4875,1,42.39800000000014
783.1,488.625,1,42.40000000000009
783.06,488.775,1,42.402000000000044
783.1800000000001,488.36249999999995,1,42.403999999999996
783.9,488.025,1,42.40599999999995
783.38,487.9875,1,42.4079999999999
783.42,487.5,1,42.41000000000031
783.62,487.4625,1,42.41200000000026
783.46,486.525,1,42.414000000000215
784.22,486.1125,1,42.41600000000017
783.86,486.86249999999995,1,42.41800000000012
783.78,485.55,1,42.42000000000007
783.86,486.1875,1,42.422000000000025
783.86,485.325,1,42.42399999999998
783.9,486.1125,1,42.42599999999993
784.46,485.3625,1,42.42800000000034
783.98,485.7375,1,42.43000000000029
784.1800000000001,484.9875,1,42.432000000000244
784.38,485.92499999999995,1,42.4340000000002
784.22,485.51250000000005,1,42.43600000000015
784.4200000000001,485.2125,1,42.4380000000001
784.46,485.475,1,42.440000000000055
784.9000000000001,485.2875,1,42.44200000000001
784.3,484.575,1,42.44399999999996
784.86,484.65,1,42.44599999999991
784.8599999999999,484.725,1,42.44800000000032
785.3399999999999,483.2625,1,42.45000000000027
785.7,483.2625,1,42.452000000000226
784.94,483.225,1,42.45400000000018
785.22,482.8125,1,42.45600000000013
785.46,483.82500000000005,1,42.458000000000084
785.3,483.29999999999995,1,42.460000000000036
786.14,483.6375,1,42.46199999999999
786.06,482.2125,1,42.46399999999994
785.86,481.5,1,42.46600000000035
786.5,481.4625,1,42.4680000000003
786.1,481.0875,1,42.470000000000255
786.02,481.125,1,42.47200000000021
786.3399999999999,481.9125,1,42.47400000000016
786.26,480.675,1,42.47600000000011
786.02,480.7875,1,42.478000000000065
786.58,480.225,1,42.48000000000002
786.5799999999999,480.3375,1,42.48199999999997
786.4200000000001,480.3375,1,42.483999999999924
786.46,480.86249999999995,1,42.48600000000033
786.66,480.7125,1,42.488000000000284
786.62,480.375,1,42.49000000000024
787.06,479.55,1,42.49200000000019
786.5,480.0375,1,42.49400000000014
786.3399999999999,479.25,1,42.496000000000095
786.5,479.17499999999995,1,42.49800000000005
786.3,479.70000000000005,1,42.5
786.4200000000001,479.2875,1,42.50199999999995
786.54,479.25,1,42.503999999999905
786.54,478.125,1,42.50600000000031
786.5,478.3125,1,42.508000000000266
786.02,478.5375,1,42.51000000000022
786.62,478.2375,1,42.51200000000017
786.6600000000001,478.01250000000005,1,42.514000000000124
786.9,477.225,1,42.516000000000076
786.38,477.0375,1,42.51800000000003
786.5799999999999,477.26250000000005,1,42.51999999999998
786.6199999999999,476.775,1,42.521999999999935
786.54,475.6125,1,42.52400000000034
786.5799999999999,476.36249999999995,1,42.526000000000295
786.3399999999999,475.875,1,42.52800000000025
787.1800000000001,476.2875,1,42.5300000000002
786.94,475.875,1,42.53200000000015
786.54,476.325,1,42.534000000000106
787.1800000000001,476.3625,1,42.53600000000006
786.8199999999999,475.575,1,42.53800000000001
786.62,476.0625,1,42.539999999999964
786.78,476.2875,1,42.541999999999916
786.74,476.025,1,42.544000000000324
786.86,476.51250000000005,1,42.54600000000028
786.94,476.4375,1,42.54800000000023
786.74,476.1375,1,42.55000000000018
786.46,476.025,1,42.552000000000135
786.8199999999999,476.1375,1,42.55400000000009
787.1,475.875,1,42.55600000000004
786.7,476.13750000000005,1,42.55799999999999
787.34,475.35,1,42.559999999999945
786.42,475.8,1,42.5619999999999
787.26,475.6125,1,42.564000000000306
786.1400000000001,475.875,1,42.56600000000026
786.46,475.725,1,42.56800000000021
786.94,475.04999999999995,1,42.570000000000164
787.18,474.15,1,42.572000000000116
786.58,475.275,1,42.57400000000007
786.6600000000001,474.7125,1,42.57600000000002
786.22,474.6,1,42.577999999999975
786.46,474.6,1,42.57999999999993
786.46,474.86249999999995,1,42.582000000000335
786.54,474.11249999999995,1,42.58400000000029
786.74,474.1875,1,42.58600000000024
786.14,474.45,1,42.58800000000019
786.4200000000001,474.075,1,42.590000000000146
786.1800000000001,473.92499999999995,1,42.5920000000001
785.98,474.15,1,42.59400000000005
786.9,474.075,1,42.596000000000004
786.22,474.7875,1,42.597999999999956
787.1,474.5625,1,42.59999999999991
786.38,473.88750000000005,1,42.60200000000032
786.7,473.85,1,42.60400000000027
786.22,474.375,1,42.60600000000022
786.6600000000001,474.1875,1,42.608000000000175
786.6600000000001,474.4125,1,42.61000000000013
786.54,474.75,1,42.61200000000008
787.3,474.225,1,42.61400000000003
789.9,473.1,1,42.615999999999985
794.1800000000001,472.0875,1,42.61799999999994
799.6600000000001,470.7375,1,42.620000000000346
806.5799999999999,468.075,1,42.6220000000003
815.1,465.3375,1,42.62400000000025
821.06,461.2875,1,42.626000000000204
826.86,458.6625,1,42.628000000000156
831.22,454.95,1,42.63000000000011
833.62,453.9375,1,42.63200000000006
836.46,452.8125,1,42.634000000000015
839.46,450.07500000000005,1,42.63599999999997
841.9,450.3375,1,42.63799999999992
844.74,448.9875,1,42.64000000000033
846.26,448.5375,1,42.64200000000028
847.62,447.1125,1,42.64400000000023
848.3,446.025,1,42.646000000000186
847.98,445.61249999999995,1,42.64800000000014
847.62,445.7625,1,42.65000000000009
846.98,446.5875,1,42.652000000000044
846.46,446.0625,1,42.653999999999996
846.26,446.4375,1,42.65599999999995
846.14,446.85,1,42.6579999999999
845.86,447.3375,1,42.66000000000031
846.14,447.225,1,42.66200000000026
845.66,447.75,1,42.664000000000215
846.22,447.1125,1,42.66600000000017
845.8199999999999,447.3375,1,42.66800000000012
845.8199999999999,447.525,1,42.67000000000007
846.34,445.8375,1,42.672000000000025
846.74,447.0375,1,42.67399999999998
846.78,446.4,1,42.67599999999993
846.9000000000001,447.07500000000005,1,42.67800000000034
846.8199999999999,446.2875,1,42.68000000000029
847.46,446.70000000000005,1,42.682000000000244
847.14,446.325,1,42.6840000000002
847.4200000000001,445.125,1,42.68600000000015
846.86,446.025,1,42.6880000000001
847.5,445.5375,1,42.690000000000055
847.86,445.1625,1,42.69200000000001
847.5799999999999,445.20000000000005,1,42.69399999999996
847.58,444.3,1,42.69599999999991
847.46,444.1875,1,42.69800000000032
847.34,444.75,1,42.70000000000027
847.1800000000001,444.45,1,42.702000000000226
847.5799999999999,444.29999999999995,1,42.70400000000018
847.66,444.26250000000005,1,42.70600000000013
847.8199999999999,444.9,1,42.708000000000084
847.9,444.6,1,42.710000000000036
847.8199999999999,444.525,1,42.71199999999999
847.98,444.9375,1,42.71399999999994
847.66,444.6375,1,42.71600000000035
847.74,445.0875,1,42.7180000000003
847.74,445.42499999999995,1,42.720000000000255
847.9,445.0125,1,42.72200000000021
847.5799999999999,445.6875,1,42.72400000000016
847.86,445.65,1,42.72600000000011
847.78,445.1625,1,42.728000000000065
847.38,446.2125,1,42.73000000000002
847.3,445.725,1,42.73199999999997
847.62,445.38750000000005,1,42.733999999999924
847.9,445.3125,1,42.73600000000033
847.8199999999999,445.35,1,42.738000000000284
848.06,445.35,1,42.74000000000024
847.94,445.4625,1,42.74200000000019
847.78,445.1625,1,42.74400000000014
847.9000000000001,444.6,1,42.746000000000095
847.6199999999999,444.9375,1,42.74800000000005
848.26,444.63750000000005,1,42.75
847.94,444.7875,1,42.75199999999995
847.74,444.375,1,42.753999999999905
847.98,443.5125,1,42.75600000000031
848.1400000000001,443.625,1,42.758000000000266
847.78,443.5875,1,42.76000000000022
847.9,442.61249999999995,1,42.76200000000017
847.78,442.875,1,42.764000000000124
848.0999999999999,442.6875,1,42.766000000000076
848.1,442.1625,1,42.76800000000003
847.98,442.0125,1,42.76999999999998
847.78,441.5625,1,42.771999999999935
847.46,440.925,1,42.77400000000034
847.4200000000001,440.9625,1,42.776000000000295
847.38,439.9125,1,42.77800000000025
847.4200000000001,440.025,1,42.7800000000002
847.1,440.25,1,42.78200000000015
847.1,440.175,1,42.784000000000106
846.34,439.01250000000005,1,42.78600000000006
846.78,439.275,1,42.78800000000001
846.3399999999999,439.125,1,42.789999999999964
845.94,438.9,1,42.791999999999916
846.02,437.775,1,42.794000000000324
846.14,439.0125,1,42.79600000000028
845.8599999999999,438.7875,1,42.79800000000023
845.86,438.6,1,42.80000000000018
845.86,438.9,1,42.802000000000135
846.0999999999999,439.0875,1,42.80400000000009
845.94,438.75,1,42.80600000000004
845.74,438.86249999999995,1,42.80799999999999
845.46,440.025,1,42.809999999999945
846.1,439.3125,1,42.8119999999999
845.9,439.4625,1,42.814000000000306
845.5,440.2125,1,42.81600000000026
846.1800000000001,439.875,1,42.81800000000021
845.66,440.13750000000005,1,42.820000000000164
846.02,439.95000000000005,1,42.822000000000116
845.86,440.55,1,42.82400000000007
845.78,440.92499999999995,1,42.82600000000002
845.8199999999999,441.6375,1,42.827999999999975
845.7,441.9,1,42.82999999999993
845.14,442.0125,1,42.832000000000335
845.9000000000001,440.85,1,42.83400000000029
846.1,441.5625,1,42.83600000000024
846.02,441.975,1,42.83800000000019
845.78,441.86249999999995,1,42.840000000000146
845.8199999999999,441.6,1,42.8420000000001
846.1800000000001,441.1125,1,42.84400000000005
846.14,440.625,1,42.846000000000004
846.1,440.2125,1,42.847999999999956
846.38,439.9125,1,42.84999999999991
846.42,439.8375,1,42.85200000000032
846.1,439.61249999999995,1,42.85400000000027
845.94,439.4625,1,42.85600000000022
846.22,439.0875,1,42.858000000000175
846.4200000000001,439.23749999999995,1,42.86000000000013
846.22,438.7875,1,42.86200000000008
846.1800000000001,438.75,1,42.86400000000003
846.46,438.45000000000005,1,42.865999999999985
845.94,438.375,1,42.86799999999994
845.8199999999999,438.75,1,42.870000000000346
846.7,438.0,1,42.8720000000003
846.3800000000001,437.6625,1,42.87400000000025
846.3,437.6625,1,42.876000000000204
846.38,438.15,1,42.878000000000156
846.02,438.1125,1,42.88000000000011
845.74,438.225,1,42.88200000000006
845.9,437.5875,1,42.884000000000015
845.78,437.8875,1,42.88599999999997
845.94,437.32500000000005,1,42.88799999999992
845.3399999999999,438.1125,1,42.89000000000033
845.94,436.725,1,42.89200000000028
845.66,437.2125,1,42.89400000000023
845.3,437.025,1,42.896000000000186
845.78,436.65,1,42.89800000000014
845.78,437.1,1,42.90000000000009
846.0999999999999,436.7625,1,42.902000000000044
845.54,436.95000000000005,1,42.903999999999996
845.5799999999999,437.13750000000005,1,42.90599999999995
846.26,436.2,1,42.9079999999999
845.38,436.95,1,42.91000000000031
845.94,436.65,1,42.91200000000026
845.62,436.875,1,42.914000000000215
845.62,436.65,1,42.91600000000017
846.14,436.575,1,42.91800000000012
845.1800000000001,436.57500000000005,1,42.92000000000007
843.22,437.175,1,42.922000000000025
841.14,438.0,1,42.92399999999998
835.42,439.575,1,42.92599999999993
826.3399999999999,440.775,1,42.92800000000034
814.54,443.4375,1,42.93000000000029
800.4200000000001,447.0,1,42.932000000000244
784.8199999999999,451.05,1,42.9340000000002
766.46,454.6875,1,42.93600000000015
746.1800000000001,459.0,1,42.9380000000001
725.3,464.2875,1,42.940000000000055
703.54,471.4875,1,42.94200000000001
682.38,474.525,1,42.94399999999996
660.34,479.625,1,42.94599999999991
639.02,484.275,1,42.94800000000032
619.74,488.2125,1,42.95000000000027
601.1400000000001,493.5375,1,42.952000000000226
585.1,497.92499999999995,1,42.95400000000018
568.46,499.95,1,42.95600000000013
552.74,502.725,1,42.958000000000084
539.46,503.9625,1,42.960000000000036
526.38,505.38750000000005,1,42.96199999999999
516.74,507.1875,1,42.96399999999994
509.58,508.7625,1,42.96600000000035
506.14,509.25,1,42.9680000000003
504.14,507.48749999999995,1,42.970000000000255
504.5,505.875,1,42.97200000000021
505.58000000000004,504.15,1,42.97400000000016
506.78,503.0625,1,42.97600000000011
506.94,502.20000000000005,1,42.978000000000065
506.82000000000005,501.67499999999995,1,42.98000000000002
506.29999999999995,501.63750000000005,1,42.98199999999997
506.02,501.4125,1,42.983999999999924
505.82,501.4875,1,42.98600000000033
505.5,500.925,1,42.988000000000284
505.78,500.6625,1,42.99000000000024
506.34000000000003,500.8875,1,42.99200000000019
506.18,500.175,1,42.99400000000014
505.9,498.975,1,42.996000000000095
505.26,499.2,1,42.99800000000005
504.98,498.375,1,43.0
504.7,497.55,1,43.00199999999995
504.26,497.55,1,43.003999999999905
504.38,497.1,1,43.00600000000031
505.22,495.75,1,43.008000000000266
504.82,495.9375,1,43.01000000000022
504.7,495.75,1,43.01200000000017
504.5,495.225,1,43.014000000000124
504.26,495.1875,1,43.016000000000076
504.5,494.625,1,43.01800000000003
504.06,494.70000000000005,1,43.01999999999998
504.5,494.51250000000005,1,43.021999999999935
504.42,494.475,1,43.02400000000034
504.3,494.025,1,43.026000000000295
504.29999999999995,494.70000000000005,1,43.02800000000025
504.18,494.1,1,43.0300000000002
504.46000000000004,493.5,1,43.03200000000015
503.82,494.325,1,43.034000000000106
504.38,493.8,1,43.03600000000006
504.02,493.65,1,43.03800000000001
504.14,493.425,1,43.039999999999964
504.02,493.725,1,43.041999999999916
504.1,492.525,1,43.044000000000324
504.34000000000003,493.1625,1,43.04600000000028
504.38,492.1875,1,43.04800000000023
504.14,492.675,1,43.05000000000018
504.65999999999997,491.8125,1,43.052000000000135
504.46000000000004,491.775,1,43.05400000000009
504.78,491.175,1,43.05600000000004
504.7,491.88750000000005,1,43.05799999999999
504.53999999999996,491.13750000000005,1,43.059999999999945
504.7,490.95000000000005,1,43.0619999999999
504.58,490.6125,1,43.064000000000306
504.9,490.2,1,43.06600000000026
505.22,489.9,1,43.06800000000021
505.14,489.7125,1,43.070000000000164
504.82000000000005,489.6375,1,43.072000000000116
504.82,489.6375,1,43.07400000000007
504.82000000000005,490.04999999999995,1,43.07600000000002
504.5,489.7875,1,43.077999999999975
504.78,488.8125,1,43.07999999999993
504.38,489.3375,1,43.082000000000335
504.62,489.375,1,43.08400000000029
504.38,488.73749999999995,1,43.08600000000024
504.14,488.54999999999995,1,43.08800000000019
503.9,488.5875,1,43.090000000000146
503.74,487.6125,1,43.0920000000001
504.22,488.5875,1,43.09400000000005
503.86,488.2125,1,43.096000000000004
503.98,488.25,1,43.097999999999956
503.5,487.9875,1,43.09999999999991
503.65999999999997,488.73749999999995,1,43.10200000000032
503.65999999999997,488.475,1,43.10400000000027
503.82000000000005,488.475,1,43.10600000000022
503.3,487.61249999999995,1,43.108000000000175
503.74,488.2125,1,43.11000000000013
503.26,488.4,1,43.11200000000008
503.18,487.98749999999995,1,43.11400000000003
503.53999999999996,487.98749999999995,1,43.115999999999985
503.38,487.125,1,43.11799999999994
503.62,487.79999999999995,1,43.120000000000346
503.34000000000003,487.2375,1,43.1220000000003
503.22,488.025,1,43.12400000000025
503.58000000000004,488.1,1,43.126000000000204
503.82,487.79999999999995,1,43.128000000000156
503.34000000000003,488.1375,1,43.13000000000011
503.62,488.1375,1,43.13200000000006
503.82000000000005,487.8,1,43.134000000000015
503.46,487.8,1,43.13599999999997
503.62,488.25,1,43.13799999999992
503.41999999999996,487.875,1,43.14000000000033
503.65999999999997,488.2125,1,43.14200000000028
503.66,488.51250000000005,1,43.14400000000023
503.26,488.0625,1,43.146000000000186
503.42,488.7,1,43.14800000000014
503.46000000000004,488.13750000000005,1,43.15000000000009
503.3,488.9625,1,43.152000000000044
503.42,488.13750000000005,1,43.153999999999996
503.06,488.175,1,43.15599999999995
503.29999999999995,488.85,1,43.1579999999999
503.34000000000003,488.73749999999995,1,43.16000000000031
503.98,488.51250000000005,1,43.16200000000026
503.5,488.775,1,43.164000000000215
504.46,488.6625,1,43.16600000000017
503.62,488.36249999999995,1,43.16800000000012
503.9,488.9625,1,43.17000000000007
503.86,488.85,1,43.172000000000025
503.65999999999997,488.4,1,43.17399999999998
504.1,488.625,1,43.17599999999993
503.94,489.0,1,43.17800000000034
504.14,489.4125,1,43.18000000000029
504.29999999999995,488.7,1,43.182000000000244
504.38,488.175,1,43.1840000000002
504.53999999999996,489.1875,1,43.18600000000015
504.38,488.1375,1,43.1880000000001
504.41999999999996,488.625,1,43.190000000000055
504.82,488.51250000000005,1,43.19200000000001
504.94,487.8,1,43.19399999999996
504.53999999999996,487.79999999999995,1,43.19599999999991
504.9,488.5875,1,43.19800000000032
504.78,487.9125,1,43.20000000000027
504.78,488.5125,1,43.202000000000226
504.7,487.5,1,43.20400000000018
504.78,488.0625,1,43.20600000000013
504.94,488.025,1,43.208000000000084
505.14,487.95,1,43.210000000000036
505.02,487.6875,1,43.21199999999999
504.9,488.625,1,43.21399999999994
505.1,488.55,1,43.21600000000035
504.94,487.8375,1,43.2180000000003
504.82000000000005,488.175,1,43.220000000000255
505.26,487.4625,1,43.22200000000021
504.74,487.7625,1,43.22400000000016
504.98,488.0625,1,43.22600000000011
505.22,488.9625,1,43.228000000000065
504.3,488.8125,1,43.23000000000002
504.78,487.8,1,43.23199999999997
504.53999999999996,488.475,1,43.233999999999924
504.94,488.0625,1,43.23600000000033
504.78,487.725,1,43.238000000000284
504.82,488.4375,1,43.24000000000024
504.42,488.4375,1,43.24200000000019
504.22,488.475,1,43.24400000000014
502.86,489.82500000000005,1,43.246000000000095
500.22,489.6,1,43.24800000000005
496.18,491.25,1,43.25
490.1,493.0875,1,43.25199999999995
484.02,494.625,1,43.253999999999905
478.7,496.0875,1,43.25600000000031
474.5,498.0,1,43.258000000000266
470.38,500.25,1,43.26000000000022
467.58000000000004,500.85,1,43.26200000000017
466.65999999999997,502.1625,1,43.264000000000124
466.02,503.775,1,43.266000000000076
465.54,504.0375,1,43.26800000000003
464.74,505.65,1,43.26999999999998
464.38,505.20000000000005,1,43.271999999999935
464.62,505.8375,1,43.27400000000034
465.02,505.95,1,43.276000000000295
465.22,505.79999999999995,1,43.27800000000025
466.02,506.5125,1,43.2800000000002
465.94,505.4625,1,43.28200000000015
466.22,505.6875,1,43.284000000000106
466.18,506.2875,1,43.28600000000006
465.70000000000005,505.98749999999995,1,43.28800000000001
465.86,505.61249999999995,1,43.289999999999964
465.94000000000005,506.4,1,43.291999999999916
465.86,507.15,1,43.294000000000324
465.54,506.5875,1,43.29600000000028
465.78,507.2625,1,43.29800000000023
465.74,508.6875,1,43.30000000000018
465.94,507.975,1,43.302000000000135
465.58000000000004,507.6,1,43.30400000000009
465.62,509.625,1,43.30600000000004
465.62,509.1,1,43.30799999999999
465.53999999999996,508.76250000000005,1,43.309999999999945
465.53999999999996,509.2125,1,43.3119999999999
465.65999999999997,509.2875,1,43.314000000000306
466.02,509.5875,1,43.31600000000026
466.06,509.2875,1,43.31800000000021
466.54,508.95,1,43.320000000000164
465.7,508.9875,1,43.322000000000116
466.22,508.7625,1,43.32400000000007
466.34,508.275,1,43.32600000000002
466.86,508.725,1,43.327999999999975
466.54,508.08750000000003,1,43.32999999999993
466.98,508.65,1,43.332000000000335
466.62,507.825,1,43.33400000000029
466.5,508.3875,1,43.33600000000024
466.94,507.3,1,43.33800000000019
467.26,506.66249999999997,1,43.340000000000146
467.5,507.0375,1,43.3420000000001
467.42,506.5875,1,43.34400000000005
467.34000000000003,506.2125,1,43.346000000000004
467.62,506.02500000000003,1,43.347999999999956
468.22,505.0125,1,43.34999999999991
468.5,505.98749999999995,1,43.35200000000032
468.38,506.4,1,43.35400000000027
467.82,505.725,1,43.35600000000022
468.26,505.875,1,43.358000000000175
468.1,505.3875,1,43.36000000000013
468.26,506.21250000000003,1,43.36200000000008
468.38,505.91249999999997,1,43.36400000000003
468.22,505.79999999999995,1,43.365999999999985
468.3,505.65000000000003,1,43.36799999999994
468.22,506.3625,1,43.370000000000346
468.58,505.57500000000005,1,43.3720000000003
468.94,505.79999999999995,1,43.37400000000025
468.65999999999997,507.225,1,43.376000000000204
468.74,506.4,1,43.378000000000156
469.1,505.5,1,43.38000000000011
468.94,506.475,1,43.38200000000006
468.62,506.1375,1,43.384000000000015
468.98,505.725,1,43.38599999999997
469.29999999999995,506.4375,1,43.38799999999992
468.58000000000004,505.875,1,43.39000000000033
468.65999999999997,505.61249999999995,1,43.39200000000028
469.06,505.275,1,43.39400000000023
468.9,505.76250000000005,1,43.396000000000186
468.94,506.36249999999995,1,43.39800000000014
468.66,506.5125,1,43.40000000000009
469.06,506.32500000000005,1,43.402000000000044
468.86,506.3625,1,43.403999999999996
468.94,505.2,1,43.40599999999995
469.22,506.2125,1,43.4079999999999
468.62,506.3625,1,43.41000000000031
468.7,505.9125,1,43.41200000000026
468.74,506.3625,1,43.414000000000215
468.65999999999997,505.57500000000005,1,43.41600000000017
468.38,506.25,1,43.41800000000012
468.58,505.875,1,43.42000000000007
468.38,505.2375,1,43.422000000000025
468.1,506.2125,1,43.42399999999998
468.18,506.4375,1,43.42599999999993
468.53999999999996,506.025,1,43.42800000000034
467.9,505.8375,1,43.43000000000029
468.06,506.13750000000005,1,43.432000000000244
468.22,505.42499999999995,1,43.4340000000002
467.62,506.4375,1,43.43600000000015
468.34000000000003,506.25,1,43.4380000000001
467.9,505.79999999999995,1,43.440000000000055
467.5,507.1125,1,43.44200000000001
467.70000000000005,506.0625,1,43.44399999999996
467.3,506.0625,1,43.44599999999991
467.3,505.6875,1,43.44800000000032
467.65999999999997,505.425,1,43.45000000000027
467.82,506.1375,1,43.452000000000226
467.74,504.6375,1,43.45400000000018
467.7,505.275,1,43.45600000000013
467.53999999999996,506.13750000000005,1,43.458000000000084
467.53999999999996,504.4125,1,43.460000000000036
467.58,504.975,1,43.46199999999999
467.74,505.23749999999995,1,43.46399999999994
467.62,505.01250000000005,1,43.46600000000035
467.94,504.675,1,43.4680000000003
467.82,504.45,1,43.470000000000255
467.98,505.01250000000005,1,43.47200000000021
467.78,504.82500000000005,1,43.47400000000016
468.02,505.0875,1,43.47600000000011
467.9,504.75,1,43.478000000000065
467.65999999999997,504.5625,1,43.48000000000002
467.94,504.82500000000005,1,43.48199999999997
467.9,504.75,1,43.483999999999924
468.02,505.0125,1,43.48600000000033
468.02,504.525,1,43.488000000000284
468.29999999999995,504.0,1,43.49000000000024
468.1,505.2,1,43.49200000000019
467.78,505.05,1,43.49400000000014
468.22,505.125,1,43.496000000000095
468.02,505.3875,1,43.49800000000005
467.9,505.35,1,43.5
467.9,504.67499999999995,1,43.50199999999995
467.86,505.42499999999995,1,43.503999999999905
468.22,504.7875,1,43.50600000000031
468.5,504.48749999999995,1,43.508000000000266
468.5,505.1625,1,43.51000000000022
468.1,505.0875,1,43.51200000000017
468.46000000000004,504.5625,1,43.514000000000124
468.7,504.9,1,43.516000000000076
468.38,504.225,1,43.51800000000003
468.7,504.07500000000005,1,43.51999999999998
468.06,504.525,1,43.521999999999935
468.86,504.07500000000005,1,43.52400000000034
468.53999999999996,503.73749999999995,1,43.526000000000295
468.22,504.0375,1,43.52800000000025
468.62,503.6625,1,43.5300000000002
468.46000000000004,504.7125,1,43.53200000000015
468.1,503.4,1,43.534000000000106
468.53999999999996,504.71250000000003,1,43.53600000000006
468.46000000000004,503.325,1,43.53800000000001
468.1,503.85,1,43.539999999999964
468.34,504.225,1,43.541999999999916
468.62,503.92499999999995,1,43.544000000000324
468.41999999999996,503.4,1,43.54600000000028
468.34000000000003,504.07500000000005,1,43.54800000000023
468.5,503.8125,1,43.55000000000018
468.46000000000004,504.4875,1,43.552000000000135
468.22,503.4,1,43.55400000000009
468.38,504.0,1,43.55600000000004
468.58,503.8875,1,43.55799999999999
467.98,503.4375,1,43.559999999999945
468.18,504.075,1,43.5619999999999
468.38,503.8125,1,43.564000000000306
468.74,504.0,1,43.56600000000026
468.62,504.11249999999995,1,43.56800000000021
468.22,503.4,1,43.570000000000164
468.34000000000003,503.73749999999995,1,43.572000000000116
468.18,503.8875,1,43.57400000000007
468.82,503.175,1,43.57600000000002
468.38,503.4,1,43.577999999999975
468.74,502.875,1,43.57999999999993
468.5,502.725,1,43.582000000000335
468.29999999999995,501.8625,1,43.58400000000029
468.7,502.275,1,43.58600000000024
468.46000000000004,501.9,1,43.58800000000019
468.3,502.04999999999995,1,43.590000000000146
468.38,501.3,1,43.5920000000001
468.58,501.11249999999995,1,43.59400000000005
468.5,502.57500000000005,1,43.596000000000004
468.42,501.75,1,43.597999999999956
468.74,501.7875,1,43.59999999999991
468.26,502.1625,1,43.60200000000032
468.41999999999996,502.65,1,43.60400000000027
468.5,502.01250000000005,1,43.60600000000022
468.62,502.65,1,43.608000000000175
468.86,502.9875,1,43.61000000000013
468.53999999999996,502.8,1,43.61200000000008
468.29999999999995,503.4375,1,43.61400000000003
468.5,503.55,1,43.615999999999985
468.02,504.1875,1,43.61799999999994
468.14,503.2875,1,43.620000000000346
468.58,503.9625,1,43.6220000000003
468.38,503.6625,1,43.62400000000025
468.46000000000004,503.85,1,43.626000000000204
468.86,504.0375,1,43.628000000000156
468.22,504.225,1,43.63000000000011
469.06,503.4375,1,43.63200000000006
468.41999999999996,504.15,1,43.634000000000015
468.5,503.7375,1,43.63599999999997
468.22,504.7875,1,43.63799999999992
468.1,503.8875,1,43.64000000000033
468.29999999999995,503.47499999999997,1,43.64200000000028
467.78,503.25,1,43.64400000000023
467.82,502.8375,1,43.646000000000186
467.9,502.9125,1,43.64800000000014
467.74,502.8375,1,43.65000000000009
468.14,502.42499999999995,1,43.652000000000044
467.78,502.0875,1,43.653999999999996
467.70000000000005,502.27500000000003,1,43.65599999999995
467.41999999999996,501.5625,1,43.6579999999999
467.38,501.075,1,43.66000000000031
467.34000000000003,501.07500000000005,1,43.66200000000026
467.53999999999996,499.9875,1,43.664000000000215
466.34000000000003,499.5375,1,43.66600000000017
467.06,500.4,1,43.66800000000012
466.58,500.2125,1,43.67000000000007
467.05999999999995,499.125,1,43.672000000000025
466.65999999999997,499.8375,1,43.67399999999998
466.29999999999995,499.8375,1,43.67599999999993
466.41999999999996,499.725,1,43.67800000000034
466.41999999999996,499.875,1,43.68000000000029
466.26,500.2875,1,43.682000000000244
466.41999999999996,499.65,1,43.6840000000002
466.22,500.1,1,43.68600000000015
466.7,500.475,1,43.6880000000001
466.17999999999995,500.6625,1,43.690000000000055
465.7,500.4375,1,43.69200000000001
466.22,500.7,1,43.69399999999996
466.38,501.0375,1,43.69599999999991
466.5,500.025,1,43.69800000000032
465.9,500.4,1,43.70000000000027
466.58000000000004,500.775,1,43.702000000000226
466.34000000000003,500.9625,1,43.70400000000018
466.26,501.675,1,43.70600000000013
466.54,501.4125,1,43.708000000000084
466.70000000000005,501.5625,1,43.710000000000036
466.74,502.0875,1,43.71199999999999
466.38,501.9,1,43.71399999999994
466.78,501.5625,1,43.71600000000035
467.22,501.6,1,43.7180000000003
467.42,502.125,1,43.720000000000255
467.41999999999996,501.29999999999995,1,43.72200000000021
467.58000000000004,502.125,1,43.72400000000016
467.74,501.86249999999995,1,43.72600000000011
467.46000000000004,501.4125,1,43.728000000000065
467.53999999999996,502.2,1,43.73000000000002
467.9,501.7125,1,43.73199999999997
467.7,501.375,1,43.733999999999924
468.02,501.75,1,43.73600000000033
467.82,500.475,1,43.738000000000284
468.06,500.325,1,43.74000000000024
467.9,500.6625,1,43.74200000000019
467.9,500.54999999999995,1,43.74400000000014
467.82,500.925,1,43.746000000000095
467.9,501.26250000000005,1,43.74800000000005
467.98,500.475,1,43.75
468.14,500.54999999999995,1,43.75199999999995
468.18,500.25,1,43.753999999999905
468.18,500.55,1,43.75600000000031
468.22,500.475,1,43.758000000000266
468.06,499.875,1,43.76000000000022
467.98,499.98749999999995,1,43.76200000000017
467.78,500.32500000000005,1,43.764000000000124
467.82,500.4375,1,43.766000000000076
466.14,500.6625,1,43.76800000000003
462.74,502.425,1,43.76999999999998
456.22,504.0,1,43.771999999999935
449.34000000000003,505.65,1,43.77400000000034
438.74,507.5625,1,43.776000000000295
427.26,510.7875,1,43.77800000000025
414.06,512.8125,1,43.7800000000002
401.26,514.125,1,43.78200000000015
388.46000000000004,516.3375000000001,1,43.784000000000106
374.62,516.9749999999999,1,43.78600000000006
362.26,520.725,1,43.78800000000001
347.5,523.3125,1,43.789999999999964
335.18,526.8,1,43.791999999999916
324.53999999999996,529.8,1,43.794000000000324
313.9,532.8,1,43.79600000000028
305.78,533.85,1,43.79800000000023
298.34000000000003,534.4124999999999,1,43.80000000000018
293.18,534.8625,1,43.802000000000135
290.82,534.5250000000001,1,43.80400000000009
290.02,534.6375,1,43.80600000000004
290.94,533.0625,1,43.80799999999999
292.02,532.8375000000001,1,43.809999999999945
292.86,531.975,1,43.8119999999999
293.34,531.8625,1,43.814000000000306
293.26,531.2249999999999,1,43.81600000000026
293.22,531.15,1,43.81800000000021
293.62,531.2249999999999,1,43.820000000000164
293.34000000000003,530.9625,1,43.822000000000116
293.29999999999995,530.8125,1,43.82400000000007
293.62,530.9625000000001,1,43.82600000000002
293.65999999999997,529.875,1,43.827999999999975
293.65999999999997,529.875,1,43.82999999999993
293.46000000000004,529.6875,1,43.832000000000335
293.18,529.6875,1,43.83400000000029
292.58000000000004,529.425,1,43.83600000000024
292.65999999999997,529.0875000000001,1,43.83800000000019
293.06,528.9375,1,43.840000000000146
293.14,528.7875,1,43.8420000000001
292.62,527.775,1,43.84400000000005
292.62,527.5875,1,43.846000000000004
292.53999999999996,527.8125,1,43.847999999999956
292.06,526.7625,1,43.84999999999991
292.58,526.8,1,43.85200000000032
293.14,526.5,1,43.85400000000027
292.62,526.1625,1,43.85600000000022
292.34000000000003,525.8625,1,43.858000000000175
292.34000000000003,525.9375,1,43.86000000000013
292.34,526.0125,1,43.86200000000008
291.7,526.0125,1,43.86400000000003
291.94000000000005,525.9749999999999,1,43.865999999999985
291.94,525.5625,1,43.86799999999994
291.74,526.125,1,43.870000000000346
291.82,525.7875,1,43.8720000000003
291.14,526.0875000000001,1,43.87400000000025
291.58,525.7875,1,43.876000000000204
291.74,525.975,1,43.878000000000156
291.14,525.8625,1,43.88000000000011
291.29999999999995,525.2625,1,43.88200000000006
291.14,525.0375,1,43.884000000000015
291.3,525.675,1,43.88599999999997
290.94,525.5625,1,43.88799999999992
290.78,525.4875,1,43.89000000000033
291.26,525.1125,1,43.89200000000028
290.53999999999996,524.8125,1,43.89400000000023
291.38,524.775,1,43.896000000000186
291.74,525.0,1,43.89800000000014
290.86,524.7375,1,43.90000000000009
291.22,524.5125,1,43.902000000000044
291.1,523.875,1,43.903999999999996
291.34,524.0625,1,43.90599999999995
291.14,522.7875,1,43.9079999999999
291.46000000000004,523.5375,1,43.91000000000031
291.22,523.425,1,43.91200000000026
291.65999999999997,524.175,1,43.914000000000215
291.22,524.1,1,43.91600000000017
291.65999999999997,523.4625,1,43.91800000000012
291.18,523.6500000000001,1,43.92000000000007
291.65999999999997,524.25,1,43.922000000000025
291.7,523.5,1,43.92399999999998
291.65999999999997,523.6875,1,43.92599999999993
291.98,523.125,1,43.92800000000034
291.86,523.2750000000001,1,43.93000000000029
292.17999999999995,523.425,1,43.932000000000244
291.53999999999996,524.1,1,43.9340000000002
292.34000000000003,524.175,1,43.93600000000015
291.94,523.5,1,43.9380000000001
292.26,523.575,1,43.940000000000055
292.58000000000004,523.5,1,43.94200000000001
292.58,523.2,1,43.94399999999996
292.58000000000004,524.0625,1,43.94599999999991
292.46000000000004,523.4625,1,43.94800000000032
292.29999999999995,524.0625,1,43.95000000000027
292.82000000000005,523.5,1,43.952000000000226
292.94,524.025,1,43.95400000000018
293.42,522.675,1,43.95600000000013
292.78,522.825,1,43.958000000000084
292.78,521.8875,1,43.960000000000036
292.94,522.225,1,43.96199999999999
292.70000000000005,521.6625,1,43.96399999999994
292.94,521.5875,1,43.96600000000035
293.14,521.625,1,43.9680000000003
293.14,521.5125,1,43.970000000000255
292.53999999999996,521.5125,1,43.97200000000021
292.65999999999997,521.8125,1,43.97400000000016
292.5,521.025,1,43.97600000000011
293.02,520.9875,1,43.978000000000065
292.62,520.6875,1,43.98000000000002
292.82,520.875,1,43.98199999999997
292.53999999999996,519.975,1,43.983999999999924
292.94,520.575,1,43.98600000000033
292.94,520.0125,1,43.988000000000284
292.34000000000003,520.275,1,43.99000000000024
291.78,520.5,1,43.99200000000019
290.53999999999996,521.5125,1,43.99400000000014
286.5,523.275,1,43.996000000000095
279.58000000000004,524.8125,1,43.99800000000005
270.74,528.7125,1,44.0
258.34000000000003,532.575,1,44.00199999999995
242.78,537.45,1,44.003999999999905
227.3,545.475,1,44.00600000000031
210.26,549.975,1,44.008000000000266
193.06,556.2375,1,44.01000000000022
176.34,562.6875,1,44.01200000000017
160.82,566.8125,1,44.014000000000124
143.94,570.825,1,44.016000000000076
129.57999999999998,575.4375,1,44.01800000000003
113.66,580.9125,1,44.01999999999998
99.02000000000001,585.9000000000001,1,44.021999999999935
86.25999999999999,588.7125,1,44.02400000000034
72.06,591.3375,1,44.026000000000295
61.739999999999995,593.4375,1,44.02800000000025
52.26,596.325,1,44.0300000000002
43.22,597.6375,1,44.03200000000015
36.260000000000005,598.7625,1,44.034000000000106
29.82,598.6875,1,44.03600000000006
25.22,599.8125,1,44.03800000000001
22.020000000000003,598.8,1,44.039999999999964
19.939999999999998,597.4125,1,44.041999999999916
19.9,596.7,1,44.044000000000324
19.86,596.2874999999999,1,44.04600000000028
20.82,595.2375,1,44.04800000000023
21.060000000000002,594.9375,1,44.05000000000018
21.22,593.325,1,44.052000000000135
21.78,592.4625,1,44.05400000000009
21.86,593.325,1,44.05600000000004
21.74,592.65,1,44.05799999999999
21.7,592.0875,1,44.059999999999945
21.58,592.5,1,44.0619999999999
22.02,592.2750000000001,1,44.064000000000306
21.66,591.6375,1,44.06600000000026
21.7,591.4875,1,44.06800000000021
21.979999999999997,591.075,1,44.070000000000164
21.58,590.5125,1,44.072000000000116
21.34,591.0375,1,44.07400000000007
21.259999999999998,589.6125,1,44.07600000000002
21.34,590.2125,1,44.077999999999975
21.619999999999997,589.9875,1,44.07999999999993
21.42,589.575,1,44.082000000000335
21.700000000000003,589.2375,1,44.08400000000029
21.66,589.3125,1,44.08600000000024
21.259999999999998,588.4875,1,44.08800000000019
21.66,588.6,1,44.090000000000146
21.46,588.9000000000001,1,44.0920000000001
21.42,588.5625,1,44.09400000000005
21.58,588.5625,1,44.096000000000004
21.18,588.2625,1,44.097999999999956
21.62,588.525,1,44.09999999999991
21.34,588.1125,1,44.10200000000032
21.1,587.55,1,44.10400000000027
21.06,587.2874999999999,1,44.10600000000022
20.700000000000003,587.475,1,44.108000000000175
20.14,587.2125000000001,1,44.11000000000013
20.700000000000003,586.875,1,44.11200000000008
20.259999999999998,586.65,1,44.11400000000003
20.299999999999997,586.2,1,44.115999999999985
20.060000000000002,585.375,1,44.11799999999994
20.22,585.5625,1,44.120000000000346
19.7,585.4124999999999,1,44.1220000000003
20.3,585.7875,1,44.12400000000025
20.22,585.9,1,44.126000000000204
20.299999999999997,584.85,1,44.128000000000156
19.979999999999997,584.55,1,44.13000000000011
19.5,584.5125,1,44.13200000000006
19.82,584.55,1,44.134000000000015
19.78,584.55,1,44.13599999999997
19.22,584.6624999999999,1,44.13799999999992
19.78,585.1125,1,44.14000000000033
18.939999999999998,584.4,1,44.14200000000028
18.979999999999997,584.475,1,44.14400000000023
19.42,584.85,1,44.146000000000186
19.18,583.5374999999999,1,44.14800000000014
19.22,583.7625,1,44.15000000000009
18.7,584.1,1,44.152000000000044
19.060000000000002,583.3875,1,44.153999999999996
18.78,583.7249999999999,1,44.15599999999995
19.020000000000003,583.725,1,44.1579999999999
18.42,583.125,1,44.16000000000031
18.58,583.425,1,44.16200000000026
18.740000000000002,583.725,1,44.164000000000215
18.66,583.125,1,44.16600000000017
19.1,582.8625,1,44.16800000000012
19.5,582.825,1,44.17000000000007
19.22,582.7875,1,44.172000000000025
19.42,582.7125000000001,1,44.17399999999998
19.5,582.15,1,44.17599999999993
19.86,581.925,1,44.17800000000034
19.700000000000003,582.45,1,44.18000000000029
19.46,582.1500000000001,1,44.182000000000244
19.7,581.85,1,44.1840000000002
19.5,581.625,1,44.18600000000015
19.619999999999997,581.1375,1,44.1880000000001
19.740000000000002,581.925,1,44.190000000000055
19.58,581.25,1,44.19200000000001
19.700000000000003,581.1375,1,44.19399999999996
19.9,581.4,1,44.19599999999991
19.5,581.8125,1,44.19800000000032
19.5,581.5125,1,44.20000000000027
19.82,581.55,1,44.202000000000226
19.259999999999998,580.9875,1,44.20400000000018
19.9,581.4,1,44.20600000000013
20.18,580.65,1,44.208000000000084
19.78,580.725,1,44.210000000000036
20.18,580.6125,1,44.21199999999999
19.62,580.3875,1,44.21399999999994
20.5,580.6875,1,44.21600000000035
20.58,579.825,1,44.2180000000003
20.299999999999997,580.2,1,44.220000000000255
20.54,580.125,1,44.22200000000021
20.740000000000002,580.3125,1,44.22400000000016
20.66,579.4875,1,44.22600000000011
20.54,578.25,1,44.228000000000065
20.979999999999997,578.925,1,44.23000000000002
20.86,579.0,1,44.23199999999997
20.9,579.1125,1,44.233999999999924
21.14,578.8125,1,44.23600000000033
21.06,578.325,1,44.238000000000284
21.259999999999998,578.85,1,44.24000000000024
21.299999999999997,578.4375,1,44.24200000000019
21.34,577.875,1,44.24400000000014
21.259999999999998,578.625,1,44.246000000000095
21.619999999999997,577.6125,1,44.24800000000005
21.78,578.925,1,44.25
21.58,578.325,1,44.25199999999995
21.34,578.025,1,44.253999999999905
21.78,577.425,1,44.25600000000031
21.7,578.4,1,44.258000000000266
21.34,578.1375,1,44.26000000000022
21.98,578.5875,1,44.26200000000017
21.94,578.5125,1,44.264000000000124
21.9,578.4375,1,44.266000000000076
22.34,578.625,1,44.26800000000003
22.06,579.5625,1,44.26999999999998
21.9,578.8875,1,44.271999999999935
22.58,578.2875,1,44.27400000000034
21.86,577.9875,1,44.276000000000295
22.5,578.4749999999999,1,44.27800000000025
22.02,577.6125,1,44.2800000000002
22.54,578.025,1,44.28200000000015
22.58,577.4625,1,44.284000000000106
22.5,577.2750000000001,1,44.28600000000006
22.62,577.6875,1,44.28800000000001
23.18,578.325,1,44.289999999999964
23.939999999999998,578.175,1,44.291999999999916
23.259999999999998,577.4625000000001,1,44.294000000000324
23.5,576.675,1,44.29600000000028
23.939999999999998,577.4625,1,44.29800000000023
23.82,578.4375,1,44.30000000000018
23.82,577.3875,1,44.302000000000135
24.14,577.2,1,44.30400000000009
24.14,578.175,1,44.30600000000004
24.14,577.575,1,44.30799999999999
24.42,577.1625,1,44.309999999999945
24.700000000000003,577.9124999999999,1,44.3119999999999
24.34,577.5375,1,44.314000000000306
24.54,577.0875,1,44.31600000000026
24.78,577.4625,1,44.31800000000021
24.7,577.05,1,44.320000000000164
24.62,577.05,1,44.322000000000116
24.1,577.3499999999999,1,44.32400000000007
24.380000000000003,577.2375,1,44.32600000000002
24.82,578.1,1,44.327999999999975
24.54,577.875,1,44.32999999999993
24.259999999999998,577.3875,1,44.332000000000335
24.22,577.425,1,44.33400000000029
24.22,577.6125,1,44.33600000000024
24.060000000000002,576.75,1,44.33800000000019
24.1,576.9000000000001,1,44.340000000000146
23.86,577.5,1,44.3420000000001
24.22,577.05,1,44.34400000000005
23.740000000000002,577.2750000000001,1,44.346000000000004
24.060000000000002,577.2,1,44.347999999999956
23.7,577.2,1,44.34999999999991
23.02,576.7874999999999,1,44.35200000000032
23.38,576.675,1,44.35400000000027
23.78,576.6,1,44.35600000000022
23.02,577.275,1,44.358000000000175
23.7,576.6375,1,44.36000000000013
23.54,576.4875,1,44.36200000000008
23.46,575.6624999999999,1,44.36400000000003
23.58,576.6375,1,44.365999999999985
23.740000000000002,576.15,1,44.36799999999994
23.740000000000002,576.075,1,44.370000000000346
23.3,575.5875,1,44.3720000000003
23.58,576.4125,1,44.37400000000025
23.86,575.85,1,44.376000000000204
23.58,576.1125,1,44.378000000000156
23.18,575.2125,1,44.38000000000011
23.38,575.8125,1,44.38200000000006
23.380000000000003,575.5875000000001,1,44.384000000000015
23.46,575.55,1,44.38599999999997
23.740000000000002,576.225,1,44.38799999999992
23.5,576.1500000000001,1,44.39000000000033
23.46,575.25,1,44.39200000000028
24.619999999999997,576.1125,1,44.39400000000023
26.939999999999998,576.525,1,44.396000000000186
30.660000000000004,576.4875,1,44.39800000000014
37.379999999999995,577.0875000000001,1,44.40000000000009
46.18,577.05,1,44.402000000000044
55.78,576.375,1,44.403999999999996
66.02000000000001,575.4375,1,44.40599999999995
77.1,573.2625,1,44.4079999999999
89.62,571.725,1,44.41000000000031
101.5,569.25,1,44.41200000000026
113.18,569.9625,1,44.414000000000215
125.25999999999999,568.275,1,44.41600000000017
136.66,566.4375,1,44.41800000000012
147.98000000000002,566.3625,1,44.42000000000007
160.22,566.925,1,44.422000000000025
171.26,566.7375,1,44.42399999999998
182.14,566.55,1,44.42599999999993
190.78,566.7,1,44.42800000000034
199.06,565.425,1,44.43000000000029
205.45999999999998,564.1125,1,44.432000000000244
208.5,563.8875,1,44.4340000000002
211.94,565.125,1,44.43600000000015
213.9,564.1875,1,44.4380000000001
215.38,563.6625,1,44.440000000000055
215.62,565.0125,1,44.44200000000001
214.7,564.3,1,44.44399999999996
213.86,564.075,1,44.44599999999991
212.66,563.7,1,44.44800000000032
212.5,563.2874999999999,1,44.45000000000027
211.94,562.9875,1,44.452000000000226
211.74,562.3875,1,44.45400000000018
211.74,562.2,1,44.45600000000013
211.78,561.9000000000001,1,44.458000000000084
211.9,562.35,1,44.460000000000036
212.22000000000003,562.2375,1,44.46199999999999
212.14,561.7875,1,44.46399999999994
211.86,561.675,1,44.46600000000035
212.22,560.7750000000001,1,44.4680000000003
212.3,560.3625,1,44.470000000000255
212.5,560.175,1,44.47200000000021
212.89999999999998,559.8,1,44.47400000000016
212.82,559.575,1,44.47600000000011
212.54,558.7875,1,44.478000000000065
211.86,557.2875,1,44.48000000000002
211.86,558.3,1,44.48199999999997
212.34,557.5125,1,44.483999999999924
212.5,557.5125,1,44.48600000000033
212.5,557.0250000000001,1,44.488000000000284
212.38,557.25,1,44.49000000000024
212.1,556.6125,1,44.49200000000019
211.9,556.8,1,44.49400000000014
211.86,556.7625,1,44.496000000000095
212.01999999999998,556.3875,1,44.49800000000005
211.58,556.125,1,44.5
211.66000000000003,556.575,1,44.50199999999995
211.74,556.4625,1,44.503999999999905
211.66,556.6125,1,44.50600000000031
211.7,556.8,1,44.508000000000266
211.78,556.5374999999999,1,44.51000000000022
211.34,557.0625,1,44.51200000000017
210.7,556.9875,1,44.514000000000124
211.18,556.6875,1,44.516000000000076
211.01999999999998,557.4749999999999,1,44.51800000000003
211.18,556.8375,1,44.51999999999998
211.14,557.8499999999999,1,44.521999999999935
211.38,557.6625,1,44.52400000000034
211.01999999999998,557.2875,1,44.526000000000295
211.1,557.5125,1,44.52800000000025
211.02,557.775,1,44.5300000000002
210.86,556.7625,1,44.53200000000015
211.3,557.2125000000001,1,44.534000000000106
211.18,556.6875,1,44.53600000000006
211.06,556.275,1,44.53800000000001
211.5,555.8625,1,44.539999999999964
211.66,555.675,1,44.541999999999916
211.1,555.6,1,44.544000000000324
211.22,556.0125,1,44.54600000000028
211.22,555.6,1,44.54800000000023
211.1,555.825,1,44.55000000000018
210.66,554.8499999999999,1,44.552000000000135
210.98,554.3625,1,44.55400000000009
211.06,555.15,1,44.55600000000004
211.3,555.0375,1,44.55799999999999
210.78,554.6625,1,44.559999999999945
210.42000000000002,554.4000000000001,1,44.5619999999999
210.5,553.2375,1,44.564000000000306
210.74,553.8375,1,44.56600000000026
210.02,554.175,1,44.56800000000021
210.42,553.5,1,44.570000000000164
209.82,553.0875000000001,1,44.572000000000116
210.34,552.75,1,44.57400000000007
209.78,552.9000000000001,1,44.57600000000002
210.01999999999998,552.5625,1,44.577999999999975
209.78,552.2625,1,44.57999999999993
209.86,552.7875,1,44.582000000000335
210.18,552.2625,1,44.58400000000029
209.98000000000002,552.225,1,44.58600000000024
209.86,551.8875,1,44.58800000000019
210.38,552.7874999999999,1,44.590000000000146
209.82,552.075,1,44.5920000000001
210.1,552.7125,1,44.59400000000005
210.26,552.15,1,44.596000000000004
210.45999999999998,552.7125000000001,1,44.597999999999956
210.66,551.925,1,44.59999999999991
210.22,552.2625,1,44.60200000000032
210.54000000000002,552.0375,1,44.60400000000027
210.7,553.0125,1,44.60600000000022
210.66,552.45,1,44.608000000000175
210.78,552.2625,1,44.61000000000013
210.78,553.05,1,44.61200000000008
211.22000000000003,552.825,1,44.61400000000003
211.14,552.5625,1,44.615999999999985
211.22000000000003,552.975,1,44.61799999999994
212.01999999999998,553.575,1,44.620000000000346
211.57999999999998,553.125,1,44.6220000000003
211.66,552.2625,1,44.62400000000025
212.26,553.4625,1,44.626000000000204
211.77999999999997,552.825,1,44.628000000000156
211.66000000000003,554.0250000000001,1,44.63000000000011
212.3,553.3125,1,44.63200000000006
211.78,553.125,1,44.634000000000015
212.3,553.05,1,44.63599999999997
212.66000000000003,552.45,1,44.63799999999992
212.34,553.2,1,44.64000000000033
212.98000000000002,552.7875,1,44.64200000000028
212.9,552.375,1,44.64400000000023
212.57999999999998,552.45,1,44.646000000000186
213.18,551.7750000000001,1,44.64800000000014
213.18,551.8125,1,44.65000000000009
213.22,552.1875,1,44.652000000000044
212.94,552.0,1,44.653999999999996
213.01999999999998,551.5875000000001,1,44.65599999999995
213.34,551.8875,1,44.6579999999999
213.02,550.9125,1,44.66000000000031
212.98000000000002,552.3,1,44.66200000000026
213.78,551.625,1,44.664000000000215
213.82,551.1375,1,44.66600000000017
214.06,550.425,1,44.66800000000012
213.86,550.95,1,44.67000000000007
213.82,550.575,1,44.672000000000025
213.57999999999998,550.8375000000001,1,44.67399999999998
213.62,551.2874999999999,1,44.67599999999993
213.74,550.8375,1,44.67800000000034
213.57999999999998,550.9875,1,44.68000000000029
213.82,552.0,1,44.682000000000244
213.18,551.25,1,44.6840000000002
213.98,551.625,1,44.68600000000015
213.34,551.625,1,44.6880000000001
213.06,551.4,1,44.690000000000055
213.46,551.325,1,44.69200000000001
213.22,552.375,1,44.69399999999996
213.66000000000003,551.55,1,44.69599999999991
213.22,552.075,1,44.69800000000032
213.06,552.3,1,44.70000000000027
213.3,551.8125,1,44.702000000000226
213.62,551.4749999999999,1,44.70400000000018
213.7,552.225,1,44.70600000000013
213.54,552.5250000000001,1,44.708000000000084
213.38,552.1125,1,44.710000000000036
213.14,551.55,1,44.71199999999999
213.7,551.1,1,44.71399999999994
213.1,551.5125,1,44.71600000000035
213.01999999999998,551.5125,1,44.7180000000003
213.33999999999997,551.2125,1,44.720000000000255
213.34,551.0250000000001,1,44.72200000000021
213.14,550.6125,1,44.72400000000016
213.18,550.5375,1,44.72600000000011
213.10000000000002,550.1625,1,44.728000000000065
212.9,550.5374999999999,1,44.73000000000002
213.45999999999998,550.4625000000001,1,44.73199999999997
212.54,550.5375,1,44.733999999999924
213.1,549.975,1,44.73600000000033
212.86,549.675,1,44.738000000000284
213.14,550.0875,1,44.74000000000024
212.94,549.6,1,44.74200000000019
212.57999999999998,549.5999999999999,1,44.74400000000014
212.42000000000002,549.5999999999999,1,44.746000000000095
212.26,549.8625,1,44.74800000000005
212.66,550.0125,1,44.75
212.7,549.7125,1,44.75199999999995
212.66,549.3375,1,44.753999999999905
212.54,549.675,1,44.75600000000031
212.5,549.6375,1,44.758000000000266
212.22,549.5250000000001,1,44.76000000000022
212.06,549.975,1,44.76200000000017
212.5,549.3,1,44.764000000000124
212.62,549.3,1,44.766000000000076
212.54000000000002,549.75,1,44.76800000000003
212.22,550.425,1,44.76999999999998
212.45999999999998,549.3375,1,44.771999999999935
212.54000000000002,549.75,1,44.77400000000034
211.9,549.075,1,44.776000000000295
212.3,549.6,1,44.77800000000025
212.7,549.8625,1,44.7800000000002
212.22,549.225,1,44.78200000000015
212.78,548.8875,1,44.784000000000106
212.74,548.925,1,44.78600000000006
212.38,548.7,1,44.78800000000001
212.42000000000002,548.8125,1,44.789999999999964
212.66000000000003,548.25,1,44.791999999999916
212.82,548.0625,1,44.794000000000324
212.86,548.2125000000001,1,44.79600000000028
212.78,548.25,1,44.79800000000023
212.7,547.9875,1,44.80000000000018
212.82,548.3625,1,44.802000000000135
212.5,548.325,1,44.80400000000009
212.5,547.9875,1,44.80600000000004
212.62,548.4375,1,44.80799999999999
212.46,548.3625,1,44.809999999999945
212.5,548.4,1,44.8119999999999
212.62,548.3625,1,44.814000000000306
212.14,547.9875,1,44.81600000000026
212.22,548.85,1,44.81800000000021
212.42000000000002,548.5125,1,44.820000000000164
212.26,549.1875,1,44.822000000000116
212.82,548.9625000000001,1,44.82400000000007
212.45999999999998,549.5250000000001,1,44.82600000000002
212.62,549.7125,1,44.827999999999975
212.54000000000002,549.975,1,44.82999999999993
212.42000000000002,550.8375000000001,1,44.832000000000335
212.7,550.3125,1,44.83400000000029
212.78,550.2375,1,44.83600000000024
212.94,551.4,1,44.83800000000019
212.78,551.6625,1,44.840000000000146
212.86,551.1375,1,44.8420000000001
212.86,551.2875,1,44.84400000000005
213.1,550.6875,1,44.846000000000004
213.46,550.5375,1,44.847999999999956
213.38,551.2125000000001,1,44.84999999999991
213.22,551.2874999999999,1,44.85200000000032
213.1,550.3875,1,44.85400000000027
213.26,550.425,1,44.85600000000022
213.86,551.2125000000001,1,44.858000000000175
213.54,549.9375,1,44.86000000000013
213.58,549.825,1,44.86200000000008
213.62,550.575,1,44.86400000000003
213.62,550.575,1,44.865999999999985
213.74,549.75,1,44.86799999999994
213.62,550.2375,1,44.870000000000346
213.9,549.0375,1,44.8720000000003
213.86,549.3375000000001,1,44.87400000000025
214.06,549.4875,1,44.876000000000204
213.94,549.2249999999999,1,44.878000000000156
214.38,549.45,1,44.88000000000011
214.14,549.1125,1,44.88200000000006
214.3,549.0375,1,44.884000000000015
214.57999999999998,549.6,1,44.88599999999997
214.14,548.775,1,44.88799999999992
214.3,549.0375,1,44.89000000000033
214.26,549.1875,1,44.89200000000028
213.98000000000002,548.3625,1,44.89400000000023
214.26,548.2875,1,44.896000000000186
214.33999999999997,548.475,1,44.89800000000014
214.14,549.0375,1,44.90000000000009
213.98000000000002,548.7375,1,44.902000000000044
214.38,548.55,1,44.903999999999996
214.42000000000002,548.6625,1,44.90599999999995
214.34,547.9125,1,44.9079999999999
213.54,548.5875000000001,1,44.91000000000031
213.82,547.575,1,44.91200000000026
214.18,548.3625,1,44.914000000000215
213.9,548.325,1,44.91600000000017
214.14,548.6625,1,44.91800000000012
213.82,547.7249999999999,1,44.92000000000007
213.86,548.7,1,44.922000000000025
213.57999999999998,548.25,1,44.92399999999998
213.98000000000002,548.5125,1,44.92599999999993
213.78,549.0,1,44.92800000000034
213.57999999999998,548.325,1,44.93000000000029
213.86,549.1875,1,44.932000000000244
213.66,549.5625,1,44.9340000000002
213.45999999999998,548.85,1,44.93600000000015
213.58,549.45,1,44.9380000000001
213.45999999999998,549.7125,1,44.940000000000055
213.62,549.45,1,44.94200000000001
213.54000000000002,550.05,1,44.94399999999996
213.18,549.825,1,44.94599999999991
213.10000000000002,549.6375,1,44.94800000000032
213.22,549.5625,1,44.95000000000027
213.33999999999997,549.975,1,44.952000000000226
212.98000000000002,550.275,1,44.95400000000018
213.38,549.9375,1,44.95600000000013
213.3,550.2,1,44.958000000000084
213.34,550.6500000000001,1,44.960000000000036
213.26,549.9,1,44.96199999999999
213.57999999999998,549.825,1,44.96399999999994
213.45999999999998,549.3375000000001,1,44.96600000000035
213.3,549.4124999999999,1,44.9680000000003
213.86,549.2625,1,44.970000000000255
213.62,549.8625,1,44.97200000000021
213.66,549.45,1,44.97400000000016
213.9,549.525,1,44.97600000000011
213.66,549.375,1,44.978000000000065
213.74,549.1125,1,44.98000000000002
213.98000000000002,549.7874999999999,1,44.98199999999997
213.7,549.0374999999999,1,44.983999999999924
213.78,549.6375,1,44.98600000000033
213.94,549.525,1,44.988000000000284
214.06,549.6,1,44.99000000000024
214.34,549.6375,1,44.99200000000019
214.10000000000002,549.975,1,44.99400000000014
214.38,549.525,1,44.996000000000095
